166.6093142017853 145.70842023571 172.26256153179565 127.29385163833997 206.56990703665724 137.8257916807374 200.91675743113592 156.2402762469447 Oyster-SemiOpen 0
212.4513378679876 227.86217893823215 116.38913833231709 281.8495692360282 21.54776510569718 113.09906545513519 117.60532810224322 59.11331390338793 Oyster-Closed 0
241.5856669941495 149.61972051862517 275.6622994686695 134.76199103983114 303.3235669344176 198.20093221730687 269.24702204186906 213.05850613940643 Oyster-Closed 0
225.20437855468117 221.57254955634136 191.04542381103602 197.58693502142654 223.4761077399453 151.40436881682356 257.634616478892 175.38976166569364 Oyster-Closed 0
274.8015587204027 254.65141313379942 255.38770679683148 223.3707222620221 302.71421958672727 194.00095513691653 322.12803794561114 225.2813012306323 Oyster-Closed 0
307.46272225367284 182.85884948366058 370.1112290100682 194.7686128706438 353.7172467280361 280.99763449526665 291.0687968850507 269.088082803976 Oyster-Closed 0
348.8601620993759 183.21518407379352 407.0007942393531 180.61686467370626 411.52159599799415 281.766897641077 353.3809685684246 284.3651634276387 Oyster-Open 0
218.5853677228697 204.44728407692622 238.05676340515492 208.4413905744588 225.0739643614652 271.72698272416363 205.60258521675496 267.7329300692146 Oyster-SemiOpen 0
1.5174889999943844 130.41269899999986 72.65390032616415 129.5850905046086 75.91200287938773 409.598503524647 4.775591118777811 410.4260519416195 Oyster-Closed 0
248.41723488996286 367.4437799423218 202.06021940438586 359.155074817083 233.96835180151902 180.7386200212046 280.321329657585 189.02695106575015 Oyster-SemiOpen 0
116.56926797191409 378.2153946600582 62.88518984577604 339.4133066071663 122.80419022437854 256.5307521029415 176.48617034372 295.3317429401642 Oyster-Closed 0
341.6690696135083 355.31876089941676 350.43335187186676 327.79205118598037 410.12514835707043 346.7931945804175 401.36149203181776 374.31937144773934 Oyster-SemiOpen 0
293.6996231792873 387.5031707429598 283.72462579560306 342.77516398450746 346.5843375170771 328.7595203175313 356.5599743710809 373.4866155619213 Oyster-Closed 0
248.5685799787716 413.35446889367125 208.64845009482815 411.9480366943551 210.77840456917693 351.5358835844292 250.6968965156084 352.9422867245464 Oyster-Closed 0
400.38275946583235 414.9917639901059 370.0396119102006 417.7788409507549 365.717375425862 370.72875696558 396.05952731531943 367.9417263206985 Oyster-Open 0
250.0493487099884 55.92375801630676 287.64274023596226 44.45327339512934 307.4800018794522 109.46736348526903 269.88663437504874 120.93779178868749 Oyster-Closed 0
264.9211998922947 156.84133503621845 190.7090536089454 163.95702949637482 180.5757174693972 58.267698641321836 254.78643384448515 51.15207152958952 Oyster-Closed 0
216.67728732167598 296.2758140100463 172.90118542074197 307.31556638940043 154.39867274118296 233.95402857950833 198.1733257428241 222.91446579755365 Oyster-SemiOpen 0
196.96059255251384 415.9999648948014 149.75411412526228 416.94501343893523 147.53566416678586 306.0879421630682 194.73889493851675 305.1429256203458 Oyster-Closed 0
107.62221112734551 70.88325601066026 141.49505812792995 43.65493772195268 197.25542925242917 113.02172768871931 163.3827562298502 140.24984978663184 Oyster-Closed 0
416.00005365770994 416 391.4038619999883 416 391.40392208832054 409.65789299999994 416 409.65789299999994 Oyster-Closed 0
