165.00682614763355 151.40715624210924 172.37223071711924 133.70240360343917 205.73155221921115 147.57978139058608 198.36624804985695 165.28444844798858 Oyster-SemiOpen 0
203.3210146711972 236.89667220749845 103.16363761405592 282.1020864176948 23.448137777570082 105.48827822049631 123.60026722547991 60.28424957489014 Oyster-Closed 0
239.67055362055908 163.0155868040728 274.85446352815416 151.21055291676646 296.87122800061843 216.82594665373827 261.6873782627008 228.63084513217055 Oyster-Closed 0
216.93626398167908 232.68001961582175 184.9477493313825 205.41919440404013 221.3529537676768 162.70380694270892 253.34109236452423 189.9643662776447 Oyster-Closed 0
263.5170643320198 270.500389510686 247.17845967567337 237.31722205084088 296.90086325366065 212.83759900294564 313.2395413694576 246.02037423944597 Oyster-Closed 0
302.40941635742274 202.4553571318564 364.07263219983724 219.96217151384332 340.11516843601567 304.3369477577943 278.45208833264405 286.8304731629089 Oyster-Closed 0
343.74486838502344 206.94319295881004 402.04966762075856 209.42793364785155 397.73983936395234 310.54782959139385 339.4350427576537 308.0631459011879 Oyster-Open 0
211.81748966282976 215.03028052107277 230.95818978030002 220.76757458216983 212.45494834909186 282.4914731519717 193.31428331245115 276.7542597545323 Oyster-SemiOpen 0
0 119.886257 54.379064 119.886257 54.379064 402.525806 0 402.525806 Oyster-Closed 0
227.45418059347503 379.83691281908534 181.78282589006994 367.41302202326 229.19067676119812 193.1743101981107 274.8580181230682 205.59761850659726 Oyster-SemiOpen 0
94.80657515229905 377.71063863698095 44.646182571028476 333.7505292668492 111.69084575331726 257.26505350252916 161.84961296282927 301.2239423791347 Oyster-Closed 0
321.43785051922896 377.135259947708 332.755681414259 350.7003647988544 390.7406678026455 375.51982677607685 379.42348807603776 401.9541696282106 Oyster-SemiOpen 0
270.43336485757027 404.5020178669274 264.93898034840095 358.9681693792492 329.25475130437917 351.20919293463885 334.7499774547505 396.74205695333126 Oyster-Closed 0
189.7359404822164 360.4473284430888 228.94071329517828 362.4573410851921 226.12850683255238 417.29449571280173 186.9237372434145 415.2845209526971 Oyster-Closed 0
347.4940970000134 415.99999999999017 347.4944585323501 395.07731973742784 374.8650241045689 395.07769556662026 374.8648669986942 416.00017365009455 Oyster-Open 0
256.2262959796062 70.53677821397125 294.66116189172317 62.38018995242476 308.85680159475305 129.27087325924464 270.4219504106113 137.4274127696834 Oyster-Closed 0
262.24367545658606 171.97508344795483 187.53543371807245 172.61039692524906 186.63243239292206 66.32820803099611 261.33906149616087 65.6929012613668 Oyster-Closed 0
201.87623020381216 305.84296937133564 157.29531209656125 313.04155300425 145.23089067935143 238.3320745321683 189.81025088156457 231.13361778223157 Oyster-SemiOpen 0
172.01558819410275 418.2926415945524 124.79214159384719 415.0537110939032 132.04744044941253 309.3200246438375 179.2677234889161 312.55884697091614 Oyster-Closed 0
112.70708656514034 71.21127074516386 148.7238491660355 47.21991620171349 198.41369866603054 121.81533014943724 162.39708095456808 145.8065015974751 Oyster-Closed 0
