147.87301481895702 158.64869660535575 151.75511000077677 139.60287388181763 186.61562938175848 146.70816914623845 182.73363914494985 165.75389909532763 Oyster-SemiOpen 0
199.778407053298 237.08820001862352 106.85664039736366 299.20963773408295 0 139.32075862847842 92.87823635316818 77.20137141717935 Oyster-Closed 0
222.49539557863682 154.66091368252185 255.7804634169188 137.07674076344767 287.9778075399263 198.0201281749339 254.69286255882253 215.60411554521488 Oyster-Closed 0
211.31308710355006 228.74558709423326 175.7927614980108 207.7765668472105 204.90390791261234 158.46793408095516 240.42369440478433 179.43675030072308 Oyster-Closed 0
263.27032985506594 256.6555992609749 241.37762270665553 227.59122855348807 286.6331949914711 193.50569829726007 308.52576949588183 222.56974230407613 Oyster-Closed 0
290.8215486137087 181.29676498782678 353.94582118879407 188.72632874804572 343.71276602410217 275.66271145921894 280.5885145838256 268.23327751460863 Oyster-Closed 0
332.0123431478132 177.39753437607496 390.02150858072855 170.7194754570346 401.59774857370576 271.2690667829428 343.58860892050507 277.9469926686239 Oyster-Open 0
203.63396692997776 211.97015453560738 223.2665573511622 214.56618467599722 214.7713332140338 278.80528328999355 195.13875010157426 276.20928931679634 Oyster-SemiOpen 0
0 206.687839 72.515009 206.687839 72.515009 416 0 416 Oyster-Closed 0
244.7009175948151 372.55559394682206 198.01524715068444 367.57253230608626 217.38562800806176 186.1427300310881 264.06706151770413 191.12556072155158 Oyster-SemiOpen 0
113.87941426918769 395.94390485734505 57.96489791112617 361.92449707637905 111.90195602160384 273.2942470247339 167.81390598315193 307.3126427127256 Oyster-Closed 0
338.01730035324726 352.5829044554818 343.0917723013117 323.6461291392878 400.76269813251565 333.75724048414804 395.68880377202004 362.6935057626697 Oyster-SemiOpen 0
292.0190630133511 387.29655913719523 277.8297162869385 343.97701610664427 339.0713926806311 323.921596633079 353.2611939433409 367.240262651988 Oyster-Closed 0
206.62755600002492 359.7660229999998 247.06689192828344 359.38756164472636 247.59653006571534 415.9659129127186 207.15719414119303 416.3443669343182 Oyster-Closed 0
393.4703055503451 408.6250841591223 364.6376608037026 406.9462173504142 367.4928197767913 357.93571509187393 396.32450326188336 359.61455366870473 Oyster-Open 0
282.88550963134185 109.82666545296387 243.32424544535024 120.95441865056057 225.87168306352396 58.907485816068096 265.43259488383774 47.77978464022651 Oyster-Closed 0
246.6057822726434 160.5803221990489 172.7234516792887 172.94367206271858 155.29758163739461 68.80639598192123 229.17841831137775 56.443171001812225 Oyster-Closed 0
208.30037822025406 304.55055901714803 165.04717912367414 318.828801584971 141.4148797779235 247.24716136436754 184.66664132215737 232.96917368264715 Oyster-SemiOpen 0
195.86004154975672 415.99824656333766 148.73348233586512 420.19164975736203 139.80180014604775 319.8241693928612 186.92535759981547 315.63089892941827 Oyster-Closed 0
83.57111469945085 89.69413424582976 115.60928109412998 59.3099729320092 176.02543374395827 123.01394312047258 143.98750844119422 153.39785509505003 Oyster-Closed 0
