223.67107742986263 144.42365285469396 213.14391708117546 162.4581027184235 166.08142767682511 134.98732499633144 176.6085878981503 116.95299392898215 Oyster-SemiOpen 0
248.587528298307 162.84862529398885 289.6559695818869 134.42306596871703 330.5974088483563 193.57123025412892 289.5292308912685 221.9964675108724 Oyster-Closed 0
86.39548675908736 58.09320482735223 181.26804999823435 52.650592070704015 193.50223111689775 265.90230439112395 98.62970056348422 271.3447465444666 Oyster-Closed 0
224.723968860475 235.10933303576996 179.1287387618504 188.57890018875213 227.79344867459804 140.8957838392431 273.38821633731277 187.42571466543336 Oyster-Closed 0
388.04756801899566 270.84847345678213 320.28681374631196 312.40938060627576 269.7928075387863 230.09120363823965 337.55140039220714 188.53115424740201 Oyster-Closed 0
249.30349702262174 280.72480795171845 227.4776157214801 281.3699068035144 225.4545636803814 212.920311540201 247.27979385263825 212.27522233894118 Oyster-SemiOpen 0
416.0011444760203 320.5840999999999 364.85264529420965 320.5841 364.8537553448914 216.39290900000006 415.9997347891367 216.39290900000006 Oyster-Closed 0
169.27599277342597 226.9478567643083 217.79181927431637 225.04995176116438 221.25068818772343 313.4580279306134 172.7348641151293 315.35589311112307 Oyster-SemiOpen 0
9.088837089879235 119.9369687991258 63.18607420999615 115.83838878330087 83.72793618329524 386.9423603046474 29.630720201297663 391.0406716829252 Oyster-Closed 0
255.26736960083508 372.43457289937874 212.4684214960398 361.5801645110105 255.2201981712933 193.04416303052815 298.0156639819761 203.8981122215995 Oyster-SemiOpen 0
184.99902407735135 343.59263823362977 115.98133406189663 358.97777323824795 97.3159007657996 275.2542367632658 166.3304592465356 259.86946647786954 Oyster-Closed 0
349.8842637706002 365.48481256992596 363.1100928540145 343.2206070966889 417.4583159401227 375.49795668009045 404.23301636315955 397.7617020242635 Oyster-SemiOpen 0
380.00979049628586 358.0007403001629 373.05800440508756 404.50794670991525 287.35916962874035 391.69937074861605 294.3120453480551 345.1935042619061 Oyster-Closed 0
152.12125858209038 307.2650724426017 210.8056749690477 300.2995749799974 224.42794039355795 415.04336880851747 165.74357042652628 422.00861121225296 Oyster-Closed 0
380.84628299998803 416.00000000001626 380.8466194072498 388.4457516247278 402.0734478017912 388.4460216188039 402.07331855560915 416.0000634389497 Oyster-Open 0
122.98127658842714 60.825170681264446 153.82764431297983 39.279560568271606 208.46044988065842 117.4952803572654 177.61421345166673 139.04072917957288 Oyster-Closed 0
235.09046502923593 50.68899216156254 308.2751725201597 89.38899949385939 262.6684947619433 175.63264157127674 189.48402480573714 136.93300245026063 Oyster-Closed 0
