217.98562311636852 157.83386767682964 207.6159706374092 175.47487611372617 159.76668520717067 147.34932705157328 170.1363345788377 129.70845046222425 Oyster-SemiOpen 0
243.23505442561145 176.63076865703448 282.83817534973787 148.26805372728876 325.5509383794197 207.90486966015897 285.9481127022591 236.26723120170217 Oyster-Closed 0
78.14866052022262 70.73845369449921 171.94033923561074 62.11794165387515 191.69169056042665 277.0049411243567 97.9000797791632 285.62516012326535 Oyster-Closed 0
221.89859465755217 248.48397605465854 174.5719458827807 201.65135335933783 221.34129299196866 154.39263124728583 268.66741234125584 201.2247237387549 Oyster-Closed 0
385.2508168795539 285.7503164875549 319.88841079249323 327.5282210069788 266.6583057318858 244.25688003042 332.0185003372426 202.4799115349009 Oyster-Closed 0
247.86248471074214 293.8422007851934 226.23789084683813 295.233668832468 221.86284406023697 227.24528626525574 243.48676253177837 225.85384005439346 Oyster-SemiOpen 0
416.0011771175814 336.101965 363.02917739971963 336.10196499999995 363.03034495280735 231.61122700000007 415.99957267670106 231.61122700000007 Oyster-Closed 0
162.75390233370126 243.72529500764807 209.52419108194226 234.85272236878978 226.34210925268417 323.4942091417191 179.5718771722095 332.36658246369655 Oyster-SemiOpen 0
7.587384705391742 130.2632251167075 69.74445492168525 126.64360866968221 85.62060497413768 399.24215371251427 23.46354812489517 402.8615221435695 Oyster-Closed 0
257.2300388641597 385.7518126880527 213.8492810900425 376.324823224139 250.65154804901977 207.00829168426154 294.02856592653916 216.43486352333292 Oyster-SemiOpen 0
185.61495225410908 354.71599498679024 118.17022656101472 371.954842712681 96.87958665108818 288.66931011528277 164.32115963724573 271.4308883509094 Oyster-Closed 0
350.66943838955194 380.5110379011091 363.6875148790714 358.7344292256059 418.77030469292004 391.6544596533764 405.7527755563751 413.43059229121906 Oyster-SemiOpen 0
284.99669275411725 389.23926572906754 307.01368657688363 350.00003954046565 385.9667799585113 394.2887280906205 363.9512108958006 433.5267238807524 Oyster-Closed 0
152.38257189832075 321.4211616520044 210.13065923644535 312.6077913450876 225.79286627180045 415.20948084471996 168.04484784890883 424.0225573147152 Oyster-Closed 0
114.52926392176596 72.65732103719428 144.2750486773075 51.170194203141314 201.47385919986118 130.35243017920357 171.72823062929092 151.83936953323902 Oyster-Closed 0
225.324437094303 64.54238803211098 300.71393379006986 101.69536158721078 258.19435219025763 187.9720162503592 182.805093795414 150.8194328365836 Oyster-Closed 0
