211.63498898035323 126.50394582772977 200.70987825689372 146.16110179751328 156.6296707147194 121.66261777341035 167.55478650239093 102.00557069330989 Oyster-SemiOpen 0
296.5539168624673 192.3384748745662 245.54405421793854 190.20504871997846 248.44234196638354 120.92496850306489 299.4512089758573 123.05837349611384 Oyster-Closed 0
84.40233244495903 44.35033909633045 179.2826615316444 48.850757168757184 169.2701114909978 259.93395827956107 74.38977583388987 255.43367041154366 Oyster-Closed 0
204.2660557143281 218.1619101279241 163.00440024831914 174.7266501819958 216.82495010969797 123.60245455467974 258.08622000869946 167.0372567886801 Oyster-Closed 0
365.97530894539887 247.20269782005522 290.3919746863976 287.0632435398312 248.96572566912437 208.51596634414352 324.5469154934108 168.65610167119561 Oyster-Closed 0
223.85397931928674 265.0747057464503 202.19096278107827 263.4477122859197 207.5301061992759 192.36952393432193 229.1925000752126 193.99649382419466 Oyster-SemiOpen 0
351.76754536390945 183.41986784723284 410.0066611799157 192.87270442572847 392.7129783399578 299.40928566111364 334.4739091412339 289.9566653665628 Oyster-Closed 0
149.72836565726175 210.07497263284492 198.00756310766883 213.24194880146405 192.32221653358283 299.90343811017544 144.04302502605788 296.7365235151237 Oyster-SemiOpen 0
0 115.087085 47.706343 115.087085 47.706343 382.187126 0 382.187126 Oyster-Closed 0
219.58035003059922 356.6763293319724 179.86610283294794 342.71996031218276 239.48054835105722 173.10971767917334 279.19181167332135 187.06551858856255 Oyster-SemiOpen 0
105.56918233273973 358.3777339777501 50.85680235875407 323.1938569533271 103.63123131305474 241.14327206012754 158.34148989217283 276.3262323111391 Oyster-Closed 0
316.6203831677012 348.7145037405435 325.5252064751003 322.5611002136678 381.35652324198963 341.56674632644234 372.45225183376897 367.719680991652 Oyster-SemiOpen 0
341.4827039711927 331.3730177038938 337.3011915094503 379.2623593050038 254.2398935488054 372.00979635349995 258.4225232783938 324.1217022868939 Oyster-Closed 0
123.79523300850997 289.84923127940056 183.47257410004386 289.0154670891508 185.0729829173324 403.5438706827947 125.39564257020174 404.377605910178 Oyster-Closed 0
347.25759737145563 359.09003843783523 367.5009356469345 362.74233553267607 360.86178796295644 399.53155256788324 340.6184619999731 395.87930099999863 Oyster-Open 0
120.50899893728638 49.39506778840853 155.0744852689968 27.99426986690163 200.80502661592982 101.85539398021244 166.23963313485365 123.25606825428878 Oyster-Closed 0
235.02986063879143 30.32817207772957 300.70858623936147 70.43801266207386 246.4777323280905 159.23789597935823 180.7992513513309 119.1283942553946 Oyster-Closed 0
