157.13218956282435 127.6071289686049 164.13354750856888 106.09410294824342 210.30025573827515 121.11849620098539 203.29903168418605 142.63140869062948 Oyster-SemiOpen 0
242.5073883549121 126.66786345488907 283.96107120181114 99.2710704464641 320.63607905589015 154.7618827767438 279.18257188228745 182.15845223030647 Oyster-Closed 0
64.431659598642 61.91526412451312 162.49322398793447 43.998948037241036 200.99514216550597 254.72507751362423 102.9337805876421 272.64083407392127 Oyster-Closed 0
228.03960900001402 199.41197299999237 194.58683503778957 173.67133442349993 230.46065863720287 127.05181066704105 263.9130979145084 152.79225690578176 Oyster-Closed 0
283.4170436804052 221.63755976616633 273.38647474354366 179.56571653342255 321.2124529785651 168.16398825836464 331.24326311493496 210.2354785230317 Oyster-Closed 0
314.5834472679453 150.98758052703877 375.90832661260356 157.8872290464186 365.91649804270855 246.69002741031238 304.5916357314527 239.79048737692372 Oyster-Closed 0
252.13178120883822 264.7208483239122 229.73763356154814 265.75233746723995 225.89349020111695 182.29473788388918 248.28691267916292 181.2632653200778 Oyster-SemiOpen 0
416.00092000023506 272.72778999999997 368.11971640824777 272.72778999999997 368.12059412836606 173.33837999999997 415.99991060464527 173.33837999999997 Oyster-Closed 0
176.32582335533152 216.20441861570782 213.94432641572712 211.0343805279325 224.90672710429135 290.7913605392207 187.28824360576255 295.9613060380353 Oyster-SemiOpen 0
247.7991081620312 157.1894316810606 289.7252714894057 161.3177581920651 272.04255414091676 340.8818848544421 230.11641476232762 336.7537193709972 Oyster-SemiOpen 0
8.43110537148823 158.28116882316127 77.02306421837784 153.09428993326176 95.38498266265742 395.8858100126598 26.793054990419478 401.0723696230001 Oyster-Closed 0
327.9845197274881 238.4242824980396 348.51811342231304 248.9286110226944 330.74628677130386 283.6643445456654 310.21275601364323 273.1601101759078 Oyster-Closed 0
93.77758274082953 348.4405735402119 123.32891113324877 253.7166258851251 186.62188011226317 273.45950335069716 157.07255001307203 368.18176192307635 Oyster-Closed 0
303.53542134462987 317.8077050518614 301.67724364288733 276.3172858211139 366.16648796507434 273.429342444284 368.02532992689885 314.919062699051 Oyster-Closed 0
417.65080633485195 299.23195813126745 415.81473580010424 327.8707308426591 364.0068953032023 324.5492186686459 365.84334474032585 295.9108498949831 Oyster-SemiOpen 0
323.0442868955033 360.4922405272488 302.71776436658547 326.0033194956041 350.1585307694877 298.0488578699162 370.48503787483423 332.5372276374558 Oyster-Closed 0
241.14771317867417 397.25643482367695 185.89322169309162 410.8900124086439 158.29189569692244 299.04519452067075 213.5426336465389 285.4121035090217 Oyster-Closed 0
267.33864377510326 390.9235875758348 231.81554642975243 388.1474704840666 236.16870007436592 332.4669196319494 271.69053519996305 335.24298704418277 Oyster-Closed 0
416.95177059199705 376.58337202395956 392.1917610913224 378.8732434807437 387.80827811550625 331.48208526854904 412.5675564382218 329.19224788302324 Oyster-Open 0
239.2416215836347 27.120205016245265 272.5015499774345 11.71204146864185 303.9530189679208 79.60269251670812 270.69312463458846 95.01080189063045 Oyster-Closed 0
191.87469123059782 95.98713250972418 166.51672534364843 122.86926024937068 100.37494554442674 60.47808225237324 125.73275444628962 33.59613160195328 Oyster-Closed 0
206.58810099177572 29.152411105976476 274.6030581846353 38.99494377321776 259.44656382824905 143.72987960266886 191.43162882097022 133.88742524652562 Oyster-Closed 0
415.66576473178793 369.15895083861665 421.18348142669856 377.32344973959476 402.63250024993613 389.85727415602287 397.1148519999697 381.6928359999837 Oyster-Closed 0
