144.58606470717132 143.8347942856498 155.2835851971613 123.99999189867 198.08453530320185 147.08301387045668 187.38715789474736 166.9176932563847 Oyster-SemiOpen 0
228.70798190246933 158.36797719733315 273.9437652068991 138.65397395755016 300.62324414726754 199.86974419142638 255.38757937183618 219.58354087072206 Oyster-Closed 0
64.67489856331304 62.88220546289686 163.95283926643242 61.74021923059655 166.42191406968777 276.37915226936724 67.14397807158457 277.5211007881697 Oyster-Closed 0
202.2598210000142 227.38009400001314 173.57813863649062 196.14639762724175 216.6950393859879 156.5550854624611 245.37650522474723 187.7885012193522 Oyster-Closed 0
252.77603964956143 259.22602301207536 250.41656332689672 215.9313804180355 299.0593750526459 213.2806497424244 301.41926391482775 256.5748555290973 Oyster-Closed 0
295.2962748950886 195.37358505860965 354.5629509804312 212.44566121649655 329.8957526735903 298.0702713351307 270.62920989038685 280.9985265813988 Oyster-Closed 0
214.98440019755435 295.91400962802646 192.79009587116525 293.1800956111962 203.0065101848013 210.25499109648794 225.20000745858488 212.9888552393841 Oyster-SemiOpen 0
346.69258328487194 226.07551698088773 407.42533342445313 239.34153440713573 386.15160234733776 336.7212475072417 325.41895161831417 323.4555563333131 Oyster-Closed 0
148.66022346343743 234.8521786694337 186.47824875865263 236.07701658658118 183.86709655727827 316.6887622643516 146.04907229841047 315.4639482402079 Oyster-SemiOpen 0
228.67908695048754 189.52888564284711 269.2900907480471 200.61806462416993 221.81661974404415 374.45458118881993 181.20581214298727 363.36589260486704 Oyster-SemiOpen 0
0 175.42934 41.442825 175.42934 41.442825 396.75656 0 396.75656 Oyster-Closed 0
289.7908491892158 328.63039737318826 270.7005772992052 315.519427230139 292.65816403511053 283.55363829060985 311.748149081257 296.6644711476627 Oyster-Closed 0
44.79655260828804 349.8734072269908 90.66182497574118 262.3036405880034 149.49467483317494 293.11297276100726 103.63129979455698 380.68111679344975 Oyster-Closed 0
256.42832942365567 357.61131642691004 262.0537264189443 316.4460734600278 325.73123685652536 325.1459573289604 320.1067224634389 366.3104032083265 Oyster-Closed 0
321.7598680909541 346.8394811845686 376.5880997094864 361.3980752603006 369.24488124022173 389.0463024234276 314.41670077666276 374.4878429738747 Oyster-SemiOpen 0
268.4490184161659 403.2314622026856 254.43713152747296 365.5286404546743 305.7419642830682 346.4663332859628 319.7541479053107 384.16847333187184 Oyster-Closed 0
181.29620123549466 415.6782873199133 124.79683174069214 419.77140814341203 117.09086578837378 313.4045579383643 173.58641057701243 309.31157559340846 Oyster-Closed 0
214.94793649363783 416.9212133437942 178.6711298750015 415.3963996367493 180.81978119552514 364.30881365908715 217.09530762198847 365.8336003336074 Oyster-Closed 0
336.5993417131358 386.63124543023093 361.5104713652472 388.07619010207776 359.80665375619355 417.4421146329067 334.89552545389233 415.99718500484397 Oyster-Open 0
242.18499452542892 59.681570411560415 277.3651481223824 50.228813600060974 296.875278602467 122.83847725984684 261.6951473823974 132.291177024123 Oyster-Closed 0
184.12150750381988 118.98278917357558 154.66040540840913 140.8615858660246 100.20271490250525 67.53201180456124 129.663501850413 45.65338737078562 Oyster-Closed 0
209.68312393509405 55.898801090002955 275.0724070303186 77.00311512050159 242.61559349597883 177.56453938964128 177.22642658833502 156.4604542750032 Oyster-Closed 0
