143.95671132156713 144.9017996131061 153.2641043482363 124.51252891653418 197.6706738042667 144.7826966414232 188.36342950065955 165.17184104588466 Oyster-SemiOpen 0
229.10078754515052 154.27306011762016 272.5382946308564 131.40882455781056 303.68614903424896 190.5808951780311 260.2487961648658 213.4449001030327 Oyster-Closed 0
58.27099459371675 69.75142468301469 157.05865629400432 61.12318547864428 175.74919840896473 275.1088824243417 76.96160315427915 283.7368303211331 Oyster-Closed 0
207.82345600000554 224.51698200000337 176.8817387557756 195.20579673565993 216.87084899687397 152.99495352007816 247.81227956153816 182.30588268330058 Oyster-Closed 0
260.4405206125193 253.04949475344765 255.31326942660235 209.98800075437288 303.3460116491151 204.26930519331194 308.4736232695868 247.33038182821548 Oyster-Closed 0
298.1208730043036 186.84862338717647 358.6237858739514 199.46340433724794 340.52048331640253 286.28211599376993 280.01763943534024 273.66756897548703 Oyster-Closed 0
225.6928185018296 291.85596830483945 203.34793507144786 290.8042379498681 207.2684152506481 207.52833604145732 229.61249099312772 208.58004750974365 Oyster-SemiOpen 0
351.66472533101114 214.3513361809945 413.03062538461745 222.98811075674485 399.1877088008441 321.3330162359173 337.8218476984912 312.6964432838374 Oyster-Closed 0
154.9609117379514 235.5879286476572 192.736665675111 233.95293348466745 196.22309089962073 314.49515548101755 158.44733921487204 316.13011883902453 Oyster-SemiOpen 0
231.26566959113188 185.29592300471572 272.67271618441737 193.32704079686576 238.47352892671915 369.6310897680751 197.06658316010726 361.6003200191182 Oyster-SemiOpen 0
0 178.131612 58.405528 178.131612 58.405528 404.07644 0 404.07644 Oyster-Closed 0
302.76595674529017 319.78988683266175 282.6881820392955 308.03641538090665 302.16069421191787 274.7782572170885 322.2381510290761 286.5316098655797 Oyster-Closed 0
59.66759198123327 356.48202265281236 99.41912089293692 266.5509511743952 160.396551701735 293.5000413525039 120.64702136872438 383.4294234763931 Oyster-Closed 0
271.56050559103824 350.8551964645262 274.5292978255857 309.498694542864 338.546706526311 314.09315586121073 335.5787417390311 355.4488787879402 Oyster-Closed 0
335.92189000904546 336.26491803426586 391.7902138497011 346.69286935445894 386.54916887404033 374.76583539286855 330.6808702508242 364.33797709167953 Oyster-SemiOpen 0
286.9326009340948 395.6371619148951 270.42547914342504 358.8138417978684 320.20101379539483 336.5057497570749 336.7083169510661 373.3284217574738 Oyster-Closed 0
201.40660579036557 415.2896015207742 145.48428580852487 423.61697165143613 129.4662211297109 316.0632171324486 185.38472821893447 307.73613396624233 Oyster-Closed 0
229.24939000627273 418.2418208589198 194.1141484651198 412.16376653455904 203.4703807220394 358.09747847908204 238.6043285272317 364.17541803450877 Oyster-Closed 0
378.88361853536844 416.02107112776633 354.0982108426033 415.9983530225079 354.13657865623463 374.5748281260865 378.92126708697833 374.5975459002354 Oyster-Open 0
235.02678489175014 55.00424667907993 269.26812991284896 43.00049684718975 294.22669266254525 114.19546286476192 259.9853811581306 126.19914530299158 Oyster-Closed 0
93.97053361492726 71.75294644458714 121.47334598470843 47.86534166311886 181.7479394486545 117.26114441409385 154.24529402524786 141.14856727875187 Oyster-Closed 0
202.23277862905888 53.2849413320006 269.17456523033616 69.48714298730228 244.4049246216964 171.82450815167272 177.4632060344702 155.6224748648987 Oyster-Closed 0
