153.13049791034064 149.82787142477392 161.76504382749772 131.03011065463124 200.06579095650523 148.62245278884615 191.43136668391526 167.4201104387701 Oyster-SemiOpen 0
284.1313319975379 217.67239315802541 238.0193803292059 217.90747072633974 237.67514799470882 150.25693818904847 283.78610854746876 150.0218631145239 Oyster-Closed 0
70.60636632413662 68.55738534704564 167.2687569223781 72.76151508851059 158.16306182805056 282.112893152616 61.50067512917667 277.9088981192264 Oyster-Closed 0
219.63648539061614 155.49129087663582 250.98228758446567 194.97866075319826 201.9024079238916 233.93611876149353 170.55706905507395 194.4491757133374 Oyster-Closed 0
298.76485224572025 203.5708338929068 312.9897583211932 230.36230115400895 256.23861296808536 260.490933975635 242.01411650204682 233.6998177325309 Oyster-Closed 0
301.47787270551635 200.76620085550257 361.29167598803906 233.27048281022837 321.41647573287264 306.6394291507124 261.603101755587 274.13575893912827 Oyster-Closed 0
197.89174114475827 216.9620226529478 220.9365564183463 218.06517423441574 217.4052297026028 291.82668853544124 194.36041557375938 290.7235551311823 Oyster-SemiOpen 0
148.12814168338082 231.41673579783065 186.04902858542118 236.9140871457683 176.57338567469196 302.2695130598045 138.65251713221733 296.77224695455794 Oyster-SemiOpen 0
226.3952155827319 190.06279371387757 264.63281801701305 199.59995346275653 221.14521667571898 373.9340781921452 182.90777101601998 364.39734253775833 Oyster-SemiOpen 0
387.5887227042149 360.46641260698414 331.81173301303716 353.2923586467694 344.8269551884696 252.1311628107128 400.6009626369814 259.30502457237685 Oyster-Closed 0
0 174.093161 33.510817 174.093161 33.510817 399.608963 0 399.608963 Oyster-SemiOpen 0
49.660051641101745 349.89238141726116 82.41337557439692 263.08723792399536 146.3863961443094 287.22188664488874 113.63502231335588 374.0253841393155 Oyster-Closed 0
298.8202911235421 378.0169631511478 307.28246492158723 349.17078780479653 372.149980857037 368.1950649555718 363.6885561534691 397.0406010396787 Oyster-SemiOpen 0
246.88929669983918 377.29943075890503 269.31683649678234 348.3695132356171 312.93181299529533 382.173200387307 290.5048536457725 411.1025851443568 Oyster-Closed 0
116.33964666186876 416.0001008697243 116.3421478954333 310.8036912970293 172.48668020101104 310.8054481825097 172.48606473216205 415.99997531894707 Oyster-Closed 0
209.27817793067152 417.0381576923037 171.5172808583593 415.23083897894975 173.94099652054865 364.62048081505446 211.70059042657886 366.42776845832094 Oyster-Closed 0
322.26009200001135 416.00000000000654 322.260535554753 389.0960429645012 352.8619560456318 389.0964892898722 352.86180399810473 416.0001565246908 Oyster-Open 0
247.81538976900993 63.335210414105674 275.5367626132247 56.83534280514855 292.09109913051 127.43722544570305 264.36973917657815 133.93705352725357 Oyster-Closed 0
106.94875563888127 69.06554124928812 134.40956669451043 49.23934975361325 182.83383868984674 116.30993512688134 155.3731415126349 136.13599372495585 Oyster-Closed 0
220.89436234561435 56.460937123385165 286.32022720275563 97.16839137915845 229.4647924723795 188.54494194530156 164.03930826738724 147.83796476456317 Oyster-Closed 0
