159.58397959091235 145.46933252985397 168.46238263108899 126.90720854743303 206.59276898813187 145.1445853543384 197.71448298843097 163.70660991480204 Oyster-SemiOpen 0
290.0845220062729 215.43212834457321 244.03169398783575 215.39891634255667 244.0811836385583 147.69667709151102 290.13303401455414 147.72988874552112 Oyster-Closed 0
77.69263657963893 63.16973079790159 174.25838026464044 67.93284880623787 163.9487154262315 276.938831172966 67.38297716265151 272.1758609771108 Oyster-Closed 0
226.09101005147022 152.2771649332818 257.0745767760927 192.34954143292455 207.78651547584013 230.45567383527717 176.80341155507267 190.3837206976811 Oyster-Closed 0
304.8326676439028 201.71290587161045 318.7146793171087 228.81683591755586 261.9381166889398 257.89330365875946 248.05651369159023 230.78972280278552 Oyster-Closed 0
307.465561550016 199.058077170658 367.231575871574 232.1816699361504 326.9936420943668 304.77582191343095 267.2280656467701 271.6528445320226 Oyster-Closed 0
203.95185962728283 213.56489889892987 226.97421435029537 214.80135868746638 223.02759982829957 288.2780516113314 200.0052465397057 287.04161184491454 Oyster-SemiOpen 0
154.15900596559004 227.0813911475695 192.0624083839284 232.80838529942304 182.22090920470146 297.93557670375276 144.31752632306961 292.2086696930482 Oyster-SemiOpen 0
232.52500894905825 187.21491163266188 270.75909344096726 197.0113977429176 226.35283333082407 370.30044893939805 188.11891130586446 360.50439159812544 Oyster-SemiOpen 0
406.5425521880934 259.16567947470884 392.4007048876265 359.84719649780897 336.7076786405305 352.0246329132265 350.85078570980113 251.34461579784838 Oyster-Closed 0
0 162.102151 38.908974 162.102151 38.908974 392.661036 0 392.661036 Oyster-SemiOpen 0
54.58269942221159 343.37323428998286 88.5687078357114 257.5149224546387 152.32245948481795 282.74740659242457 118.3383516387803 368.6041144073161 Oyster-Closed 0
312.534180682218 347.5311313612871 377.22874987341856 367.4709299172909 368.4085856650345 396.0808288391764 303.7141053553423 376.14122659583995 Oyster-SemiOpen 0
251.93675643081224 374.40112830172814 274.5956222782661 345.9596194743245 317.9245026549688 380.4706826835348 295.26620187946173 408.9116688789488 Oyster-Closed 0
121.62136367060884 416.00022784025697 121.62359085047137 306.30936847640254 177.74212515467661 306.31105510420286 177.7418601075915 415.99994011957307 Oyster-Closed 0
213.98621997032387 416.91971775622443 176.26203160517616 414.8939915423171 179.1736509111979 360.70142435442654 216.89645054252105 362.72711336595444 Oyster-Closed 0
326.56227799998305 415.99999999999653 326.562744537252 388.0330758807093 357.6422018349076 388.0335310860098 357.64204252973286 416.0001501142471 Oyster-Open 0
254.75676578771163 60.91983727349022 282.4147341188618 54.624765589379685 298.53513095825474 125.4503037152079 270.87717448085095 131.74533794054497 Oyster-Closed 0
114.00465449569674 64.00679810029958 141.48016512992035 44.58452639184449 189.46704792997843 112.4679531316569 161.99164267851665 131.89010034656104 Oyster-Closed 0
227.77984827485125 53.530461204468565 293.1097669950759 94.98771503240454 235.77239685644963 185.33957735304094 170.44285910926192 143.8827948506742 Oyster-Closed 0
