168.40057050600444 146.49366012554623 175.3445924668522 127.75193796343936 215.8831497256433 142.7713655455936 208.93924875311495 161.51298548739805 Oyster-SemiOpen 0
309.37704081119955 204.82518955232302 264.56727801488887 212.35456659252756 253.1062652401306 144.14660843849438 297.91511641239777 136.61730824065995 Oyster-Closed 0
74.61616620641507 73.62896806423727 169.7239349162046 62.26898357011585 194.6955984904962 271.3279557403123 99.58790806974503 282.6875776727346 Oyster-Closed 0
235.8025168037202 148.0625001435147 273.0705780090684 185.53475910122958 230.8186141663864 227.55351143146416 193.5509267892703 190.0816238201851 Oyster-Closed 0
322.0621247342351 190.78762388942573 339.45106148709965 217.24748583440578 288.7008888700475 250.59632683171083 271.31230519136807 224.13677614918294 Oyster-Closed 0
323.66573246249027 188.87194044019643 389.72274798504804 212.88210570714648 362.2645758270701 288.41764898006966 296.2077696264896 264.40789381798044 Oyster-Closed 0
224.40942211978472 212.48565775182746 247.10923436507073 209.8735319452548 255.4367707210804 282.2340332622669 232.73696598083552 284.84611774816574 Oyster-SemiOpen 0
217.33103173755808 294.1266358938127 179.04964479735645 295.46763701035144 176.75225775831132 229.87614035721228 215.0324846720323 228.535159604699 Oyster-SemiOpen 0
247.8373994295398 184.3610717048395 287.49415095801305 187.65945823940893 272.9263007421723 362.78961769004565 233.26956748969678 359.4913702515224 Oyster-SemiOpen 0
416.00099852035055 339.614559 377.29283197114637 339.614559 377.2938443786843 237.56004800000002 415.9999823774597 237.56004800000002 Oyster-Closed 0
12.288002498706192 175.72367678442507 72.44216925505316 171.51805932931345 88.67764264365542 403.7097407694442 28.523502566455136 407.91510775740846 Oyster-SemiOpen 0
164.08444324239463 371.69565457541523 96.1084568826991 354.96654608525563 117.95236301716795 266.2311090992536 185.92506533738197 282.9597987857545 Oyster-Closed 0
420.22313096242215 349.6428783599391 414.52135849893966 378.51026875800704 348.7630100383649 365.5240870640447 354.46523431066817 336.6573157397458 Oyster-SemiOpen 0
298.3085862070948 367.1921787010722 317.04244639508397 337.73430122748937 365.205266188128 368.35656639982403 346.47202417324297 397.8139006993913 Oyster-Closed 0
160.46682073584088 311.9088878446466 215.198364512813 304.16044599126974 230.86135278213624 414.773270145688 176.1298670495562 422.52143549594615 Oyster-Closed 0
263.4784505101961 416.7962925955168 225.30883399974846 413.1464835197171 230.63866391751435 357.43069832884237 268.80683761116234 361.08043803295624 Oyster-Closed 0
405.5901783181034 417.807611360931 378.0556939232156 415.8846900846282 381.1978577854752 370.9111554921817 408.73148523311465 372.8340467708406 Oyster-Open 0
249.15822730524087 55.85196263939379 274.69774973335007 45.59687109498691 302.5016449827126 114.83964233770598 276.9621533800855 125.09467662611283 Oyster-Closed 0
110.33149362509357 69.2360781545877 133.98609428340205 47.43301175310388 192.8084024955424 111.24983364872132 169.15394763376025 133.05275046672133 Oyster-Closed 0
220.14479543540074 51.08622141697319 293.348970918385 83.06409854014677 251.76668952351247 178.2525385509166 178.56272532013463 146.27499914877694 Oyster-Closed 0
