192.79157519663931 139.00010771999538 186.65843864416456 158.86993274971292 138.54789578407508 144.02017389849755 144.68110210292798 124.15047155762743 Oyster-SemiOpen 0
224.14488445400275 138.74359598801166 262.94271098037643 109.16010299313307 305.5887490267778 165.0871795135883 266.79116359506224 194.67039726596386 Oyster-Closed 0
43.489358731119864 89.03660635534804 149.37409707083862 62.91353369799094 200.33487847972356 269.46445321634974 94.45049693147666 295.58661991308634 Oyster-Closed 0
208.13033038433787 217.6091765024723 167.49440937153486 171.61297325076276 218.01593580911867 126.98183209639502 258.6515069180241 172.97755338968517 Oyster-Closed 0
272.4125062127605 226.1038629909351 259.34709185667816 195.24458012538528 300.2290607628638 177.93693290155272 313.2945554533908 208.7959703449631 Oyster-Closed 0
283.67592442078967 164.25431773681464 350.72080805780934 151.8452171540233 367.6178938181656 243.13244588351 300.5730618086309 255.5413418091891 Oyster-Closed 0
214.46212269469834 202.6121263708039 235.2766254943017 199.67993659178342 244.42177923239433 264.59208897623427 223.60728480699618 267.5242391005241 Oyster-SemiOpen 0
170.4729336460441 219.57037152619645 212.13723585350454 217.4388111581962 215.91679309695974 291.30768130165944 174.25249374689156 293.4392063701194 Oyster-SemiOpen 0
226.7267855439095 177.31826761385307 270.2999145526228 176.19492628698166 274.701119235855 346.8949904122851 231.1279916109088 348.01828793563334 Oyster-SemiOpen 0
416.00115017425196 308.61568000000005 370.4825906216647 308.61568000000005 370.48348465050367 205.43644299999997 415.99999806355845 205.43644299999997 Oyster-Closed 0
0 213.95095697274564 61.60174974815527 205.10332066529017 91.07259890377827 414.29653030454676 28.260328877320717 423.14365565061263 Oyster-Closed 0
158.27705469282955 384.85157683213384 93.54018251967864 368.6405016277156 117.6515265936032 272.38248773944264 182.38483468750928 288.5930937937031 Oyster-Closed 0
350.62593215711604 324.14377942571684 352.57441421387557 295.65762491134285 417.3270904975034 300.0856514958818 415.379146690575 328.5713022049149 Oyster-SemiOpen 0
351.75270009292944 313.0835245555217 360.4489917225801 347.66694982652115 307.8878823399682 360.8805066967532 299.19223610559493 326.29763825477346 Oyster-Closed 0
157.39340187493508 314.7955500690717 213.1035252562724 300.62760466755924 240.47547764587944 408.2349227020121 184.7655406283011 422.4023662495701 Oyster-Closed 0
408.8220195966678 375.9653656862256 380.4220608233991 381.0629020708187 372.1278648257794 334.86157042301545 400.5270099476438 329.7641087915984 Oyster-Open 0
393.73552299999574 385.0680309999772 390.93327967693403 367.3349553815073 416 363.3747599999809 418.8023628418705 381.10768752773174 Oyster-Closed 0
211.66537738898478 38.15605984106225 236.94940839537958 25.159722246683703 269.8894772977328 89.24341157724155 244.60548095328704 102.23969644801178 Oyster-Closed 0
80.91785099999834 84.94879500000933 99.23822622258012 62.8475366739648 158.27471208757197 111.78381339313333 139.95449157737676 133.88492439250368 Oyster-Closed 0
184.11951431542911 161.81698601087106 157.62661962571292 57.45946791003965 226.78131640426 39.90379523617599 253.27465218821453 144.26065672140007 Oyster-Closed 0
299.96127006071765 332.35140947699654 288.57396503419295 293.9633862762745 352.76020528094887 274.9261148938852 364.1479116254195 313.31346509431927 Oyster-Closed 0
342.849572693136 279.5303201200787 284.07196968076096 304.1923085987578 263.665461094668 255.56159861983107 322.4417719016492 230.8999191281374 Oyster-Closed 0
