206.48969381594725 137.12171980941181 196.65895033426204 155.44400887065692 152.26397880412696 131.6246854638016 162.09473327706291 113.30250363325604 Oyster-SemiOpen 0
237.14370609817706 142.75670781034924 280.672951877732 121.12550701954123 312.0964281301531 184.35760656851247 268.5673242182929 205.98858970031117 Oyster-Closed 0
69.4257761576082 59.50627637871571 177.9521823368632 53.557663601739826 189.63515071892107 266.6938051949959 81.10877094833995 272.6422302295507 Oyster-Closed 0
206.88709586619007 217.43488525449348 175.41737442222075 164.48172176531332 233.20088328007478 130.14334650616655 264.6705758927492 183.0959534247287 Oyster-Closed 0
268.2632672545915 238.074627643968 261.23032631706155 205.17450094669 304.46740781486733 195.93259407734058 311.5005484698704 228.83244114730667 Oyster-Closed 0
290.7599866314704 179.3874884860031 358.7288525353106 179.64000393268134 358.3824002035435 272.88605473735464 290.4135344278693 272.63354395191044 Oyster-Closed 0
215.86200060559713 203.93566322858467 236.79780217970983 204.91007181647478 233.74133124536456 270.57419578098614 212.80553055304335 269.59980060789593 Oyster-SemiOpen 0
169.62369779691653 212.2869394105935 210.8636309820031 217.88246094120808 200.8902607321943 291.38015467837874 159.65034581511281 285.7847247144593 Oyster-SemiOpen 0
232.54106276510356 181.41274229161496 275.47438116614285 188.3445211531083 248.19466614265184 357.28773645088876 205.26141758730228 350.35623645064464 Oyster-SemiOpen 0
410.4594654017128 351.92388380725856 358.27918183773727 349.49537330268663 363.2682180433367 242.3450257801514 415.44560394204746 244.77346914340336 Oyster-Closed 0
1.0002325702334929 171.92220170883772 54.74930665523061 171.60955481940866 56.11802596245252 406.8854307064431 2.3689518961837166 407.19805896614815 Oyster-Closed 0
127.18519148995256 372.4583202717128 66.55511075942559 344.6161775006481 107.97023458477997 254.44944324109102 168.59744950681124 282.29081661093335 Oyster-Closed 0
326.7155820072985 349.55733667757653 334.0972526157566 321.92500119617995 398.9371449496939 339.24242262079434 391.55612806909994 366.8741971994115 Oyster-SemiOpen 0
329.95621891324845 338.8823928584326 331.93337801539747 374.61315742517274 278.02571868721134 377.5946919449918 276.04919909496675 341.86453662767383 Oyster-Closed 0
139.20646985501298 303.565493073531 196.38350836218524 300.02230577737475 203.28212741607058 411.3235221310637 146.1051014696386 414.8665852793996 Oyster-Closed 0
374.16888116054906 410.12001068492344 345.4061293214472 409.85913572088685 345.8196044159922 364.33485761763075 374.58146311272867 364.5957285292081 Oyster-Open 0
364.69420700000046 409.6764840000067 364.4168767776391 393.77030144262864 408.5460269999785 393.0008580000077 408.8236012039015 408.9067930530992 Oyster-Closed 0
243.56785547573236 41.36179537048098 270.7358971573376 33.375357942763856 291.1391239721561 102.78199366701598 263.97109735681806 110.76839421346064 Oyster-Closed 0
106.83684499997617 62.489341000014605 128.97122899083843 44.33754001761425 177.71317920757429 103.77306369972864 155.57888668461965 121.92476096986235 Oyster-Closed 0
193.56004987996494 157.90681728575262 187.3417428602079 50.038463290498875 258.3317255656948 45.94626342989858 264.5506845314303 153.81392795852872 Oyster-Closed 0
275.54841156157636 347.98346338440393 271.63248725704034 307.98632963943226 338.01680993728223 301.48776369348064 341.93341196973415 341.4841469896883 Oyster-Closed 0
327.3693542682122 304.0690824230929 265.25308874049006 317.244219176278 254.26812895045077 265.4577779532809 316.3827919340074 252.28281751000992 Oyster-Closed 0
