204.3682049686031 153.65748532513317 196.7631100402723 171.9993448485713 147.9661076585544 151.7672378198617 155.5712490100741 133.42550654866218 Oyster-SemiOpen 0
235.42515762790572 157.36118894698458 272.3822053605145 130.46429518504524 316.36693940360055 190.8977510862869 279.4101520638542 217.794339531768 Oyster-Closed 0
53.65936976750163 90.86283305506929 155.80023595246166 63.90068288059496 212.38423807763684 278.2486593700712 110.2437853956144 305.2098064940703 Oyster-Closed 0
220.37784113028465 233.47204949162634 179.9734928609978 182.02426503022832 229.4455568132944 143.1743253773064 269.84963336570945 194.6215599000846 Oyster-Closed 0
316.6396978420198 207.0851085092885 322.74756312788304 242.01582704645648 282.648163690239 249.02648413856915 276.54061997294775 214.09604888611085 Oyster-Closed 0
295.4527221546159 190.70539879330167 360.60934665082823 177.34345717749886 380.237525946035 273.0481685208847 315.08097633115904 286.40984554689163 Oyster-Closed 0
226.79881752319852 220.62340153760488 247.14808797236765 217.3200001887989 257.7555680815676 282.6562714714396 237.4063093752884 285.9596242406466 Oyster-SemiOpen 0
183.0461408060546 233.45452774715875 224.32463271033703 230.38609453910706 229.86273380095008 304.87934432239996 188.58424814270256 307.94772342912677 Oyster-SemiOpen 0
238.36168723757146 197.5756409207777 281.70231206010067 195.44666402392107 290.0602920334495 365.5736731493083 246.71967323041827 367.702560920023 Oyster-SemiOpen 0
416.0007603951235 336.5739439999999 383.6933717482352 336.5739439999999 383.6940875608416 246.33058899999997 415.9999743633962 246.33058899999997 Oyster-Closed 0
10.789342863889033 206.8260763543851 72.19810552845229 196.85811939444181 107.75463287139428 415.87722241042894 46.34601918452245 425.8445796584725 Oyster-Closed 0
120.2710718915223 293.9047924339439 188.6116383267472 288.62097861303005 195.96837060733378 383.75483764771536 127.62782342368155 389.0385011077086 Oyster-Closed 0
365.30557873111684 355.2893092031238 370.0826306521194 327.78484672628247 420.7764988211311 336.5875875702833 415.99993353292666 364.091617722561 Oyster-SemiOpen 0
368.64245343740913 344.1500812657941 373.7233060238468 380.22797317197603 321.4449831963502 387.5878286882261 316.36481283598187 351.5105513537546 Oyster-Closed 0
172.7158540428536 327.33511090890187 226.4110832613187 312.77432363711836 253.95703225967372 414.33216234273425 200.26200355917535 428.8924518436719 Oyster-Closed 0
416.00032094093694 414.786288 391.83009238001614 414.786288 391.8305336850899 366.8653329999999 415.99996745288445 366.8653329999999 Oyster-Open 0
220.45641908765901 55.81064974654395 244.42621880152728 43.571615278681634 278.9935913873487 111.27016064620278 255.02383681690117 123.50912647888873 Oyster-Closed 0
90.016367000022 86.96490599999032 108.14544951009157 67.21316519864808 168.3516487682573 122.47226529512797 150.2227177616951 142.22385642962277 Oyster-Closed 0
190.84358790450278 175.65942018064442 175.23874268895088 66.7343842656145 244.2086508238317 56.853964781000805 259.81414331600536 165.77821359541642 Oyster-Closed 0
313.4588555512564 358.25116194730947 305.9272815778313 317.8173930134102 369.41968827319215 305.9926340607614 376.95184645228073 346.42565117975136 Oyster-Closed 0
345.2495989635354 323.7465442432691 288.2621909161462 321.37916414794915 290.6315006249679 264.37438071313227 347.61722180977085 266.7417256425839 Oyster-Closed 0
