194.34187547667534 159.47323644126098 188.1677646816206 175.40660782323909 145.84874360007598 159.0087472277109 152.0228955393468 143.07547665383132 Oyster-Closed 0
294.3688012210805 209.34673497880704 254.04965766162422 223.7226514841519 228.80275258744223 152.91745516674007 269.1210336439617 138.5417054878662 Oyster-Closed 0
184.88464382560778 281.41492211125353 90.37817062987233 303.22919455780846 42.93774266152468 97.70456247937548 137.43742582724008 75.89113375128694 Oyster-Closed 0
207.57513712004948 242.92323540053016 170.72659098912482 210.26927194084809 212.53382310518646 163.0955588265316 249.38190008605307 195.7491630047016 Oyster-Closed 0
308.2566164479649 195.30875883261555 325.431679040179 224.19297293819002 274.23647631070344 254.6313537406258 257.06180200961535 225.74747696460557 Oyster-Closed 0
296.0302230314119 187.91312572531083 368.54953273069987 205.9834426999453 348.669500556236 285.7577848030616 276.150304915318 267.6877784481162 Oyster-Closed 0
213.80540660998668 222.90670650982986 236.63404127963076 220.95311692086185 243.0889598902104 296.3737137508038 220.26032962640238 298.3272697656778 Oyster-SemiOpen 0
232.82814776336454 194.43843447051657 272.84492655525537 195.4120028741901 268.54029315432126 372.32426370973457 228.52351567265578 371.3507383078646 Oyster-SemiOpen 0
414.11350732052233 358.4077611389886 375.3999092660197 358.1825678700881 375.93713598678005 265.99009647284794 414.6487649999799 266.21528399999994 Oyster-Closed 0
0 216.44851420128757 57.84773007120748 209.5447994639933 81.75517200003742 415.999999999998 22.128697023497807 422.90331988380245 Oyster-Closed 0
315.3054342472933 306.43565218589265 356.52006474485825 327.8733631771599 341.0215177522623 357.66386412366694 299.8070300225809 336.22636320859203 Oyster-Closed 0
148.49193375508185 401.71512147486897 81.76738161379035 379.33353910293556 114.21542883192888 282.62586760756255 180.93621083810285 305.0067634518481 Oyster-Closed 0
341.1047031305825 354.58237211360097 349.2105026771824 326.8734409859895 414.1743019807618 345.87324795009994 406.06917926449023 373.5816005515682 Oyster-SemiOpen 0
154.0879905089132 330.0215662277906 211.63116751631605 314.09815135407433 239.28828321747278 414.0218564113964 181.7453157163036 429.94473486921623 Oyster-Closed 0
396.3555987431464 416.43736522048573 369.9748383768965 415.8218826673392 371.0366243316057 370.34478853724994 397.41655170634476 370.9602613509554 Oyster-SemiOpen 0
390.0359619999799 416.0000000000038 390.0361221352068 404.74566413533375 413.842818000001 404.74592000000797 413.8427546517123 416.00015961524025 Oyster-Closed 0
213.83742451292346 61.80793719418512 236.7717367208861 51.30337732715631 268.43467082069037 120.43134352356469 245.5003969406971 130.93583912739297 Oyster-Closed 0
82.04119771331534 90.88096443081014 102.6449646987021 71.4619214044591 159.86781355650237 132.1746761056274 139.26419899954635 151.59356128101678 Oyster-Closed 0
175.6188021327398 178.2726330338318 163.299391409917 72.91030706287339 233.63049304094238 64.68719403168627 245.9505970102182 170.04873104144002 Oyster-Closed 0
214.62621450631923 303.6516569033408 177.79933085359153 310.54081273506955 166.05772438687563 247.78055692735734 202.88350520457243 240.89150647339932 Oyster-SemiOpen 0
