203.9494526599956 147.25260167789995 197.25264437446822 163.0939348722288 155.84087309393362 145.58793085485686 162.5377121414749 129.74668889504588 Oyster-Closed 0
301.7489668841554 200.38989346796666 260.2511787096737 212.75913563407482 238.97859866604267 141.39381432165126 280.47553469401464 129.0247060067876 Oyster-Closed 0
187.80402240429976 269.55479731310743 91.36269721904682 286.2579756220259 55.74810218355924 80.62202685680363 152.18296923234084 63.91944224910975 Oyster-Closed 0
212.50176401390854 230.79261036545984 177.80992306940243 196.8724652566686 222.47174966500825 151.19785418672794 257.16321782349405 185.11764350232752 Oyster-Closed 0
316.2798878961512 186.32885372567495 332.04598648976025 215.43181210446602 278.79429548657936 244.27729368913617 263.02858188668324 215.17466582081283 Oyster-Closed 0
304.7239849674588 177.8753858228688 375.75744212040445 200.04395259987749 351.4835123319863 277.81647182918994 280.4502184578341 255.64826854480222 Oyster-Closed 0
219.99108680459176 210.7353636464653 243.01874421988396 210.09539378554052 245.1078492054039 285.2589405116298 222.08019224961754 285.89889994221977 Oyster-SemiOpen 0
240.77327968993995 182.73655632082335 280.7538673722265 186.05722622362106 266.1262176995988 362.15264205852645 226.14564659537064 358.8321128845855 Oyster-SemiOpen 0
416.0010446522101 351.4899869999999 377.68231218302026 351.4899869999999 377.683112227689 259.90037800000005 415.9999519559133 259.90037800000005 Oyster-Closed 0
4.044959579645365 196.48174489981457 64.83287313768233 192.94769364168792 77.78819387767362 415.75630401506214 17.00030015523953 419.2901436736643 Oyster-Closed 0
299.89875602676693 325.8803592477163 316.99503041120624 296.50209935865263 356.82335080429766 319.67555650845725 339.7275185364924 349.05343346446534 Oyster-Closed 0
143.8096175227838 387.5893188243402 78.91226742818981 361.58170906404376 117.0387214655093 266.467696443294 181.93266868506544 292.47453975785635 Oyster-Closed 0
340.49834573504995 345.7844413841642 349.44849544949466 318.2124103753529 413.3912061420051 338.964398150868 404.44171337016815 366.535870169484 Oyster-SemiOpen 0
153.75190200271754 315.1833814724883 212.66688823202276 302.2869270199189 236.95927534844668 413.2386363225853 178.0444324114651 426.1346248635225 Oyster-Closed 0
391.69493275070636 410.5072530843475 365.3357071462342 408.3447596209321 369.17673837646726 361.5439464354481 395.53512969201984 363.7064055669424 Oyster-SemiOpen 0
416.0002290113953 416 380.97035799997684 416 380.9706219963373 396.324818 416 396.324818 Oyster-Closed 0
229.32614032310812 50.62602546442556 253.06753200921958 41.17242234763505 280.81740179159897 110.86166394405484 257.076036816321 120.3152164364145 Oyster-Closed 0
95.58672589160415 75.94260475819294 117.27472255006069 57.11278768130238 171.15333070312772 119.16875310256336 149.46545611152396 137.99843835238366 Oyster-Closed 0
185.24114193132482 165.4082977858171 176.19577720845336 60.526098249111236 246.89799669907734 54.42872265105591 255.9440162050305 159.31021316729638 Oyster-Closed 0
216.2074579450309 291.9161893734504 178.75106002607572 296.76777473485197 170.62579013932918 234.04122982438798 208.0811147176064 229.1897144617225 Oyster-SemiOpen 0
