217.20207428630601 126.05761823972122 209.14201935106394 141.85751721930743 170.28933166468414 122.03789907322708 178.34939799288986 106.23807476699908 Oyster-Closed 0
308.42506974673233 187.07877925025872 264.88545600094585 194.1030559168441 253.05222901524394 120.756055377691 296.59100386825594 113.73184659683345 Oyster-Closed 0
84.05710613716656 46.58876783914346 182.7980493965697 46.937333220364934 182.0681611449545 253.69209487293568 83.32721787571427 253.34353922995956 Oyster-Closed 0
214.99512306015095 210.09888184525175 184.7033380607936 174.38565346456502 235.39108346888315 131.39494719331472 265.68265284305016 167.10782813263398 Oyster-Closed 0
324.1313313273713 171.9645463585169 337.3564621850128 201.31329126000037 279.5016985582297 227.38147163046222 266.2769497803929 198.03305022087062 Oyster-Closed 0
280.16212580278443 238.23530643843753 312.2568269266885 161.24392788414747 379.84580501136224 189.4172824199577 347.75235683556093 266.40759757385604 Oyster-Closed 0
225.17689828919174 189.87822481412195 248.06385582495568 192.30270818039705 240.10762941550638 267.4025677165756 217.22067767152112 264.9781209062329 Oyster-SemiOpen 0
249.84749627231213 162.6361174809692 288.6929367803896 171.10439190205827 250.39492362658711 346.76610314791395 211.5495895435779 338.29816965440733 Oyster-SemiOpen 0
416.00119846492817 342.19563600000004 370.9193931044756 342.19563600000004 370.9203754924165 249.70373300000003 415.99997527394225 249.70373300000003 Oyster-Closed 0
7.600470230656356 163.1820747139826 47.45535079711044 161.3261177614366 58.24044149202018 392.8985488421854 18.385567006735073 394.7543996632184 Oyster-Closed 0
289.64042947231064 310.2718402763632 309.7438019151996 281.32875052191724 346.76543780716383 307.03923906884995 326.66246046858214 335.98197602181244 Oyster-Closed 0
124.79670796185383 363.7986972724669 65.10449956382217 331.1210324975709 115.78278383740326 238.56572904163505 175.4722968055139 271.24247934530894 Oyster-Closed 0
328.27090645187855 332.7668154175292 339.3342758705221 305.14455464793315 400.16558924486526 329.50417963055264 389.1028426844314 357.12591236436896 Oyster-SemiOpen 0
144.86808289594774 288.99398347362956 205.75686752422553 283.8834910541817 215.4328818007889 399.14618210695085 154.5441179393274 404.25649630109507 Oyster-Closed 0
370.7461050598613 395.5237634470135 345.13022558105877 389.96648971676063 354.174545452046 348.28952767517 379.7897355108362 353.8467240130013 Oyster-SemiOpen 0
255.61326009909317 30.467103242421995 280.96141633641673 23.92127045469297 299.3784174746761 95.23908723998176 274.0302706087932 101.78489313185612 Oyster-Closed 0
187.83308850881804 97.08252583025134 163.03648896244704 113.75062893418817 118.83282497429173 47.990765783414695 143.6292383168984 31.32274843809035 Oyster-Closed 0
199.13367612755246 143.2082826932162 196.2500335793302 38.20497413633309 268.0239163060651 36.233977943888675 270.9081410258477 141.23670534404545 Oyster-Closed 0
210.4698636647554 273.25721417950535 172.44899118801186 273.0920822816887 172.723216039205 210.06877808783733 210.74308103244402 210.23390781491287 Oyster-SemiOpen 0
