198.95364560746748 136.04698645045448 192.83160159461477 157.66922206998458 143.61122255550072 143.73343889200717 149.73334747344416 122.1113424530635 Oyster-SemiOpen 0
232.58818294820594 144.00417496583373 268.9335797518106 117.44795196375607 307.4882966719233 170.21282273953142 271.1431079238646 196.76880557783008 Oyster-Closed 0
61.64622061375849 80.25659378509467 148.6112722596663 69.67794058470952 174.1247776776836 279.41036892124606 87.15980036644396 289.98866703771927 Oyster-Closed 0
209.3730833177724 150.41150158700222 253.76641436585123 159.54586877807105 241.0885873912448 221.15697780437543 196.6952852940667 212.0227042697388 Oyster-Closed 0
312.77616844056683 173.44546386984902 325.62964743632256 197.80612796299152 276.3147721558744 223.82410708645656 263.46157036325167 199.46368098399594 Oyster-Closed 0
302.4483329410905 161.80684832362715 372.367826896294 179.73819403779524 351.48588537165415 261.1566261479502 281.5664990778241 243.2255642028717 Oyster-Closed 0
217.32602051148933 199.01981918664626 237.52384770010394 196.665964913002 245.62868913193597 266.2054448099449 225.43086770535228 268.55926545083537 Oyster-SemiOpen 0
170.95748873678895 221.44171724041962 212.63342109310906 217.38327983875297 220.92657735971443 302.53593952788856 179.25065598575384 306.5942969199588 Oyster-Open 0
242.88217758387327 168.50006363328345 283.5566721273208 172.08492708578675 267.32526873307506 356.22979098736556 226.6507934241272 352.64508064617206 Oyster-SemiOpen 0
3.4395216860139044 211.62786127570234 63.91791603781894 206.33989400501022 82.16100578612895 414.9555503609729 21.68265884680295 420.24321566766713 Oyster-SemiOpen 0
416.0007677791873 341.492063 380.30057053782366 341.492063 380.3012703110944 252.573722 415.9998242625261 252.573722 Oyster-Closed 0
181.4497103431131 350.71560246855785 113.99080548646089 365.3828503322787 97.46651180123808 289.3902113473659 164.9226103217734 274.7232760575506 Oyster-Closed 0
405.62251639496753 319.8414198387017 397.2318180668408 345.1939190271231 341.38105077440923 326.71232449607794 349.77196555550836 301.3602525546623 Oyster-SemiOpen 0
300.1415980176098 365.2127154513358 293.10839408133324 330.11732177497504 348.2093848805125 319.07712976311586 355.24302863631965 354.17192169841167 Oyster-Closed 0
230.34188486518542 412.4855835072925 172.964734933008 420.1095585827859 158.40890569824478 310.57506653681077 215.7821802123799 302.9513476470423 Oyster-Closed 0
224.69012677095452 413.3183585365512 220.0370069143064 356.3408636048383 259.89614100286053 353.08656274161274 264.54995674916063 410.0633017275782 Oyster-Closed 0
379.6752789999955 400.66187699999756 377.50022305200036 374.02800156912235 416 370.884654000016 418.1753735704733 397.51817984343995 Oyster-Closed 0
217.65126365554534 42.74438244581226 236.60135803391677 32.5899343920462 270.16129096024815 95.218610382675 251.2112262619521 105.37301461623977 Oyster-Closed 0
84.59615536459023 72.48873013122753 106.21523784716919 51.24570116944884 169.00192929414334 115.14303297714794 147.38300116522805 136.38590542214638 Oyster-Closed 0
191.19367469217104 44.09487588718843 261.39148330927856 59.4264196349165 239.56027807870487 159.3822720669411 169.36251475654717 144.05086924662533 Oyster-Closed 0
