199.32936307995988 145.81053464589064 187.78722281691807 165.56080737310023 144.42969266415093 140.2232765794246 155.97182860194516 120.4731319320664 Oyster-SemiOpen 0
229.54062437048196 161.1266765980119 272.4810431868973 145.31154517576596 294.90295121085364 206.18720519104608 251.96261921086625 222.00217128641663 Oyster-Closed 0
83.1739720128644 57.67563419262959 169.41676938669116 71.89770764620421 134.93120523781909 281.00952602131986 48.688503279176075 266.78790028159926 Oyster-Closed 0
205.87808184652022 161.9438145555556 245.5195842321118 182.6445840669006 215.866447036482 239.4255964836147 176.2251057809881 218.72506095609722 Oyster-Closed 0
298.6325664061005 209.84241648972568 305.0547331885391 236.35625789000488 249.68223228634452 249.76681519320695 243.2604193056577 223.25327960737903 Oyster-Closed 0
292.27588728052433 195.75238500909632 353.7283269462714 231.58452760046572 310.59816436830806 305.54448483130665 249.14622884255004 269.71302542220155 Oyster-Closed 0
199.6451935319492 211.0998314873267 219.64265802504087 214.49987400420494 207.83503575839495 283.9397451288667 187.83758454405688 280.5397546635199 Oyster-SemiOpen 0
148.69887245155041 221.28047504734542 189.70868878327747 229.04800779068736 173.74234282126417 313.334594810088 132.732571364897 305.5672189966825 Oyster-Open 0
232.98114897710184 187.6646059225597 270.68600463743496 202.2540126933773 203.21552208506182 376.60200375627346 165.51102506547977 362.01327372588145 Oyster-SemiOpen 0
0 185.535505 13.835030000000001 185.535505 13.835030000000001 397.393965 0 397.393965 Oyster-SemiOpen 0
338.5317339510293 303.3336772153356 384.34724481279045 312.47462253650633 366.57593408093453 401.52784628054064 320.7604975370523 392.3871585457454 Oyster-Closed 0
122.08362279823632 351.7744186916144 53.12094454880207 346.8906163933062 58.68013684980906 268.4267429779451 127.63991442850966 273.3104433142364 Oyster-Closed 0
346.72374298879004 374.05043944497703 331.94562919271993 396.89872928658605 283.5550126102971 365.6071109936848 298.33305523385206 342.75925308627745 Oyster-SemiOpen 0
233.13028204449074 392.71528907865013 234.8084060914298 356.91563491246643 290.8729722596654 359.54295072810174 289.1955444953892 395.3419325916808 Oyster-Closed 0
107.85095099109458 306.69867928206145 164.90621508793265 310.02131221856155 158.58721102399068 418.50613472158807 101.53195707539271 415.1836161065793 Oyster-Closed 0
149.87392099998397 415.99999999999443 149.87497168044138 367.9369628857819 191.43571345126838 367.937811027958 191.43534942711995 416.0001700535561 Oyster-Closed 0
243.8712740423034 59.60775936565033 265.1540702678758 55.06825636210744 279.86925542615427 124.0573922437728 258.5864669884868 128.59686927339055 Oyster-Closed 0
107.27335687732193 56.57800933003686 134.35023702459148 41.66366929733938 176.79957442357045 118.72932894205812 149.72276479654101 133.64356783074678 Oyster-Closed 0
218.44525030921068 54.26982441021771 280.8801669810018 87.81309257507289 231.8877841796857 179.0014894174653 169.45311587438846 145.4585788045786 Oyster-Closed 0
