204.16338574772817 145.31926891576677 196.97762940021494 166.0991656674975 147.2422709801176 148.9010049350747 154.4280940561439 128.12125511635338 Oyster-SemiOpen 0
237.49199804549062 155.71804375517445 273.0649256758443 130.62888316716771 311.73674112148365 185.45773249815792 276.16402777994153 210.54664028397445 Oyster-Closed 0
53.61933123769268 88.2151851850702 137.52856219213936 67.54239769574708 188.6748014667828 275.13198543195267 104.76583759172718 295.8040609330584 Oyster-Closed 0
213.63905077096933 161.31532893542624 258.68378589036 170.46487867409698 246.41419553845117 230.8661850017039 201.36949000445384 221.71673235930805 Oyster-Closed 0
317.69491302996903 189.5694166214924 329.5915148784079 215.2199924602336 281.011312089744 237.749049504946 269.11501435347964 212.0987325172311 Oyster-Closed 0
306.9075796454563 178.11748205991015 378.0476918613058 196.2912897619685 357.62145251146285 276.2412237051078 286.4814545520967 258.0677196670977 Oyster-Closed 0
222.2196264064878 209.76636322783614 242.24819370749174 207.32779591415533 250.75228131561016 277.1672635443632 230.72372057940083 279.6057942005239 Oyster-SemiOpen 0
176.0023354570876 229.78956679578909 217.38558574326817 225.53473932509414 226.23228800876677 311.5692363568688 184.84905047831853 315.8239762201533 Oyster-Open 0
247.4535366018681 181.1813396041668 288.4052926747718 184.58001410307597 273.1858218072848 367.94309626739016 232.23408361084148 364.54457297887126 Oyster-SemiOpen 0
8.191861200793937 208.0105462804498 68.28891213389579 202.42355795214516 88.12754855048115 415.78944667823373 28.030551346266293 421.3761099095853 Oyster-SemiOpen 0
416.00065996174453 362.97289400000005 385.669792379922 362.97289399999994 385.67049025179585 274.327998 415.9998669596316 274.327998 Oyster-Closed 0
186.61121651485155 355.8888001894111 120.15463531275236 370.557400790727 103.30684057709004 294.2358409315168 169.76060291539034 279.56755940625203 Oyster-Closed 0
412.03550414315396 342.0298107279459 402.493438833495 366.2890995299828 345.84958014795484 344.0130439504207 355.3918184471331 319.7542043640326 Oyster-SemiOpen 0
358.48785815473457 341.4374035524162 359.1197102199003 377.45245617748844 303.1981950487061 378.4324971613704 302.5669931513694 342.4180833448621 Oyster-Closed 0
161.5802657540262 321.69527129379685 216.29517519176807 308.91817249548524 240.71077906049686 413.44986528055125 185.99602057831726 426.2265251394106 Oyster-Closed 0
228.53208339886623 366.20611629759776 268.23180097619843 365.54768130019846 269.06861659956485 415.9895993583564 229.3688992872194 416.6480229488012 Oyster-Closed 0
416.0001466294161 416 388.7292769999767 416 388.72954677151574 394.561541 416 394.561541 Oyster-Closed 0
221.75478701076645 53.506194757140854 240.24566878197584 43.798578942011005 274.1585947408894 108.39466040504783 255.66774675031047 118.10222571846313 Oyster-Closed 0
88.61066093126283 74.32069747782545 110.00467666511395 54.37749702843452 173.225929106462 122.19694892991153 151.83206688345308 142.13998998362737 Oyster-Closed 0
194.70342773560333 54.5414366341608 265.9828326284842 69.94815256373462 244.46846256516073 169.48271446799973 173.18910704853624 154.0761536164071 Oyster-Closed 0
