162.3862638639548 150.56132429107447 170.58540733362315 133.3009942734843 216.7329223175875 155.22146226560116 208.5339195869965 172.4816720251318 Oyster-Closed 0
243.28429647571465 169.7086743221284 279.608362029674 144.2869916336595 322.2526809010451 205.21653739240838 285.9288750467167 230.6379079579453 Oyster-Closed 0
179.13307622004868 278.5241863011928 91.15985094120697 285.01586159841037 76.0888379409007 80.75521295393769 164.05665190990476 74.26373163080483 Oyster-Closed 0
284.10653643830665 200.60367322001863 258.90205851276914 245.9590147082794 201.18242319318233 213.88548252819498 226.38693172920466 168.5306813901122 Oyster-Closed 0
276.128107038865 212.4712162416053 365.6022065535326 208.8705779221649 369.3036472405947 300.83993449517 279.8295497290055 304.44049813716254 Oyster-Closed 0
277.53464645601343 250.04480564337206 316.3968536270004 236.49255901981175 324.6622455980396 260.1917122634851 285.80007731148 273.7438822160738 Oyster-Closed 0
224.02912942079274 220.6679097615916 245.23285362251772 220.58299106628945 245.50773613187266 289.2122936702757 224.30401193582293 289.2972110625119 Oyster-SemiOpen 0
176.0724115250414 240.02310560693255 210.87434332600242 238.58932686122017 213.63212364561696 305.52038312867853 178.83019320406675 306.9541388803702 Oyster-SemiOpen 0
259.1268131105244 380.63328410364386 220.2669453654271 373.54222690066143 250.89231645696418 205.74988962422228 289.74885834409724 212.8406364426886 Oyster-SemiOpen 0
180.33949661138104 335.12197113632675 123.3608486776211 358.31955768284564 96.49832500470075 292.3484690200921 153.47497420388754 269.15134336474785 Oyster-Closed 0
71.87867601641483 406.4162806030553 25.72335688588646 413.9526631414644 0 190.93166401453246 35.45460809999349 183.39568319158312 Oyster-Closed 0
289.5756615673854 363.9559404037719 294.5953713434792 330.7164374962525 355.48583555238656 339.9097377986871 350.46683558212317 373.1486036278715 Oyster-Closed 0
382.29758568394755 416.00043113219454 382.2982531072703 326.12951753516296 415.9999789397734 326.1300709331954 416.000296887727 415.9999999960317 Oyster-Closed 0
401.91051632245217 377.6828997106372 391.5652148952977 402.4959406539117 338.3940302363044 380.3323650303111 348.73949561311383 355.51980481935976 Oyster-SemiOpen 0
347.9449063182183 380.0837003654648 340.26993056286665 409.1538972508957 288.25437575042815 395.4240116666332 295.9296897267559 366.3543510396151 Oyster-Closed 0
220.0248592196731 415.54676500263804 163.14506688116307 420.58474937978747 154.0988980357688 318.4551020162105 210.97496593624965 313.4172829026701 Oyster-Closed 0
232.63268497763056 58.58809038215305 251.8336053876701 49.51271597044227 290.5856082707578 131.4999010725308 271.38472827982696 140.57520767165795 Oyster-Closed 0
75.86336582422882 105.23325444935396 99.25039578223732 46.89044318448867 196.35197940608123 85.81363420428883 172.96556763451372 144.15591626833913 Oyster-Closed 0
180.86747546731203 85.86627899716876 251.452666364552 65.79758237213152 279.8670411817875 165.73395292797838 209.2819439565319 185.8024189049897 Oyster-Closed 0
