154.30422359593285 150.3368218231784 158.14805928618807 130.8792945964425 206.5608722978759 140.4428417403907 202.7171777739968 159.9002440621622 Oyster-Closed 0
309.2150119314574 178.6121668214829 269.447123700862 200.0436503941881 234.93086233264694 135.9979950520615 274.6981023558328 114.56672472967108 Oyster-Closed 0
198.49401511650285 276.4432021393544 114.84667152081238 300.8614819771112 56.74096423142328 101.82078612953649 140.3831621816389 77.40328096953675 Oyster-Closed 0
280.3821637874171 167.80944179571628 266.35146004912167 219.82978331487266 204.6775399772705 203.1958317256558 218.70858488246813 151.17602749806537 Oyster-Closed 0
274.70299202619935 179.0539852619671 360.1942047967932 157.0782961958585 383.29422461843933 246.93741719175247 297.80313914571525 268.9127274716307 Oyster-Closed 0
318.0050078823624 195.07753950475205 332.6357461787884 215.10371147948464 297.9862810792147 240.41560307572666 283.3557236525776 220.38959500586884 Oyster-Closed 0
227.60687340535515 203.15912630502044 247.97525853446496 198.67620760427914 263.0642101212761 267.227544580894 242.6958458788722 271.7103984009783 Oyster-SemiOpen 0
186.10645415579347 234.628672418569 219.35464195811073 226.04971683118748 236.4472991916591 292.2857456098718 203.19916185075272 300.86456552243504 Oyster-SemiOpen 0
253.22236713015081 180.9879047974636 291.6837478207017 180.38025239358194 294.46177753097436 356.19640323449784 256.00039764715984 356.80403042452 Oyster-SemiOpen 0
212.55127171650383 332.0405475882734 161.11066624469822 366.83493784581606 120.8088454837125 307.26173640461957 172.24793081735697 272.46805793954695 Oyster-Closed 0
117.69637921542744 415.9987049089941 62.77668391577026 437.12164955352796 0 239.57263981335362 41.69872714597659 218.45081752119862 Oyster-Closed 0
321.25130326144426 329.37957581484284 317.19634212119126 295.05426207044167 376.87513018404206 288.0051972888971 380.9305745212514 322.3299477593012 Oyster-Closed 0
419.49028599563826 311.6227670381668 415.5155706383448 339.22029484304426 370.83610836790467 332.7861416146669 374.81111595619586 305.1889697477948 Oyster-SemiOpen 0
379.4276298491677 329.9688365152647 379.52326730221466 361.03124705936733 327.0700053137225 361.1920707700518 326.9748649278408 330.13015738519107 Oyster-Closed 0
270.2933254775162 413.43371207891937 216.32539517954865 430.0261571845798 182.00240981276147 318.4095672742855 235.96659077983713 301.8177360809458 Oyster-Closed 0
200.57711912125887 39.2661580256285 217.70090750149757 26.231141027205208 272.31443334884534 97.97513755651177 255.19070322222615 111.010085741901 Oyster-Closed 0
63.00892364348692 128.2145395442751 71.35147665106342 63.57650676086425 171.24339975526527 76.46884922192152 162.90150216327675 141.10627330861115 Oyster-Closed 0
262.84263008753624 145.98722433491457 194.8653326522981 167.93229086005454 161.72748685928673 65.28452455018383 229.70349939714652 43.33968384144123 Oyster-Closed 0
