152.27996751477986 139.40779473526936 159.1277519056057 120.35743723006537 203.97699038513747 136.47825837648872 197.12933726494884 155.52850380499603 Oyster-Closed 0
295.4446799750949 192.01615892293896 249.15666860093916 201.52461167644245 235.25347600525856 133.84338099176742 281.5406022416537 124.33502152122877 Oyster-Closed 0
164.46942638419569 272.62766777948906 75.53344500898675 276.61098079104073 66.50379371579402 74.95875015671108 155.4346014326038 70.97554853888333 Oyster-Closed 0
270.16429632949803 173.752687744692 247.76776040242112 224.34515932336637 190.33167953811426 198.92014659799858 212.72837170232742 148.32818944374287 Oyster-Closed 0
352.73468381100247 269.9884134482854 262.5282290832147 268.4956391177919 264.0066404051977 179.27598742549662 354.2099250356732 180.76873558068485 Oyster-Closed 0
301.89959711214397 206.5969256260589 312.2877525470067 227.89227433557863 271.4095053718047 247.83110466353708 261.02157566118694 226.53594826036073 Oyster-Closed 0
210.88375060998442 200.16263083759003 232.0511008159956 200.69416348044766 230.3101336714244 270.01884525452823 209.14278376766742 269.4873202093145 Oyster-SemiOpen 0
162.17990949422165 224.00563431860317 197.15640610553965 223.5860950200413 197.96501654501844 290.9916418775623 162.98852002918647 291.4111747818838 Oyster-SemiOpen 0
241.7270627682483 182.56726259653416 279.0294635004975 191.22376408977934 239.14981735099354 363.0520427569319 201.84753786916554 354.3959064478066 Oyster-SemiOpen 0
96.21449686432607 268.03445923734944 159.18135064755552 278.62474860482166 147.59312601674173 347.513908545542 84.62632121931165 336.9238196734972 Oyster-Closed 0
0 194.462644 52.55627 194.462644 52.55627 407.909994 0 407.909994 Oyster-Closed 0
273.58335412946326 338.15134436538654 274.5807809284561 303.9385152226501 335.6631248440717 305.71875664227787 334.6663079677928 339.93099109564463 Oyster-Closed 0
405.02641591087377 378.234691464925 362.2037228942936 375.74253211828693 367.4601097990562 285.4579467636416 410.2805663446852 287.9500412659404 Oyster-Closed 0
382.5101943684349 337.5380720557743 374.37875312688993 364.6666905245224 321.771405038402 348.90110847865157 329.90310330956345 321.77294452411195 Oyster-SemiOpen 0
273.7452429800069 371.37243149484937 276.3589748020713 340.5090238607363 329.18078846826756 344.98117817941403 326.56761080086653 375.84407006084786 Oyster-Closed 0
202.04010094687692 413.9474383571267 144.38489693128577 417.3925467911837 137.66190436395846 304.87046059733296 195.31303517541528 301.4254736111366 Oyster-Closed 0
352.9160959999863 413.9327139999889 352.7926365230451 392.612096298941 404.0260403735083 392.31516339234685 404.1498854051606 413.6353958580739 Oyster-Closed 0
223.80445613807024 36.953666496423075 244.2130673574211 27.391030636549132 280.8237046056893 105.5250400368004 260.41512270419116 115.08762536715372 Oyster-Closed 0
68.82573509124632 104.87655961296728 86.84441860765946 41.27260542137253 180.35277535094792 67.76276475848174 162.3346496923914 131.36623402894926 Oyster-Closed 0
259.74323349000406 152.9905209770751 186.78178200068214 158.4204343574954 178.92027641287132 52.7786162172763 251.88029855634886 47.34875710790287 Oyster-Closed 0
