237.98214141469725 157.69814421941373 273.4235516641347 130.10046079895557 317.037377063898 186.1075917182928 281.5962302086773 213.70497965023495 Oyster-Closed 0
55.538230961527006 84.28024950364953 150.14935749402866 64.77982566610083 191.01889061831753 263.0608312703922 96.40794028856544 282.56065887928423 Oyster-Closed 0
215.16487463162412 155.68374900308686 261.2818504952884 174.14403459548268 234.01759761870926 242.25025002723052 187.90075974820138 223.7902000266199 Oyster-Closed 0
309.8888707252918 209.1909362963471 316.7818262726687 237.93970283041784 276.4555940415303 247.6073205064833 269.5629150864406 218.85879246058272 Oyster-Closed 0
272.9482437725601 266.4085988850122 293.08883059666914 181.18317519533267 375.9672693479697 200.76740708472238 355.8283957027088 285.9913606361825 Oyster-Closed 0
218.87693026405032 211.60414820109088 241.71875973186616 210.29393155927474 245.5399267793 276.90417678969357 222.6980991424134 278.21437457821827 Oyster-SemiOpen 0
175.22352994109679 225.62396554034152 209.05479118533185 225.509781594107 209.2722588076831 289.935631242908 175.4409975757444 290.0498135248303 Oyster-SemiOpen 0
247.0652736087286 189.1367444778172 289.44828653923105 196.62575434332075 259.33262557400667 367.040331078689 216.94969400672926 359.55163848974433 Oyster-SemiOpen 0
292.569497695451 349.71490775552496 291.57714174146895 300.7076811050474 349.1961047722034 299.5411833863234 350.18925223012775 348.54759171188823 Oyster-Closed 0
7.027925208389206 201.2533144072858 56.20145936263725 199.53645741333503 63.510500861288165 408.8502008244926 14.336973354125803 410.56696257739856 Oyster-Closed 0
120.91199428711843 382.1814073657017 63.51644527331882 343.8329210136728 120.9502636199868 257.891136970515 178.34340029038503 296.2385208814412 Oyster-Closed 0
340.43704110364706 353.4239546527527 352.5662466068097 327.6356263612434 397.34345310213394 348.691538164428 385.2147114807922 374.4794717490304 Oyster-SemiOpen 0
416.00108035476296 406.24844200000007 376.49736242686413 406.2484420000001 376.4985929274735 306.59718 415.99987163031255 306.59718 Oyster-Closed 0
285.8815841569158 377.82504758185183 288.290662653897 345.9488478034437 346.11838745978093 350.31800404797417 343.70994100119424 382.19361184078264 Oyster-Closed 0
219.16681344021345 415.45998199940766 160.72212807690084 420.1690141076623 152.1390746126781 313.64652942272255 210.5798220409888 308.9376554068766 Oyster-Closed 0
416.0001661814458 416 369.75835099998585 416 369.75858060212704 404.14852999999994 416 404.14852999999994 Oyster-Closed 0
70.4532998881914 107.34508109943341 81.18931859281292 45.1788095567338 174.47270416430183 61.288504251948524 163.73718481278775 123.45432228632095 Oyster-Closed 0
251.5735485570658 57.19789747300769 261.9894276090272 157.03939773003086 200.0370110877011 163.5018719566931 189.62180175602407 63.66100147909254 Oyster-Closed 0
159.84972628722971 143.38438414015286 166.43779002845986 127.043224232513 206.94794914799422 143.3745905940625 200.35999163125962 159.71566046244516 Oyster-Closed 0
