306.3438933912439 192.92502608314643 273.692708714756 220.70929267599817 225.3711198370802 163.92604764138355 258.0218560891335 136.142095569926 Oyster-Closed 0
35.506490136402135 119.05033183973295 122.73600470944075 84.59062370878598 199.09863758048596 277.8812902287365 111.86979689085638 312.33976014689256 Oyster-Closed 0
238.767955521751 252.10157075359538 189.83088232232694 243.54101966790648 202.50781288467988 171.08255368655506 251.44363817320846 179.64299646400258 Oyster-Closed 0
305.7035093385057 210.25052535457488 316.9403875791322 238.5107321378359 279.81880142929003 253.26938915197172 268.5821942296607 225.00941181732392 Oyster-Closed 0
276.4556004292572 272.1322163261077 285.8156096605344 184.68325223202592 371.19279735884993 193.8206384797239 361.8344592832509 281.26809013049433 Oyster-Closed 0
217.4716283272137 225.060599221516 239.17949549154582 219.80167758432447 255.1635577286761 285.77388701258207 233.45571956457206 291.0327280464883 Oyster-SemiOpen 0
177.58408704984322 244.52746667337854 210.12407078183242 238.40191331862127 222.34465917406123 303.31180131657766 189.8047027017019 309.4372573210592 Oyster-SemiOpen 0
240.57169818491093 199.16521801331777 283.11114664893466 198.59675596150635 285.4463331299339 373.32254607974164 242.90688525627775 373.8909830731711 Oyster-SemiOpen 0
313.42274194528363 353.7126794736044 305.8398017893378 304.31655575484893 362.65955820910676 295.5956299445798 370.2431559747856 344.9909286623966 Oyster-Closed 0
9.613684124349675 241.27216491988207 65.85365844487387 231.84966539629676 96.71151200001987 415.99999999999983 40.47166591378118 425.42198822175493 Oyster-Closed 0
154.21236656651672 407.07047976096305 89.77633996698933 379.61202318249104 129.74508027835327 285.84395353708777 194.17763593364725 313.3015700891224 Oyster-Closed 0
360.46934803720796 350.69986612925754 369.1795482047055 323.8364592131846 417.4335581542 339.4790835627953 408.72384501761917 366.3420758050857 Oyster-SemiOpen 0
416.0005205173802 380.101671 391.30161436199705 380.101671 391.30229658016833 295.951742 416 295.951742 Oyster-Closed 0
312.1996432217202 382.64238326277666 310.4751441830522 350.26963206235433 367.88591789299244 347.21182238571816 369.610980380392 379.58397616349225 Oyster-Closed 0
251.7620970307362 415.1260514707897 196.49670829371098 429.8094465894453 171.61800637960914 336.189315438736 226.8801244897004 321.50637114092393 Oyster-Closed 0
416.00007626117804 416 396.07300600003146 416 396.07315018502413 400.63638199999997 416 400.63638199999997 Oyster-Closed 0
52.183984824201616 138.90972072169453 55.02719434049868 75.36844599681766 150.10134898396063 79.6224718456294 147.25874918517002 143.16314185089962 Oyster-Closed 0
162.08451621796485 80.71315419578647 220.45215680576803 64.10384857588477 248.7276034051756 163.46606307083334 190.36003972061008 180.0751812393162 Oyster-Closed 0
146.47363519436112 163.4299923030978 150.94224633237172 146.48730820176058 193.6108047610178 157.7405185560095 189.1423165034539 174.68309717251782 Oyster-Closed 0
