242.36800204340034 149.50914456202983 277.06850386932274 120.74639705300162 322.31694250167857 175.33374329917282 287.6167087094873 204.0962001292305 Oyster-Closed 0
57.89817891163693 82.17972667219254 152.0097943792025 59.91565493957474 198.65312685272875 257.0727945835693 104.5417365127978 279.33620127566974 Oyster-Closed 0
219.5914124091214 148.27670674024554 266.16437919185046 165.2890390744046 240.91206593252718 234.41551257937488 194.33921330185694 217.40338941068217 Oyster-Closed 0
315.70347426646913 198.64100561684555 323.6004373758842 227.137001983171 283.5253097472814 238.24159395554432 275.62861190482 209.74582434569874 Oyster-Closed 0
280.7829247021509 257.245968888665 298.04077417420194 171.1364150876489 381.3521081429608 187.8321150752043 364.09588491660907 273.9402590999274 Oyster-Closed 0
224.8975303650186 204.13883299939673 247.69738623479134 202.1649904854309 253.46389714559336 268.76783687759695 230.6640451504536 270.74165183197067 Oyster-SemiOpen 0
181.68753403652954 219.7153738397588 215.49888446640034 218.61583910533537 217.5958170505437 283.0910777430704 183.78446742494998 284.1905968281134 Oyster-SemiOpen 0
252.42706379876472 180.67098165720657 294.96949224235505 186.89560438667638 269.846384705339 358.5809009207943 227.3040108155801 352.35653456741676 Oyster-SemiOpen 0
302.6430701376121 339.91568610865835 299.9329211678014 290.8992800879969 357.4235648587128 287.72114775963104 360.1344475528713 336.7367627335508 Oyster-Closed 0
12.895891380292596 201.23746516488922 62.004838239572564 198.09100810422535 75.40090132331898 407.1440796617768 26.291974411680712 410.2903625692319 Oyster-Closed 0
131.97744283356587 378.43391064333906 73.52505077921887 342.0063633648795 128.41020892682354 253.95526979015307 186.8600660778793 290.3817789818154 Oyster-Closed 0
350.5683702829192 341.9808969804753 361.87374993478807 315.7102586926712 407.20420771295903 335.2140353185929 395.8992840559731 361.48428673539314 Oyster-SemiOpen 0
416.00082777406715 390.14470500000004 385.69110241776434 390.14470500000004 385.6920213643898 292.858408 415.9999988207783 292.858408 Oyster-Closed 0
296.8165080955696 368.3015670234941 298.11780009124413 336.29516636955776 355.99509196933286 338.64755497254237 354.6943987738814 370.653379227618 Oyster-Closed 0
231.6000988936721 412.46300526119046 173.29393647937104 418.86925739883077 161.1771507629419 308.5987228095201 219.47931624960984 302.1926897274143 Oyster-Closed 0
370.8101620000234 411.9954330000063 370.57250312150063 391.52909253042867 416 391.00138400002106 416.23798345842806 411.4674010186508 Oyster-Closed 0
73.66188012751809 105.03139974632668 82.26935206022972 42.372031201509046 175.84750901956795 55.22663559855796 167.2405058252698 117.88556935811349 Oyster-Closed 0
252.65592357201604 48.53601658709046 266.5793107696154 148.05135751533612 204.83964019874475 156.68882018735408 190.9168888062486 57.17406569596008 Oyster-Closed 0
163.9645102430186 137.98829792282166 170.0213782360879 121.37886334079968 210.96822826473363 136.31019552127785 204.91146327465322 152.91954277280286 Oyster-Closed 0
