189.0659025087989 148.1345956788669 185.362994021365 163.54378808308016 138.78316454852393 152.35067146670437 142.48613895574817 136.9415759071135 Oyster-Closed 0
291.2858243188857 188.1536695971195 249.90640164984507 203.3211180048915 224.82884182636553 134.90726389648427 266.20750604027126 119.73996629408822 Oyster-Closed 0
184.51547941357785 268.2078977816964 87.0113403813084 288.7016870054825 46.7604611727802 97.19758833633276 144.25818643571984 76.70452657957489 Oyster-Closed 0
214.54011169740988 232.2234202988484 173.3746871472904 197.72020871795524 217.08007265506967 145.57964101186454 258.24493835255635 180.08247004974652 Oyster-Closed 0
311.9606257092273 219.53021208657546 279.0801313926895 231.54899339202512 266.2007319857403 196.31630220955032 299.0808160036322 184.29760379721228 Oyster-Closed 0
293.13871909840236 170.18195753416066 357.11974060411376 169.51578977041515 358.0314198890592 257.0702797844813 294.0503987668053 257.7364366242884 Oyster-Closed 0
208.73778768453485 202.07696379789732 230.31954687246616 196.30481071283575 249.17748806703094 266.80729764276896 227.59576237454894 272.57936360584773 Oyster-SemiOpen 0
230.15362211234242 182.50516469495273 272.5351002379066 180.99716314432698 278.8418230836469 358.22452848513745 236.46034784030417 359.7324674262814 Oyster-SemiOpen 0
296.42649888612505 322.98295449077045 294.293447654356 288.32990380339606 353.148274046991 284.70753603693026 355.28183744217677 319.3600362455226 Oyster-Closed 0
3.7671941253393015 240.07126694749036 56.81878337144008 233.26478412085987 80.2675450000097 416.00000000000165 27.216020760788524 422.8061166998155 Oyster-Closed 0
149.2500396898904 393.60326637417984 81.680120950743 368.88999955938516 116.9099672457487 272.5927368620889 184.476152112431 297.3052435050036 Oyster-Closed 0
351.9860672681825 318.6383503586563 360.03205917480955 358.7694119869536 304.6295129642058 369.874097589763 296.5843068849972 329.7437266737791 Oyster-Closed 0
416.00034844606853 365.26849500000003 397.3144163154211 365.26849500000003 397.3147422412112 304.641419 416 304.641419 Oyster-Closed 0
157.2419485336759 324.8826907824267 215.89849549017163 304.8333420673526 252.6099888275421 412.21388400810787 193.95379957211844 432.26250003386787 Oyster-Closed 0
375.1757024972976 403.82763494121923 371.8326113997173 372.1129811829482 416 367.45836000000196 419.3435113627638 399.17253392653316 Oyster-Closed 0
60.00190753427887 173.72757851763112 22.29445612217023 101.56407231546513 104.93732018488299 58.381901065542145 142.64487045936767 130.54474173642905 Oyster-Closed 0
246.07930687730914 153.77735245940698 179.1855445993242 168.7599309009568 155.91019891987526 64.84016933225736 222.8025551405808 49.857759831480315 Oyster-Closed 0
209.27950768307346 290.3927414535967 169.89665322301516 290.6266937196864 169.56936908697026 235.4506347928736 208.95121893396936 235.21668550866528 Oyster-SemiOpen 0
353.92567447484544 329.9663799255839 358.72341528997276 302.52693220543205 404.1197509845442 310.46289101405785 399.3224121696694 337.90198366778304 Oyster-SemiOpen 0
