185.96040813888249 153.33045988659737 181.54997406876282 168.5511688174699 135.4813363485955 155.2024469913527 139.89182889234507 139.9818364261241 Oyster-Closed 0
286.3478789967194 198.0630937086732 244.26446735627906 211.32374559963583 222.3585008685186 141.8061095280657 264.4410783919993 128.54559678517174 Oyster-Closed 0
175.82175659024506 273.0275873147773 77.3481655194264 289.01065269061166 45.9969750429118 95.84660349115944 144.46394825012976 79.86411079910873 Oyster-Closed 0
207.52782453699547 238.50748702201815 168.01139595186396 202.07108737182148 214.13483494773027 152.05263292181255 253.6507626394923 188.48861427489982 Oyster-Closed 0
305.5616908207958 230.34536230491918 272.12333546670925 240.8489654482496 260.88076506165817 205.0605285381742 294.31867252005395 194.5570012049516 Oyster-Closed 0
289.03778664470155 180.20053052483084 353.06608023892477 182.5152749256921 349.9029313746396 270.00424859349164 285.8746392293069 267.6895441661478 Oyster-Closed 0
203.13297576740297 208.13314000098504 224.98539961477945 203.35772904821127 240.56505031173947 274.64390128171794 218.71265009235503 279.41923803471235 Oyster-SemiOpen 0
225.46304646214412 189.5762034153645 267.92540706446744 190.0408164614028 265.98519381662845 367.34198491911326 223.5228337255503 366.87739175248066 Oyster-SemiOpen 0
285.213585987658 332.9656146254173 284.69863384384007 298.2559248318537 343.73574776604073 297.3800271291192 344.2512623458897 332.08914414541704 Oyster-Closed 0
0 238.17438681779518 49.86926014071287 233.8274112153347 64.7028579999751 416.0000000000009 11.30841550873447 420.34674512240747 Oyster-Closed 0
134.70514976180493 396.66248837834013 68.2955277719011 368.76730021735733 108.01418270404974 274.23529031292276 174.42021795113033 302.12961403153355 Oyster-Closed 0
341.0008622501555 331.21313992873183 347.15854405585196 371.67287811212464 291.22587584775465 380.1826927963106 285.06899644597434 339.72367518594257 Oyster-Closed 0
407.56783263317266 381.6766522776322 384.6582942895802 381.14353690496205 386.15727321558734 316.7598293728166 409.0658949999888 317.29293400000006 Oyster-Closed 0
145.91504121588514 328.40901987565144 205.5039553803217 311.0635420477172 235.27912630960054 413.33128063282885 175.69046439972226 430.67615888679313 Oyster-Closed 0
360.21990017342614 417.3790535303829 358.29908837892435 384.4804795278554 407.5690259999792 381.6045469999991 409.4903739245601 414.50254405756533 Oyster-Closed 0
55.67137719960738 172.88280270908132 21.402466110994283 99.01032498808475 106.07772511855 59.73098815060619 140.3468245393342 133.60278118213756 Oyster-Closed 0
242.7271793450418 161.6075381375734 175.12632660153395 173.49663674591875 156.6810815020799 68.61619580901834 224.28042140778052 56.72723796485862 Oyster-Closed 0
199.56229356737822 296.3557424429998 160.15854151317762 294.7545893322606 162.39927995451217 239.63150058529652 201.8020087861878 241.2326328931939 Oyster-SemiOpen 0
342.4137296746194 342.6214580916161 348.47575109061654 315.4362895982868 393.51129097907324 325.47672935222016 387.4496931575013 352.6615303486228 Oyster-SemiOpen 0
