200.65116667145048 139.79484159619764 197.07810067224636 155.15606600669298 150.0494710502826 144.21727595441115 153.62260082602006 128.85614349706483 Oyster-Closed 0
304.0414170642907 179.19085287212224 263.3443356071584 195.3452745925149 236.08997070263285 126.6865320260957 276.7863499462328 110.5322638153778 Oyster-Closed 0
199.31780952494228 259.270373020727 102.7833920748053 282.4248022864708 56.70688024433912 90.32533562233087 153.23519880364256 67.17170426968805 Oyster-Closed 0
228.49057105684915 223.71511962988183 186.14833222831658 189.58764459122185 228.43420588659865 137.12683417361683 270.77588138321516 171.25395175317888 Oyster-Closed 0
325.51974324190815 210.10408743651317 293.1801998941337 222.9079826803229 279.2618056463689 187.75556110746666 311.6009661024473 174.9517510696481 Oyster-Closed 0
305.3946876724767 161.6898512074653 369.38178310673175 159.15750868924016 372.8717790590381 247.33680063594312 308.88468683143947 249.86910308314685 Oyster-Closed 0
221.86947602148211 193.8618350422903 243.18118159420555 187.52459212124924 264.0565653890262 257.72124344384576 242.74489895767692 264.0583939086537 Oyster-SemiOpen 0
242.70520648929232 174.49810293940186 285.03488266228305 171.75588059486537 296.50254816217057 348.7559164942693 254.17288199648465 351.4980287161459 Oyster-SemiOpen 0
312.9872292637374 314.03895059568504 310.64744942618927 279.33573646610193 369.301362254937 275.3815751489437 371.6416344161371 310.0842559903083 Oyster-Closed 0
17.665985189945786 232.84293371483312 70.8797868307156 224.4509445507833 100.82915500002491 414.33024199999954 47.61546246838407 422.72177114391644 Oyster-Closed 0
167.939304539781 385.143889811817 99.15725570363429 362.0137799245007 131.65665640337465 265.3965490442186 200.43496140349816 288.5259684340354 Oyster-Closed 0
369.12562779349537 309.2579861235371 377.47465144143644 349.53363023836744 322.2647028632309 360.975438215187 313.91644724778234 320.7004674929308 Oyster-Closed 0
174.03926015174147 317.355487890299 231.78343614325422 295.8707075311831 272.41160633874824 405.0436098598965 214.6678478072863 426.5275939131944 Oyster-Closed 0
416.0002095804375 394.399953 393.8439777974927 394.399953 393.8441919789948 366.04130299999997 416 366.04130299999997 Oyster-Closed 0
71.97303102629667 166.14790594725486 33.11793114638931 93.64746777416258 114.62891729442345 49.96428463448093 153.48408912000377 122.46410342443743 Oyster-Closed 0
257.63635991867704 144.52774877516296 191.4503376232351 161.31926439819196 165.07250409495828 57.34706140511563 231.25723874071628 40.55572309270639 Oyster-Closed 0
224.89554606401725 281.50166394286225 185.49973203876652 282.8843389549752 183.55522653526714 227.47259419451996 222.9500636301782 226.0899363330416 Oyster-SemiOpen 0
370.46171306010365 320.6061680642862 375.0601925454648 293.232146611447 419.4237587671887 300.6833238041037 414.8256580550915 328.0570092348622 Oyster-SemiOpen 0
