147.83086864999132 146.35078694704245 156.54277294365602 130.93763603769452 202.80434983376472 157.08475824052204 194.09257129539037 172.49780021582757 Oyster-Closed 0
234.0693513694241 163.37632457321914 267.44499433405144 134.62705945796824 308.4801671553505 182.26350780841543 275.10478486999637 211.012495380571 Oyster-Closed 0
61.782366230014304 91.69674938113803 152.89136102399425 79.04255411568487 180.41924778526663 277.23118251637845 89.3103250873537 289.88495832706343 Oyster-Closed 0
236.68945899128812 230.9636872505104 191.70919933238838 202.45178375956476 217.62534028745358 161.56996415267804 262.60504909241354 190.08163709096732 Oyster-Closed 0
274.3352449804661 206.8045056411947 318.5551776437933 195.6813394027989 326.56532250403325 227.52305476683063 282.34541579029974 238.64615110202752 Oyster-Closed 0
300.5750010999109 192.03178083228292 368.4004927651695 196.38123092761123 362.8009100736781 283.693352714264 294.9754245186741 279.3439819329115 Oyster-Closed 0
219.49917625188027 219.32671410950093 239.41569972945945 215.7748474129577 250.60659002825923 278.51960123686723 230.69007996469372 282.07141840000696 Oyster-SemiOpen 0
249.42168831604795 197.8568225312925 290.19179262774196 201.5438410593526 274.5974020451649 373.9607066717203 233.82731776879518 370.27384818916033 Oyster-SemiOpen 0
304.12109916744157 344.4822959132092 307.88690068569485 307.4639071287527 365.12471018969154 313.28540101962426 361.3595787958948 350.30317047933863 Oyster-Closed 0
190.85198161037988 364.3302456068966 124.65309071274532 381.05512167392135 103.59516811453068 297.71733971186245 169.79088654312 280.9928854177638 Oyster-Closed 0
11.34793170872581 229.9639327154601 62.52412030679989 225.80258611746314 77.99074003526039 415.9806997125285 26.814580653121084 420.14182177120296 Oyster-Closed 0
354.75360062257823 352.7980502607604 354.0015293291799 384.9993598816014 306.69993022338895 383.89422500762834 307.4524820265142 351.6934044999896 Oyster-Closed 0
416.0001392795457 399.146492 406.284405676397 399.146492 406.2845608331081 353.12679299999996 416 353.12679299999996 Oyster-Closed 0
235.14377215434433 415.92813160358 184.57742642400626 426.91264843579694 162.81015049558846 326.7267407730591 213.3733125428298 315.7425760314829 Oyster-Closed 0
416.0001832977541 416 383.54459400001724 416 383.5448004338614 399.358016 416 399.358016 Oyster-Closed 0
53.12839788191559 93.85582524102927 72.03102557772581 53.04588121680985 168.6388197419219 97.79274191535204 149.73663664883497 138.60230678345656 Oyster-Closed 0
175.98969751244294 70.51613363264417 235.72974616801002 58.32973285832753 257.42156206557047 164.66514752376 197.681555678344 176.85141071963307 Oyster-Closed 0
359.0571904400458 354.4137911673365 363.3474374042089 334.56413091363737 405.5361741084198 343.68063245779916 401.24622922067283 363.5300295973832 Oyster-SemiOpen 0
176.07303191522806 241.3200885921483 211.15360698468066 237.28623501412397 217.5088839956661 292.5486538079215 182.42831765200026 296.5824547836216 Oyster-SemiOpen 0
