138.77818850113545 145.93309155973608 147.56254379270467 129.91662575075998 192.89575848599634 154.77895710224058 184.1115296412936 170.79531378746393 Oyster-Closed 0
224.29941459491965 166.11219726169526 256.50805268365 131.01864959572305 299.4056834638395 170.3881533343411 267.1973641862678 205.48139398654638 Oyster-Closed 0
54.32293801592459 91.32970531753074 146.78475101478762 82.21655694048977 166.10363606203828 278.2159982304776 73.6418573707524 287.32884863326484 Oyster-Closed 0
223.89867773722654 228.43387973824443 180.82756229954612 199.89231649048696 208.44448250510322 158.21985354449237 251.51507502359163 186.76118192385417 Oyster-Closed 0
262.851566567173 202.42415660556532 308.228415060581 192.78520176167027 315.0139937725871 224.72696099210128 269.6371641605838 234.36585670118646 Oyster-Closed 0
289.9650710312999 185.70303456831402 357.2878011991561 192.75457092172576 348.23044005795964 279.2197886705356 280.90772704613846 272.168377088751 Oyster-Closed 0
207.32621169940103 216.11174913413777 227.62086477806588 213.30404071663784 236.33638759929454 276.29524741871796 216.04174276629055 279.10291720840155 Oyster-SemiOpen 0
238.44877854051447 193.3232359636477 278.80328420194564 198.6059995205711 256.1057200643736 371.9688420929107 215.75125676388416 366.68630736167 Oyster-SemiOpen 0
288.4543256754987 339.8749012888466 291.17660402279944 302.48478258308364 347.19664123237453 306.5626232168193 344.4749993188998 343.9521421403375 Oyster-Closed 0
173.34180902991284 365.58925659862047 105.40406764984436 380.0968966267875 87.62026346683342 296.8279056723878 155.554734856305 282.32062810791274 Oyster-Closed 0
0 234.11740326570782 49.972460871682415 232.01853666514597 57.45488929198473 415.9961362844365 5.839635939672007 418.09489238102043 Oyster-Closed 0
337.21497908664605 346.63307906854874 337.40347896889944 378.90835968660775 289.51569581692456 379.1873093479417 289.3276908191365 346.91251725879033 Oyster-Closed 0
411.6564922746584 392.68985761962807 387.95166547029294 392.41408997241933 388.54872091825746 341.1359173123917 412.25276560454586 341.4116804212754 Oyster-Closed 0
215.5007480520144 415.782357934853 163.7767728940853 424.97197171563994 145.8751727946037 324.2284929273812 197.5958704604418 315.0391721174915 Oyster-Closed 0
359.3782040000042 415.99999999999164 359.37903233918405 388.03120698093943 411.71028799998385 388.03246400001876 411.70997766059736 416.00074213587175 Oyster-Closed 0
46.10880178194566 96.13124602541859 64.8093871344463 53.83880780027192 159.73561998656078 95.81208519901685 141.0354839208485 138.10414004233834 Oyster-Closed 0
169.5327088501508 66.80388203878513 230.56214731013824 56.77891367513455 247.92918767321316 162.50311808326805 186.89977663838363 172.52797739779737 Oyster-Closed 0
342.6261082420788 348.2791976211506 346.4454692105137 328.0202935289385 388.00789841112055 335.85425076844956 384.1888304999047 356.11289699311106 Oyster-SemiOpen 0
162.9541008988126 239.5758558767872 198.4653063575497 236.9302037116407 202.5068481834096 291.17137003176816 166.9956462727896 293.816988665307 Oyster-SemiOpen 0
