149.4243734456213 146.74341295203965 158.76148074259982 131.8567932649055 204.10299429392035 160.29445639640508 194.766008984152 175.18096872166788 Oyster-Closed 0
235.44644512740342 168.4838724961626 269.80452855903786 141.2792471252496 308.87899608956286 190.6259092461165 274.5211582429838 217.83026164658787 Oyster-Closed 0
65.36815129134993 88.30421684924275 157.16365897296055 79.2828427076802 176.70834837908114 278.147082213486 84.91287470534735 287.1681593600105 Oyster-Closed 0
235.05594322092293 235.6041981184221 191.21195043086118 204.72230110452898 218.87861006700768 165.4463865351694 262.7220923103887 196.32802985713883 Oyster-Closed 0
273.8613585150706 213.57599309412777 318.54150113950527 204.1993739457883 325.2617519847736 236.21909066027987 280.5816284483699 245.5956489918267 Oyster-Closed 0
300.7539316859147 200.41676467109713 368.6910674928258 207.6313390491899 359.48384935172726 294.3238248475408 291.5467327017541 287.1093867532344 Oyster-Closed 0
218.34596905048238 223.22756922742607 238.4328479754622 220.4655884277667 247.08022195198282 283.34815807995744 226.99335129621613 286.11009985454496 Oyster-SemiOpen 0
249.19989199774864 203.46177050491394 290.0011239565865 208.88885330602528 267.3073746400805 379.4795151821439 226.50618762186787 374.0526710730636 Oyster-SemiOpen 0
297.92449044439854 351.94881417873404 303.55514454781587 315.3924082834251 360.8854420322932 324.22096088845007 355.25549459771355 360.7767331768348 Oyster-Closed 0
183.52739017096974 365.1337288668467 116.63775515805537 379.24428941633687 98.93983912010299 295.3598852177148 165.8262398164079 281.24967849395154 Oyster-Closed 0
9.073780491715297 222.68639215817214 60.55652381248001 220.5890613370363 68.51754692314353 415.97638152626706 17.03481155444024 418.07359783534304 Oyster-Closed 0
348.60492192869424 362.9170388551881 346.18356412961657 394.8683482414543 298.7892276686907 391.27691382605536 301.21104574396304 359.3261037816393 Oyster-Closed 0
416.00029260315205 413.709463 399.2534291224474 413.709463 399.2537062404517 364.207643 416 364.207643 Oyster-Closed 0
225.12079866275235 415.9997439965072 174.09245340207417 424.7986408293769 157.25458453090687 327.1647695745433 208.27985242288923 318.3661353249429 Oyster-Closed 0
56.553373558301246 89.54753409850844 77.19183642998541 49.97033577233671 172.27839081998536 99.55484294750165 151.64035421122753 139.13167763126486 Oyster-Closed 0
180.84091625718065 73.29735156767475 241.13098853396878 63.47494636129522 258.54961120956796 170.38853426698245 198.2595675353623 180.21082486211975 Oyster-Closed 0
352.72305225170203 364.72483587546844 357.96517567793853 345.2486476909996 399.9506318668573 356.5465998704902 394.70882147456723 376.02251937185184 Oyster-SemiOpen 0
173.86492142681163 242.71377384392162 209.18774885202947 240.08461858148178 213.32030265499634 295.59900404257866 177.99747888884667 298.22812469977293 Oyster-SemiOpen 0
