35.8121609959926 128.26535692505394 83.04034048072936 138.11960279474647 71.64120206798907 192.74957273827124 24.413044653483666 182.8954042924012 Oyster-Closed 0
4.793073999979242 274.5950390000003 16.882256149889145 274.38405663645966 17.793930826297583 326.61458476703206 5.704748755935725 326.82556421368264 Oyster-Closed 0
383.660531330861 288.1088818213607 439.7778438769383 357.07279230856574 317.7992132899017 456.30178777780986 261.68563701658786 387.34131555699554 Oyster-Closed 0
252.57577789729112 70.72752011172139 226.37219414140054 14.45579936300887 290.0483560172506 0 316.251963482242 41.07591632267364 Oyster-Closed 0
169.29659910930786 58.55363198081121 170.1069595776753 12.2468482863764 210.5363038245123 12.954364072264962 209.72600381095617 59.261084422581106 Oyster-Closed 0
416.00014187228226 136.931533 398.3733584975307 136.931533 398.3735096677592 29.234874999999988 415.9999966141477 29.23487500000001 Oyster-Closed 0
405.2543060406606 162.43882935226725 420.6567765851978 197.68612159278825 370.910109537519 219.42276771505524 355.50801910853625 184.17579863891933 Oyster-Closed 0
329.08884419228707 195.36778217220416 393.334352214908 215.4474563860532 348.43999936047476 359.0702112673561 284.1948254325471 338.99126753573177 Oyster-Closed 0
207.12781166899367 75.58264881576822 224.20014012388128 41.36264997961619 281.3034942591621 69.85126245153482 264.2313352557503 104.07111553818135 Oyster-Closed 0
300.08970317926287 103.52391948606038 361.8928559340602 105.24694267964871 358.8327834504089 215.0044400802476 297.0296310984122 213.28144376258354 Oyster-SemiOpen 0
264.6495540004835 107.70105475242558 265.58156079448963 54.448166349375406 323.21332994763 55.45681321761245 322.28154995583463 108.70947116217539 Oyster-Closed 0
416.0010485998646 345.72926500000005 382.3962959193814 345.72926500000005 382.39743091461787 207.80059499999993 415.99998109631997 207.80059499999993 Oyster-Open 0
54.94744344474748 243.60032798790022 98.9991667487775 255.09527442469837 80.641329987262 325.4377080709027 36.58968597215426 313.9429709619728 Oyster-SemiOpen 0
