56.46529881347669 163.42028044608148 50.09290980714286 218.86320835085093 2.180159092255053 213.35624399265413 8.552932390273781 157.91375380820475 Oyster-Closed 0
367.3196142665838 277.78538875705544 431.3389533798545 345.059224120245 311.3816749020407 459.1833465290476 247.3659975287519 391.9130529645033 Oyster-Closed 0
224.46952573580347 77.21772971010061 192.60694514051283 22.527908798261425 255.24839147963212 0 287.1109717572981 40.72245994694826 Oyster-Closed 0
140.5421935371669 74.43315277727595 136.31690011870887 28.80147593777884 177.08058403848554 25.02696308536809 181.3059505227211 70.65855404798081 Oyster-Closed 0
398.5970377278827 125.07681699999998 371.8942389511576 125.07681700000003 371.89440787895 18.599609999999995 398.59685955123496 18.599609999999974 Oyster-Closed 0
382.0507908832333 151.34778637225236 400.1400011467631 184.06982775222656 351.3425596878369 211.04381773799057 333.2536882973218 178.32206881517277 Oyster-Closed 0
308.42882094714514 189.08278609292742 373.0380359075134 205.58528673602282 334.9902532180604 354.5291089353309 270.3812675082045 338.0272091385358 Oyster-Closed 0
180.1317877314068 87.5999719176318 193.65715626805468 51.205578665024085 251.31489747127125 72.63291669349374 237.78972027439158 109.02714511167672 Oyster-Closed 0
273.6913217901056 103.58728883424125 335.9283501267928 102.04988203195893 338.5897178134619 209.78287138580845 276.3526909199427 211.32025501270624 Oyster-SemiOpen 0
289.3174334335781 53.04033178099171 298.4931875074544 103.79008419151283 239.3636667234423 114.48054788803229 230.18817094854603 63.731027407350645 Oyster-Closed 0
387.14240793702993 327.428595135671 356.0433744018628 324.70805702602615 367.4173641113812 194.71758223091607 398.5146666024484 197.43804773194557 Oyster-Open 0
59.695405484548246 350.88168568631863 16.136820186278783 337.32951861262995 37.52193706075923 268.6097924141779 81.07893635205983 282.16169486837674 Oyster-SemiOpen 0
