26.401700441270805 203.20966853839303 34.690749037021305 148.94562164940325 84.70346270765003 156.58490237642738 76.41490074186004 210.84851242306914 Oyster-Closed 0
18.1727318298108 292.73887874879176 37.068094608672254 291.0894305564349 42.67263088719483 355.2813055893742 23.777272201794403 356.9307234895138 Oyster-Closed 0
416.0027508529638 415.035862 308.7288630000112 415.035862 308.7337384890234 291.8529230000001 415.9994758539142 291.8529230000001 Oyster-Closed 0
241.42789089484722 81.81238410657637 208.95723531210388 22.543258818718098 267.71324861538596 0 300.1839106139487 49.62280913538527 Oyster-Closed 0
156.2111023271973 73.23275330123222 154.86173840298216 26.950994299191578 195.38568906202636 25.769525004839377 196.73513362147423 72.0511941927233 Oyster-Closed 0
388.9638700991309 32.833320910785105 414.7062242655229 32.191936779571265 417.3863148155906 139.7579289297321 391.6439608477849 140.39930786424284 Oyster-Closed 0
407.80294179265184 165.25882761456953 426.0453453230657 200.68231743342108 379.58248387770436 224.6077907299279 361.34045292204974 189.18462038997063 Oyster-Closed 0
335.30995629237077 204.23972357853734 403.0480952816142 215.78045309326376 378.43737179051095 360.21441249367507 310.69934117791126 348.6740991587724 Oyster-Closed 0
196.06448483357235 87.79294070329777 210.42289286706364 53.81026504473967 272.65055312711775 80.10250601072462 258.2923507896412 114.08500521091506 Oyster-Closed 0
333.4339361961065 227.50100741665676 266.6044070486896 148.01046793324576 316.9536463362019 105.68348677947984 383.78268465875226 185.17322708917519 Oyster-SemiOpen 0
254.62675913596468 66.2983119894663 311.3785739077648 61.34334814136639 315.98832693722943 114.14065735392593 259.2365154537147 119.09560010457997 Oyster-Closed 0
416.00042758109703 308.843971 395.79141306606834 308.843971 395.79184564086245 211.06000900000004 415.9999965075949 211.06000900000004 Oyster-Open 0
69.12494696719295 263.997179759545 115.08262252253917 269.50185772619074 106.53842604389865 340.82500064317213 60.58076945385619 335.3204279999242 Oyster-SemiOpen 0
