0 145.7875059461862 13.931603651279147 119.54793420091949 57.2209270135063 154.76514474197216 35.87370062731134 181.00451998525628 Oyster-Closed 0
337.6394640000217 416.00000000002115 337.6397252683382 399.21413215933103 365.05252547006967 399.21448565686575 365.0524293580602 416.00018892998753 Oyster-SemiOpen 0
226.882060142485 105.77829667417633 216.39536853461323 38.76218091767209 289.2329217248407 27.364616856757003 299.71984612358574 94.38044072403255 Oyster-Closed 0
152.80064070719163 40.108082295867284 201.3299907723631 53.72139702818676 178.29200477520862 135.84723410743072 129.76269130393484 122.23400716902853 Oyster-Closed 0
132.33929362117124 131.62823932218794 115.73426540370201 126.94365862872121 136.25388667404695 54.21124423734225 152.8587248154363 58.89579676999206 Oyster-Closed 0
402.1642629275193 201.01997572237426 372.85173449192007 198.62730177918013 380.7209696816426 102.23162439468793 410.0327386643512 104.62426699564513 Oyster-Closed 0
322.51722326039817 264.8959375681167 266.6389359617024 270.82725344265754 254.77687221227825 159.07387162174967 310.65271298712105 153.1426909194386 Oyster-SemiOpen 0
237.18901919364725 154.39226069583177 236.817039176025 102.24738979041881 297.37311425339794 101.81536457066476 297.745445933062 153.9598875569798 Oyster-Closed 0
187.4875495364431 101.38704343587587 207.85951883815142 74.38033230415327 258.9026029891975 112.88301585248978 238.5308149081975 139.88956409003066 Oyster-Closed 0
277.29770339577226 381.1931140667728 228.21023444714592 324.0242386358728 353.05022671643746 216.84890181635436 402.1362203422941 274.01545847286275 Oyster-Closed 0
0 152.756365 26.009972 152.756365 26.009972 222.253708 0 222.253708 Oyster-Closed 0
366.11920568135974 413.0669731791533 310.4827321788507 403.13149772600354 334.1559313179205 270.6105137539166 389.78803845545553 280.5455916555431 Oyster-Open 0
0 255.659428 38.421541 255.659428 38.421541 325.782595 0 325.782595 Oyster-SemiOpen 0
