11.388945936163509 196.91961408135424 20.69481249000819 164.48846684613318 74.51432710495283 179.93062545808635 65.2088154291705 212.3614667272788 Oyster-Closed 0
211.18450037985895 68.65608017124833 178.05670774315877 15.445603617777904 240.5715361847033 0 273.69931635071043 29.735556769330678 Oyster-Closed 0
117.0387928811615 37.37891749801255 167.07059645970367 30.66227609060987 178.3935143408089 115.00531374439645 128.3617188730932 121.72191787330027 Oyster-Closed 0
134.45097605973933 129.30543152293117 117.32114095733414 131.57911720251852 107.38764494744828 56.74124030153249 124.5172748898658 54.46756824869297 Oyster-Closed 0
357.2945530379802 2.7185066128872912 396.87847942959706 0 416.0988980516777 87.62975154859758 376.51498180309864 95.80311958179384 Oyster-Closed 0
362.2652638757536 177.32478278745486 313.33291810916853 204.8804464377191 258.09214306941067 106.78862180977194 307.0232915525594 79.23339018497302 Oyster-SemiOpen 0
239.95996299329272 109.26799326516218 219.23203910696247 61.39026631076083 274.7384945128797 37.35980697140568 295.4664790852876 85.23735515520215 Oyster-Closed 0
173.2048945245333 79.97543338441389 181.322318061877 47.222059374504596 243.58892818444292 62.65375333885367 235.47165931980635 95.40699100476866 Oyster-Closed 0
371.23606193108935 300.60255955766627 310.25496076539275 279.04621092293394 365.84036738787836 121.81908222582302 426.8181191746444 143.37479297444077 Oyster-Closed 0
68.96826725314531 257.27728012139755 29.960673687990493 267.92375739684525 12.090748575810721 202.45470667753384 51.097344388996135 191.80837191091967 Oyster-Closed 0
416.0006495922171 299.504621 387.5876783126405 299.504621 387.5884926821054 170.96294099999997 415.9999903643293 170.96294099999997 Oyster-Open 0
69.15642862541063 285.22408550822826 114.62582141278835 288.7716321665012 108.83988353779932 362.91782621740333 63.37049947521518 359.37035445598303 Oyster-SemiOpen 0
