0 149.19802109131743 15.095263336814241 123.03477773791273 59.804694188500434 158.09755329955175 39.28598874391537 184.26059363603147 Oyster-Closed 0
350.2857250000234 416.00000000001063 350.2859571145964 400.8716786314483 377.179407307598 400.8720202282109 377.1793215587786 416.00019559554096 Oyster-SemiOpen 0
226.5076526844059 107.95897652485318 215.4696018566974 40.591241362637646 287.56368081641267 28.77887124636147 298.60196603943405 96.14630545786177 Oyster-Closed 0
150.08427799023775 43.42690566652087 199.43357249531618 55.20288363567744 179.935757360774 136.91085816954347 130.58649025834166 125.13495694043381 Oyster-Closed 0
133.59656864566932 134.28341284496602 116.70920603466948 130.22679374299722 134.23185654770714 57.28336134118687 151.11901845317334 61.33995556255792 Oyster-Closed 0
406.35067806847655 202.0723351748964 375.47853819236116 200.2743057359136 381.0933986227901 103.8795381285959 411.9647309238935 105.67754385112075 Oyster-Closed 0
328.6602439290218 265.9044519223668 273.41570389284607 273.9995904416551 256.97169064837 161.78037750573338 312.2137861361516 153.68542673881538 Oyster-SemiOpen 0
238.94242397625203 156.49991971583796 238.26399222587497 104.28674896710726 298.40608993790374 103.50526554772175 299.08487449383756 155.71808382130067 Oyster-Closed 0
187.23059772864144 103.62274979139028 206.81768687002477 76.73434854868273 259.4376794527234 115.06516704572442 239.85077946732054 141.95339958317334 Oyster-Closed 0
288.3484920658084 383.29078781755965 237.1235690216963 326.2858361029507 357.308076593843 218.30533472532517 408.5313172424976 275.30800072147576 Oyster-Closed 0
0 156.223645 29.954374000000005 156.223645 29.954374000000005 225.741187 0 225.741187 Oyster-Closed 0
378.44749424839756 413.5336728206059 322.2681601956683 405.8225569014849 340.50121649340144 273.0340598197803 396.67609559688935 280.7448669068606 Oyster-Open 0
0 259.106538 45.923629 259.106538 45.923629 329.413546 0 329.413546 Oyster-SemiOpen 0
