0 171.010906 34.102091 171.010906 34.102091 258.484585 0 258.484585 Oyster-Closed 0
404.34095869101293 415.243005733636 373.23560081426695 414.33816657587613 375.00789173395606 353.4466361152089 406.1119607047076 354.35145644154625 Oyster-SemiOpen 0
206.88908867329883 104.5678223536062 163.98675380076384 58.20567038564279 221.16524806917005 5.294604203461217 264.0674411166692 51.6565805424277 Oyster-Closed 0
119.33922943034486 132.0919745448335 75.65263974566187 100.28666538153087 122.05479747297431 36.55152420724453 165.74106315941754 68.35666496183768 Oyster-Closed 0
92.74932279110726 72.71117250273593 109.96387432382471 74.59476256737005 103.73755105545933 131.49759472526995 86.52300116922561 129.6140143142659 Oyster-Closed 0
387.47005197652106 146.88078867305768 355.1692107080853 150.06443904091688 346.0771278896209 57.8170780207533 378.3774505430665 54.63345285274419 Oyster-Closed 0
328.34745848480816 180.5403577816566 399.34000668141744 193.96277251783079 371.1711887373749 342.93469678624604 300.1787473867007 329.51273784585896 Oyster-Closed 0
216.31424805686765 141.0882743244673 209.89978363548653 88.81396761619378 262.1068404948528 82.40788306920572 268.5215369027828 134.68191968874962 Oyster-Closed 0
345.82376295446375 231.18567873701627 407.72666317576295 231.00456782001092 408.15762073731094 378.28247922674853 346.2547207145035 378.4635830022152 Oyster-Open 0
59.69774350955049 307.75229952995466 39.25014002867465 383.23610194273465 0 371.27477149579516 15.536049523932888 295.7919940685511 Oyster-SemiOpen 0
