0 174.680787 34.136588 174.680787 34.136588 261.865723 0 261.865723 Oyster-Closed 0
404.40302248052467 393.7400334160912 376.17730350861166 392.91893657699524 377.9610711640744 331.6310429673989 406.18567998428625 332.45212359272114 Oyster-SemiOpen 0
204.95477152808598 94.81484781470287 161.26535146187962 51.28712411207647 217.50345689521055 0 261.1927404523376 38.36803792736398 Oyster-Closed 0
117.86457590378996 127.93876040561051 74.16688672352393 98.21356935488191 119.26285086739153 31.921097811169265 162.96021273895167 61.646137679897734 Oyster-Closed 0
90.32046267453552 69.98679880464374 107.49101227188658 71.5579775894394 102.26375662366627 128.68290299202943 85.09320815786486 127.11173205463442 Oyster-Closed 0
386.31452746325886 126.21329190270849 353.907814759943 130.00434979532585 343.2160731982149 38.60895261109397 375.6223745167845 34.81791838994404 Oyster-Closed 0
328.1494440100578 161.2338304144033 398.76119579635633 173.44176041437788 372.63085028838395 324.5683174717413 302.01917898791726 312.3607760253055 Oyster-Closed 0
215.2458324908439 130.60746490440656 205.657459066897 79.28190973687376 258.5192759534075 69.4066942075157 268.1078356522012 120.73200800576767 Oyster-Closed 0
346.0487035021579 211.46608184045857 407.02396774405497 210.22089685544347 410.02870709898343 357.34104227586175 349.0534453736327 358.5861815124089 Oyster-Open 0
16.2253288287975 297.48718664706456 60.32357686911564 306.8511032657053 43.93084326484677 384.0356194405639 0 374.6719236840908 Oyster-SemiOpen 0
