0 160.259278 40.225142 160.259278 40.225142 252.223411 0 252.223411 Oyster-Closed 0
379.05794097692706 415.9999976850665 379.05898579267887 362.439474762282 416.0003676010674 362.44029085067035 415.9999999991014 416.000137488197 Oyster-SemiOpen 0
213.5572238587738 106.09713484348649 171.13254380652143 57.85909980315155 228.55045484662332 7.361272479222785 270.97500518476954 55.5991218416777 Oyster-Closed 0
125.93482530955953 129.9747641303227 82.13500314141129 96.83453023172645 128.99694791530055 34.900441397187656 172.79646762802076 68.04050679059557 Oyster-Closed 0
99.64589126221472 69.84462770440871 116.91011873582465 71.84386580496484 110.35122133234472 128.48171768280199 93.08699564478229 126.48248949500349 Oyster-Closed 0
393.79317137540784 155.15147003940325 361.58956561605737 158.12757204863843 353.0328541826093 65.53715277229145 385.23589889248615 62.56107634332747 Oyster-Closed 0
334.32989095933954 188.0509191027686 405.66487668631817 202.06704192246863 376.74296432959454 349.24833579815873 305.4080976833902 335.23269655353806 Oyster-Closed 0
222.6093616755461 142.96295053613017 218.30102642259953 90.3243058782344 270.2534364261446 86.07222959515559 274.5620234445378 138.7105968954424 Oyster-Closed 0
351.7231798907633 238.8478544508949 415.97956416447414 239.0336143815359 415.5544662864522 386.0569691041897 351.2980818504293 385.8712166812743 Oyster-Open 0
44.34549665960003 377.28903607527076 0 364.70839780680194 21.18502398487908 289.6392654923403 65.60791570294532 302.2196227842312 Oyster-SemiOpen 0
