0 172.47027564876814 29.29014577722046 170.81691845896148 33.893328397702135 258.35724097368296 2.4485172596941993 260.0105705091557 Oyster-Closed 0
23.036308724127593 166.32059896580074 54.92224913089012 154.79054330176245 93.17363222740823 260.56586788399 61.287812357215444 272.0956799942181 Oyster-Closed 0
416.00056998425134 383.67108199999996 367.87889482749597 383.67108199999996 367.87960134158857 326.892873 415.9995732934585 326.892873 Oyster-SemiOpen 0
193.72091421218283 88.04822073931629 156.73139713736964 33.440496789975384 222.6294623711874 0 259.61895169877243 43.41099288870427 Oyster-Closed 0
121.37758294431114 108.3013593244998 85.54376455509555 78.53432686365728 125.57971915397138 30.33930853141219 161.41337504090916 60.106229374061115 Oyster-Closed 0
90.12637401813481 48.521323855567886 110.11325663699245 49.955213395096095 105.9284498642337 108.28638203318309 85.94156781417769 106.85249830173517 Oyster-Closed 0
145.10062374101108 98.76159304203345 142.96613046262064 66.94108325829701 187.8192104818081 63.932404558624036 189.9537995944993 95.7528066570889 Oyster-Closed 0
341.1103438286045 22.123784914954083 370.1476578666443 18.219913518352183 383.74964727483894 119.39190709302723 354.71233804822623 123.2957530197202 Oyster-Closed 0
317.5338401829831 154.1355610528589 386.47386396853835 158.97799484198913 375.5330586770833 314.7256940959835 306.5930410030596 309.88341221377345 Oyster-Closed 0
323.2761765142095 207.69774097583328 390.813135712644 198.09557088008998 414.46036623047985 364.397932142758 346.9234923247168 373.99969523285614 Oyster-Open 0
4.597485251666512 300.8763362134105 41.901686433542636 298.915141795615 46.05100044439314 377.82485878650516 8.746803106125299 379.7860069073965 Oyster-SemiOpen 0
332.77729778060166 180.519613886022 292.1906400568514 219.4936356467663 214.46136662127537 138.55139866829424 255.04726369579294 99.5780615922888 Oyster-SemiOpen 0
