0 194.834704 21.921097 194.834704 21.921097 276.099012 0 276.099012 Oyster-Closed 0
10.830898783809971 185.625294211115 41.843401330752386 173.4002163555155 83.92794742879414 280.1509854728616 52.91559848387624 292.37577587780123 Oyster-Closed 0
395.4267832450132 411.9455937775406 362.56014222304293 410.223564698775 365.5397345602505 353.38121848690605 398.4051268763651 355.1032149428185 Oyster-SemiOpen 0
178.93434968634756 110.7827935946645 141.18902415383855 54.27849243776775 205.24810824325687 11.486885377369623 242.99337992902292 67.9909424763714 Oyster-Closed 0
107.24683055903006 129.21493497387212 70.01303802531402 98.9136442207779 108.54834793493501 51.562976280035734 145.78191927561784 81.8641218504819 Oyster-Closed 0
73.74879736278672 69.16470856748242 93.88857293985711 69.91113447470617 91.72957308273544 128.16354877405672 71.58979768897552 127.41712665876287 Oyster-Closed 0
130.13810621681114 120.30882078215268 128.7406832360357 88.34925462809674 173.7628129568002 86.38070507021834 175.16036194626577 118.34013467860927 Oyster-Closed 0
324.75403326676314 49.237993106279596 353.4660038247457 44.37939440191065 370.52316056329437 145.17756820480594 341.8112003910137 150.03612358758227 Oyster-Closed 0
305.47734980187306 181.6098086637206 374.935173594753 184.07947629104848 369.45646937565107 338.14896461940594 299.9986449168755 335.67938216651754 Oyster-Closed 0
313.5615828002519 235.58328194225274 380.29730858786934 223.77719540747862 409.5738064292382 389.24236146789974 342.83822232382954 401.04790113126154 Oyster-Open 0
0 318.805061 36.932142 318.805061 36.932142 398.155299 0 398.155299 Oyster-SemiOpen 0
321.6457260349998 206.33182870435297 282.48110189514773 244.55485328473407 201.73948954935986 161.82874761693887 240.90326865704992 123.60651158779415 Oyster-SemiOpen 0
