0 131.546264 29.507402 131.546264 29.507402 217.045987 0 217.045987 Oyster-Closed 0
29.369477746957273 130.13448667994516 62.78766167182039 126.28775349179121 75.71385143042426 238.57714418899207 42.29567821375895 242.4238067652388 Oyster-Closed 0
316.60642900001767 392.84489200002065 314.28019279177533 359.5750215885982 363.9023432927206 356.1061687154666 366.2290825235905 389.37549182854224 Oyster-SemiOpen 0
211.28249413021695 84.5991826509361 185.07910349716258 24.8395804364614 259.4953765882965 0 285.69882217859777 51.969039426856355 Oyster-Closed 0
137.21263101629302 91.2178289863601 108.24627654027427 55.962459037608035 157.86419615082195 15.195885594277105 186.83049591017698 50.45115074671562 Oyster-Closed 0
120.46110660141494 25.956643973536785 139.19627143446633 31.567817655260978 122.04743303182113 88.82582448860911 103.3122752101117 83.21466778873021 Oyster-Closed 0
162.2380736509258 86.37420095945203 166.1718954387543 54.17294251351536 209.8436496637296 59.5079967909002 205.9099299421905 91.7091594557365 Oyster-Closed 0
367.50289403858915 45.77638138418037 396.16196841108103 48.472313392949594 386.4058069996463 152.18352741105275 357.74673600085225 149.48762033255335 Oyster-Closed 0
315.3035834539696 172.71028928352152 379.9497767079811 191.96977781807107 334.2028883328494 345.5069037671949 269.5569593899854 326.2480967594119 Oyster-Closed 0
308.66943437005466 226.24771073835274 375.46157139636125 232.0339317121443 361.01163021658067 398.8081512741295 294.2195273305733 393.0221976559045 Oyster-Open 0
0 266.572535 14.551367 266.572535 14.551367 320.508082 0 320.508082 Oyster-SemiOpen 0
324.5396017859857 203.86095038968926 275.52802834665636 232.9828765397024 218.74248045461718 137.4184093048389 267.7526715346539 108.29702475856138 Oyster-SemiOpen 0
