4.9426150000035705 169.86666699999952 23.921987289446406 169.31447109745216 26.311585791361722 251.44082951356273 7.332213863905054 251.9930169931585 Oyster-Closed 0
24.74102835636222 162.8303993621252 60.53433100563052 155.976088189184 83.21212889743038 274.3911485070272 47.41886858422731 281.24530093321886 Oyster-Closed 0
362.64583999998285 416.0000000000037 362.6464322826105 391.5372148428521 412.006513171953 391.53832212578186 412.006349995645 416.00067306362047 Oyster-SemiOpen 0
195.2254021123117 112.89232335517015 163.3179952073442 52.24488561049157 227.00745390078737 18.73736378189798 258.9148853977349 79.38453024323148 Oyster-Closed 0
122.9568168609876 125.50648940880033 82.00620569249077 92.49257316683669 125.61220224275894 38.4044119555323 166.56256602823487 71.4181706935376 Oyster-Closed 0
94.37432968487701 129.6534252152882 80.14283298069859 126.66982971866568 94.50585707314531 58.161073849407074 108.73719584172795 61.144652343246456 Oyster-Closed 0
142.86463079441455 122.30855535353594 138.97857751126503 88.63640418208338 186.46065520431875 83.1566530532939 190.34683403409872 116.82865414821342 Oyster-Closed 0
331.13135352377503 265.1469937079332 393.7891188928297 261.8623134864413 401.19703692475014 403.14899006470887 338.5392831658319 406.4335336433985 Oyster-Open 0
316.66023446520194 208.38935570099036 390.7719684559561 225.61640681724157 349.9780089245942 401.0887216075683 275.8665454767397 383.8624835842817 Oyster-Closed 0
8.442009392507316 290.13289520934933 34.54692440980216 289.3734750978408 37.009286031650845 374.00137001921286 10.904372073877312 374.760771444586 Oyster-SemiOpen 0
338.0636935502225 83.92524292680653 377.0066705372228 78.34929432996627 391.0044744167426 176.10888885013972 352.06151104054516 181.68477365748066 Oyster-Closed 0
