12.186213992732519 194.77728439538004 30.987825495427387 191.34738314895958 45.26358488982078 269.5957264007495 26.46198877333518 273.0255721078731 Oyster-Closed 0
29.068341767448146 177.49225974637923 64.20770158195228 164.89663289369557 104.69128616360103 277.82898370186354 69.55207374405654 290.42430887355124 Oyster-Closed 0
416.0003057917165 368.829591 395.91524123462295 368.829591 395.9155769103454 315.774825 416 315.774825 Oyster-SemiOpen 0
188.84023356813123 85.57099402093114 145.62085219075743 36.19360991975136 203.38537564758008 0 246.60467019031785 35.01055278968132 Oyster-Closed 0
119.90114963903397 117.44598108984576 75.61494097667673 94.10312291647467 109.66062766407777 29.512538588750154 153.94651152008737 52.855293792934305 Oyster-Closed 0
92.74632667161131 129.86089588539147 78.49101433719989 129.1412949455133 82.1327173051759 57.00199293316803 96.38786242160495 57.72158967507138 Oyster-Closed 0
139.39676195806896 108.63310864867879 127.18161867163144 77.49523159090788 173.01113137154243 59.51689337815202 185.22631797770737 90.65465308887683 Oyster-Closed 0
345.07610478865536 197.49151909350576 405.41515563166104 186.4841448434983 431.2056085189615 327.84500485135896 370.8666683193878 338.85201578999676 Oyster-Open 0
321.79311792196677 145.152236356863 396.133549731876 150.49988073498756 382.9409583946508 333.88171291209284 308.60054413865873 328.53427013683716 Oyster-Closed 0
33.30629777025024 310.5391484457292 59.16693044215572 305.82209030634965 74.33850834698751 388.98147500987835 48.47790962360523 393.6984105304647 Oyster-SemiOpen 0
389.51942614156724 100.27861866650017 351.1107444400732 111.69554520001235 323.02194708575917 17.199791887157 361.4302317190741 5.782931074568002 Oyster-Closed 0
