13.596900360822474 174.2263022520246 32.57153914131777 172.3442768351417 40.63984131273173 253.68319158427178 21.665207079007814 255.5651880587429 Oyster-Closed 0
32.16927341740666 161.39084307253813 68.0176632766852 151.8003451120433 99.1116491500361 268.0185849831203 63.26333998647897 277.60886552661 Oyster-Closed 0
416.000471137766 390.431918 385.48435532515214 390.43191799999994 385.48484658606685 337.80274 415.99994248543953 337.80274 Oyster-SemiOpen 0
198.71918751160774 86.24486533682193 160.08726117475453 32.35089755632638 221.66528230177937 0 260.2971619704622 42.10494349483902 Oyster-Closed 0
127.50448419349414 110.6163429487173 85.02415462119097 83.1640146679434 124.31567496151911 22.36425999645435 166.79575285090323 49.816479873817705 Oyster-Closed 0
99.40798331635233 119.9651248577216 85.21691983015262 118.07501943712917 94.70661043729706 46.82727711244608 108.89752788875194 48.71737275615689 Oyster-Closed 0
147.5158567465769 103.99964382198141 138.52388082228572 71.59684227465796 185.5932798388385 58.53493331444644 194.58532400835247 90.93761760231764 Oyster-Closed 0
343.84658659871275 215.23566176927346 406.51386218162224 207.5379510775116 423.9730589148239 349.65635975641993 361.3058355642861 357.35379696597016 Oyster-Open 0
326.2899916270435 160.13359424333092 400.1977069209606 171.60153125668964 372.0754135747775 352.8240462983161 298.16779858739756 341.3565714262439 Oyster-Closed 0
25.436441297482816 293.5828820582962 51.53496421533782 290.99457381519056 59.896264611608785 375.2880344148175 33.79775177039119 377.8762782167936 Oyster-SemiOpen 0
337.9175737046862 32.96201317220563 376.912363333493 24.518183894267956 397.81185976327833 121.0342282486422 358.81708825331225 129.47799986842983 Oyster-Closed 0
