410.62342354930297 412.6970917250058 391.54904199999146 411.58476099999916 393.01343309361255 386.4837178731087 412.08747750095426 387.5960387294476 Oyster-SemiOpen 0
295.8217139999797 412.6986500000047 295.524871431091 387.13613814886634 347.4817042578652 386.53279262376907 347.77900886104544 412.09483384339495 Oyster-SemiOpen 0
140.45446987990726 54.962205982024635 191.64608646600755 10.310693067390892 248.90577452079015 75.95694922842625 197.71436324384194 120.60823842217405 Oyster-Closed 0
78.72580648883013 119.49120330269825 44.312778119714494 69.8926606906299 107.3606194053973 26.14859602984277 141.7735938846854 75.74689546231667 Oyster-Closed 0
348.4260091584729 137.26734886882878 326.2329194232734 138.05019953165984 323.82240687084413 69.71173013156653 346.0152171066584 68.92888444122971 Oyster-Closed 0
67.34433338730014 132.0182513265814 54.18583703758486 130.31536951654562 64.5897208796232 49.92462986268844 77.74805798067973 51.62750163688705 Oyster-Closed 0
225.18551786573516 361.5149999062414 221.18012086490853 414.45398895067024 137.60891400001492 408.13087199999785 141.61568360447927 355.19340199726844 Oyster-Closed 0
392.6111009930537 375.6374603041841 344.0039827822766 366.49399923986164 365.40112609463176 252.7756805671338 414.00520800946833 261.918848014261 Oyster-SemiOpen 0
416.00117219605454 384.855725 383.7841832471495 384.855725 383.7859275314586 214.80183500000004 415.999952736307 214.80183500000004 Oyster-Closed 0
281.553125893588 289.72578349739615 339.16804110273006 283.4197283956808 350.026389642564 382.60832499597024 292.4115048561034 388.91419435754585 Oyster-Open 0
