346.7258880000154 385.57038099997703 342.7323329162464 356.79092314033056 383.5125246905991 351.1332879598103 387.5063999712802 379.91236580646125 Oyster-SemiOpen 0
57.64479019610735 164.78527768901063 13.12843835206877 116.74962318181086 91.41814292910931 44.19744209659812 135.93418028378437 92.23267894239642 Oyster-Closed 0
335.5817953934711 0 390.07788744572827 0.005973121950046598 389.32051460441653 179.7964427532025 334.8244226181814 179.56688208802686 Oyster-Closed 0
175.10705614940161 126.14614596587154 134.87769255758394 106.21915548878849 194.55354133437504 0 234.78243113680946 5.671868912411927 Oyster-Closed 0
119.39752926721121 209.98759607440405 93.07904656125538 178.6101604132982 162.54552029736442 120.34662979719485 188.86376179563013 151.7236633969551 Oyster-Closed 0
0 137.197553 29.944239 137.197553 29.944239 248.53471 0 248.53471 Oyster-Open 0
241.0543947304177 139.05013532626376 219.42094655868277 136.4046047055838 228.28161556130726 63.95038854976315 249.91479037304453 66.59590249939593 Oyster-Closed 0
270.4761784055445 127.46938517043812 246.1642526006508 126.97869927771134 247.48057114717813 61.76763371080099 271.7922224011709 62.25831676113472 Oyster-Closed 0
359.9662916971538 261.9508537587209 395.44279792819725 279.29920654348314 357.8964411483139 356.0667390458698 322.4201927722097 338.71878953905986 Oyster-SemiOpen 0
233.98752903639615 405.94456836255256 198.02601296846842 398.1727160962457 212.501167349139 331.2147188007703 248.46113527695343 338.98639751901635 Oyster-Open 0
