372.97868899997775 416.0000000000206 372.97900066784496 402.2830155919815 413.78533173078176 402.2837379675887 413.7852217850741 416.0005208057816 Oyster-SemiOpen 0
73.45162087338758 165.21516962691973 28.42976137657388 109.32071379353044 104.44854509401921 48.09054454625238 149.47019039192674 103.98453280175865 Oyster-Closed 0
346.16935868384826 23.880005017254057 400.3918347210529 22.531010438711675 405.42492813433637 224.8307679223397 351.2024534727643 226.17973404002043 Oyster-Closed 0
190.89040411357564 141.92976499527708 147.76885020995906 120.41562483400213 205.40585325502252 4.8941204969694745 248.5267704159378 26.40806603531185 Oyster-Closed 0
136.52028917825373 220.11887723851078 110.51864209560154 183.6171730159613 178.367649411397 135.28830848069958 204.36915608843992 171.78954597765826 Oyster-Closed 0
0 128.859458 46.172944 128.859458 46.172944 241.147935 0 241.147935 Oyster-Open 0
256.53127986758045 163.37547237223148 234.4706097200724 161.3048254789601 240.9779269811006 91.9798576406685 263.03825890077496 94.05048870528363 Oyster-Closed 0
285.24267218411114 157.15350469733303 260.9720891695433 157.3735346630114 260.38558281246515 92.66015862620748 284.65581012203984 92.44013030435102 Oyster-Closed 0
378.4130610426546 309.3068614328098 416.4310144977535 327.9976265433164 380.3457135127064 401.3805850123172 342.32806721275483 382.69029810065814 Oyster-SemiOpen 0
263.9377208418082 418.2260073945276 224.6859324518009 415.9287625808668 227.6709795403076 364.95240165993357 266.9213860634918 367.2496058523952 Oyster-Open 0
