321.89531899999565 0 321.8953203245983 14.101169258453947 292.1923100000131 14.101167999977607 292.1923112669647 1.1873593909814189e-7 Oyster-Closed 0
254.35386497406216 193.87939239639712 150.82459604472388 219.06075897042967 100.95711616319022 14.036673237638688 204.48281149220566 0 Oyster-SemiOpen 0
86.54455584194511 43.12270846450783 156.36897813396718 55.703342132487336 125.39323037189752 227.61899036539617 55.56885160726961 215.03860495217353 Oyster-Closed 0
0 25.879927 68.579999 25.879927 68.579999 253.610091 0 253.610091 Oyster-Closed 0
292.0137489999943 0 292.01376824026374 42.58152557849121 246.65278722922085 42.581508380479136 246.6528040000012 1.1189588938723836e-11 Oyster-Closed 0
247.90546063973306 0 247.90550130628253 59.50704505748999 188.10306250234498 59.50699449573946 188.10311499998716 0 Oyster-Closed 0
136.11344400002054 0 188.1709316563647 0 190.8761623456121 55.095123600594846 138.81867445880562 57.54248412662707 Oyster-Closed 0
358.30928895989564 238.6612739495769 383.71841337581645 246.02813527824534 369.90759557197816 293.65738891566485 344.4985073460193 286.2906131689268 Oyster-Closed 0
393.97211351332953 332.7571594262066 379.76549418666764 331.43797748295384 385.39296420073515 270.84720801953057 399.59913181273805 272.166368992511 Oyster-Closed 0
241.47066489429562 400.6307596611638 102.3965750010284 423.4018537980553 60.67542976341065 168.58706934403446 199.7331486408184 145.8172773101226 Oyster-Closed 0
255.26815534156412 293.16232464951696 285.45555743392833 280.41298875832973 325.6577841774415 375.584897402783 295.4706083131896 388.3338425394404 Oyster-Closed 0
306.8955675908801 354.69702819627514 341.64540217650574 344.469056726325 356.1586872150074 393.76683048345836 321.4089244235256 403.99462953771456 Oyster-Closed 0
290.10280286346824 0.9754517517066623 339.56866485071805 17.576313524812328 317.773939486975 82.51822789970713 268.3080968571885 65.91740674232403 Oyster-Closed 0
82.68267842911155 121.07401694654067 5.418188061059482 119.3002021822694 8.191032578466547 0 85.45483063927168 0.311633337502166 Oyster-SemiOpen 0
399.06305734554553 119.6380165416209 357.4114063492816 116.82844070273008 364.971468126987 4.756578136924311 406.62258656209815 7.566135460789645 Oyster-Closed 0
