317.1606210277823 14.77197093229817 315.9708913852701 40.31646455196713 280.01998317455946 38.64203172702255 281.20973341339413 13.097556234756585 Oyster-Closed 0
297.5813377429149 179.8511573367588 221.2763567772854 243.2246561146266 73.58311061225686 65.39746892221059 149.88588659656307 2.0254427711818845 Oyster-SemiOpen 0
80.59238230148185 63.773405310918584 152.9505168691394 65.07187585558275 149.86726230137356 236.88310323350214 77.5091255535699 235.5846612358292 Oyster-Closed 0
2.2488906910402875 42.909032415415986 72.66550217862095 39.21882829352869 84.6031655777806 267.005920914252 14.186560869518871 270.69600726487903 Oyster-Closed 0
280.36534376304553 13.058157279144131 277.84045408957536 67.26998751896335 228.92840709383017 64.99185508665859 231.45338286713377 10.780116222592422 Oyster-Closed 0
236.40886127751946 11.010879327883336 233.08164629378734 82.44928065038263 168.44321499839862 79.4386191093798 171.7706004030806 8.000411659141818 Oyster-Closed 0
191.7137001819865 65.92573658654126 151.2409501939801 85.25569152027998 115.2068417945411 9.80809317263415 155.67935077481525 0 Oyster-Closed 0
384.7746834198806 269.3796398568579 412.08345201027623 272.9033613508658 405.98461590741135 320.16223031395197 378.67585599011727 316.63855231730025 Oyster-Closed 0
25.538690658195264 310.97361737268056 11.459222040255554 309.51760885287774 16.18857475025652 263.7938241889951 30.26772410202466 265.2498162533257 Oyster-Closed 0
291.4112321299981 415.3171695819842 163.25441349732137 456.915717868681 78.41672077961994 195.5746659408669 206.55799680627388 153.978664642188 Oyster-Closed 0
291.2732124389004 318.16241942423443 317.5147745664508 303.02624047159156 373.20211458968697 399.5506775739843 346.9609447583316 414.68631965237734 Oyster-Closed 0
405.78892066569097 415.92245741438046 375.50139417243554 430.2848417442963 353.3948450995813 383.6784047329963 383.6814463487681 369.316277043531 Oyster-Closed 0
277.05291817848047 31.09502455298202 330.95578428575027 40.55459252178857 320.5144284107737 100.05152897948464 266.61157041811384 90.59199360471865 Oyster-Closed 0
0 23.548658187138706 27.095431462141278 0 127.14607837376025 94.42796604719406 77.43512511341396 137.91580021585435 Oyster-SemiOpen 0
406.5002212126092 146.22533849739744 365.03276495052705 150.17503217239556 354.08036588892355 35.18519419119356 395.5470453083544 31.235538310417514 Oyster-Closed 0
