270.9918043940379 182.47784695128485 175.304265037983 226.1129802311212 85.17825790493589 28.477275182704442 180.86270377095207 0 Oyster-SemiOpen 0
75.35559818819092 57.74518274005164 147.59115411610765 56.93181816951008 149.5359616367641 229.6470835182737 77.30040790507337 230.46043093142305 Oyster-Closed 0
2.1615438476183044 46.40687255043698 71.3490490795557 43.18456988498255 81.96242343812992 271.060902523848 12.774923776021751 274.2831004836441 Oyster-Closed 0
270.8147339999923 0 270.81474636829444 36.03769165989445 228.61711288407605 36.03767971962062 228.61712500001886 2.0671021228834168e-11 Oyster-Closed 0
228.77891300000556 0 228.7789469684394 56.96682856141637 167.663303825786 56.96677841414214 167.663359999995 8.460673022028138e-12 Oyster-Closed 0
186.4363760701417 47.73844415035175 144.37194582902157 69.34500747499033 109.9798366621726 2.3891888333743405 152.0441148735008 0 Oyster-Closed 0
384.68943060992024 218.05497187713416 411.6909470932551 220.67352944990654 406.9957873405183 269.0832989963126 379.9942750429618 266.46476868385275 Oyster-Closed 0
27.682427623960393 317.408212314057 13.732561402550346 316.399220106154 17.116534392680478 269.6238737720124 31.066069759726815 270.6328541061557 Oyster-Closed 0
299.7905991612897 392.1068542493584 168.58261729736478 440.52359514144376 75.42627924106273 188.0965228646765 206.61942404694128 139.68266351108142 Oyster-Closed 0
292.4245394674981 282.9772036988062 319.17011402271964 265.36981243629475 377.5610776295107 354.05067000062104 350.81592543912484 371.6575327532274 Oyster-Closed 0
356.24742855040677 337.7783481874457 388.40380517600715 321.723716056689 415.98137083369875 376.94816950174976 383.8251986447758 393.00249170718536 Oyster-Closed 0
269.55716971345464 0 323.29819375932857 1.966902133319591 315.62897537888057 64.59193119344741 261.887953122412 58.0106879524492 Oyster-Closed 0
86.26006549460362 132.70642132659142 16.823310717551067 144.5937052225589 0 11.714322352214747 63.51094219270453 0 Oyster-SemiOpen 0
402.6798293830507 94.45057139067228 360.84898204315687 99.69324587384898 348.5305604905734 1.4050611501829464 390.3610841158006 0 Oyster-Closed 0
