0 43.776340489812355 28.447918916896015 0 116.40050065497053 77.91910017697639 69.63466638232421 127.21475952077913 Oyster-SemiOpen 0
0 61.66277 71.705572 61.66277 71.705572 283.245278 0 283.245278 Oyster-Closed 0
72.63016166121815 75.83335077479667 125.2044699666294 77.66862972291247 119.26275387912392 247.87155819075235 66.68844732760044 246.03632338261178 Oyster-Closed 0
375.9379393779527 34.874674788669466 431.64965336084424 59.359753949539225 379.3192353817685 178.42638002809403 323.6076896839004 153.94161025136322 Oyster-SemiOpen 0
75.8492838785969 198.1836704888899 247.12943981948047 193.0217031429595 253.8501303890771 415.9918328217648 82.56999577179886 421.1534897624482 Oyster-Closed 0
276.0839034998098 181.4237085355251 188.8506250066166 242.62756300541858 64.65389182107174 65.61415592236084 151.88447344207452 4.411614919455593 Oyster-SemiOpen 0
189.18608504395888 87.78750889843855 147.75760302241179 98.70415887746091 124.75136349078093 11.395784526137309 166.17956217269239 0.47917112102408377 Oyster-Closed 0
328.17626549865236 0 383.4377967635228 10.045007298818144 339.6994774993327 124.93053933589465 284.43802389856137 103.89205194133278 Oyster-Closed 0
246.52256742054306 0 293.16014705543785 2.5481916829741174 277.4728296442627 93.14015681743275 230.8352572349977 85.06423191285549 Oyster-Closed 0
232.51579839240367 0 232.5158763198342 90.94399066926171 178.85123220904643 90.94388691288421 178.85134233825374 5.999639120618344e-7 Oyster-Closed 0
