0 48.416182602983135 24.609125065653643 0 114.89132442090704 76.02136659326464 69.71614954556935 127.55637792555903 Oyster-SemiOpen 0
0 63.47656299999999 73.224718 63.47656299999999 73.224718 286.061659 0 286.061659 Oyster-Closed 0
71.21504581373301 75.72116267234944 123.83469779076404 76.0272789184894 122.84223409704282 246.61986465181343 70.22258208572384 246.31375574776928 Oyster-Closed 0
373.3334983458735 21.042523685178807 429.4540929247596 43.644580071080604 380.80005070855987 164.44997818127666 324.67958082761834 141.84817228007338 Oyster-SemiOpen 0
77.93003051621054 197.10192644114736 249.22691719299473 186.92836100502834 262.37506139566176 408.2812637906405 91.07825036022405 418.4542347196091 Oyster-Closed 0
277.86036745860474 172.2483681187761 192.15537525484615 237.0829282904122 62.74575845270374 66.01860533983483 148.4483618573904 1.1853742231555064 Oyster-SemiOpen 0
188.14053829617478 82.72046051311818 146.8589784371543 94.96694921844644 121.36856794541018 9.041523549921342 162.64987431328336 0 Oyster-Closed 0
317.9013899366073 0 374.858577549905 2.910769441041942 346.1757640566502 113.4524724083471 289.2186138880643 98.6736417130782 Oyster-Closed 0
241.7104094072456 0 288.46625867880357 0.5849128415270541 276.5051330064598 84.15707325666072 229.74928786492092 77.46525551874716 Oyster-Closed 0
230.2219495958052 84.18450886978682 177.43981802378403 84.8034014100888 176.4456879999998 0 229.22747031581093 0 Oyster-Closed 0
