2.383209600004193 23.616192095681235 54.13899543826119 0 130.16309932467266 74.4754658392882 78.40754347641268 116.731253417246 Oyster-SemiOpen 0
72.91058842742132 264.66315957946284 0 263.07795541434024 2.5146739665469795 45.412627350076235 77.50923383742338 46.997778008968595 Oyster-Closed 0
86.9374160960615 66.90042832805212 139.15510766895386 74.56532263891131 114.58055744901867 241.97544847690213 62.362902047218085 234.31072886423993 Oyster-Closed 0
392.4334023497395 69.55610538585276 445.6465621463758 100.85064410230031 380.13954963282595 212.23433927632772 326.92674749531216 180.94031215526556 Oyster-SemiOpen 0
61.88808872683512 415.9997654716032 61.89997160650091 194.9346361763623 228.16017319179446 194.94453545425964 228.15805499998896 416.00000000000205 Oyster-Closed 0
276.8487209575287 199.76329847560297 184.30530847782939 249.28307406988768 80.83189957650393 55.91362544138424 173.37182747562838 6.394963396855705 Oyster-SemiOpen 0
201.32793444765412 94.69317118776625 159.21890729918232 100.86289866198949 145.96806049861698 10.423843102718944 188.0767839138316 4.2541358367402005 Oyster-Closed 0
345.3403504689886 19.43094499479728 400.4051279766718 42.59096145793945 353.20659839165455 154.8077656395637 298.141952216185 131.64796260079945 Oyster-Closed 0
268.1890238426422 11.815371840078551 313.98337827809155 25.167961681235525 288.51771209124126 112.50507143570242 242.72338547651452 99.15254679855697 Oyster-Closed 0
252.6938765412233 102.5164062114343 201.33826106739434 102.76649114078937 200.87793500000407 8.185148999999953 252.23307735777053 7.935065222321677 Oyster-Closed 0
