175.01207322457049 19.732783655982388 206.3331185496645 26.214203930514437 186.24437336872506 123.2910234939517 154.92334213777576 116.80964345186563 Oyster-Closed 0
311.18785064645635 65.0605688346669 321.3352271418189 107.46079986839227 261.6485810601698 121.74475023011246 251.50145581342804 79.3447406011957 Oyster-Open 0
0 128.52608801866904 60.6035268378655 78.79671126911587 148.46120873483233 188.8351580913041 86.17594391246166 238.5635733333093 Oyster-SemiOpen 0
297.2700308095882 374.22524521592305 215.72883204615573 406.6302256772495 110.59846729721903 142.11768902146207 192.1301508471879 109.71484985918782 Oyster-SemiOpen 0
224.40418140332986 247.48255515227032 169.17006324567774 259.6007596364041 146.88613647385137 158.03479416827133 202.11830391921467 145.91680911704978 Oyster-Closed 0
88.2800993597375 395.3258384793046 13.78779351112098 381.6681769492381 52.72217720317349 169.3739473605438 127.20591355920624 183.03075734229134 Oyster-Closed 0
8.689182365098532 149.1863050390166 49.88758827224228 146.78695128392843 55.143949968125526 237.0367637890662 13.94554731124299 239.4360809719201 Oyster-Closed 0
100.57346912879075 194.10218815725483 147.50931811788905 192.61364809090477 152.70272637231392 356.3503577457172 105.76688016593107 357.83883883519303 Oyster-Closed 0
118.88793600000281 415.99999999999443 118.89339805671625 340.3452185570861 257.16782241480905 340.3536304699306 257.16582424742955 416.0049658524337 Oyster-Closed 0
316.6599634463855 94.25290507358574 387.1432055772857 80.84670951566238 416.6718795344859 236.0883972232706 346.18873907331727 249.49428466121077 Oyster-Closed 0
405.5196074390842 165.32500145352412 445.0746232439342 178.54151405761272 410.6893443284316 281.442610425432 371.1344505764355 268.2263821193407 Oyster-SemiOpen 0
4.244279692295095 100.81266636465267 49.68520217927289 41.674307865164955 179.75565066411946 141.61653595906677 134.3159170327417 200.75382600524614 Oyster-Closed 0
37.303346930370026 37.08082038318919 75.42037642717332 7.5020097656329146 177.83221724193209 139.47487795271385 139.71551744770113 169.05332328777644 Oyster-Closed 0
329.4108591121585 34.801180825812544 323.4802069407888 74.09295002682848 257.6671962667933 64.15911762243027 263.597939999996 24.867468999987704 Oyster-Closed 0
321.23084511004345 83.30198833917049 332.15906155819175 34.409395237258416 400.77298123531364 49.74547625714558 389.8449959043137 98.63787174167167 Oyster-Closed 0
272.93500936840064 128.36624501697435 319.95342022821933 132.19442582427718 310.8257994874002 244.29554140194517 263.807397652643 240.46743039191227 Oyster-Closed 0
195.29150674338234 15.941505966056887 263.98072704663355 16.657443042267143 261.8028124600605 225.6091085962924 193.11359345454912 224.89318714877325 Oyster-Closed 0
