167.75670624712438 18.68609510047989 197.8674238495587 27.337093825225686 169.53784533435828 125.94039603140398 139.42715355661494 117.28945357430209 Oyster-Closed 0
299.38767037387515 61.54164095688693 310.40569907964164 102.62162177406461 246.65936639033316 119.71845955503093 235.6415939821236 78.63870285982898 Oyster-Open 0
0 126.87888024850216 51.993019981393445 83.44265049913757 124.53596269698028 199.8318156821449 54.84436667195405 243.2672073136075 Oyster-SemiOpen 0
262.4682233935346 375.38447877105096 175.23940642128218 403.45044576552067 90.74287107289638 140.86142501694306 177.96139031686107 112.79726682327501 Oyster-SemiOpen 0
198.55305562577996 248.78242708636867 141.02645903273515 256.81554219236597 127.01317732876487 156.46354514388437 184.53774325318955 148.43057286801627 Oyster-Closed 0
64.54674054919451 399.2828258219178 0 395.41202402812934 7.273708510881988 175.0860561945384 76.80895571245128 178.95661076245824 Oyster-Closed 0
0 154.376151 29.455359999999995 154.376151 29.455359999999995 243.70236 0 243.70236 Oyster-Closed 0
78.00977607571622 196.10795293453864 125.17419494848582 198.46062375644698 116.90323415775129 364.24991319129765 69.73882255364879 361.8973383616097 Oyster-Closed 0
78.57890600002429 416.0000000000169 78.58444100631459 342.05419676012787 217.99448026532264 342.06263416004293 217.99236514581207 416.0050779347358 Oyster-Closed 0
303.33599641778346 84.81713920055793 376.36216774264176 76.78467122474233 393.5916997360655 233.41938177668686 320.56556684861425 241.45167246298013 Oyster-Closed 0
387.7639295618792 158.34121396270606 427.00790186271115 174.5186700488331 384.56002407954657 277.4821444812989 345.3162429853037 261.3050362279572 Oyster-SemiOpen 0
0 106.90075067615834 38.92775870194964 45.90522233861026 160.0694058058143 142.82510783293893 111.27007548396068 203.81954445715272 Oyster-Closed 0
26.583810967782483 42.143390248302126 68.27301606299443 12.25910866663529 161.05918706195735 141.6965440327349 119.37029524756508 171.58045964709643 Oyster-Closed 0
319.9680592144723 29.9275711010942 315.27372995557016 70.12384643563136 251.11761386650323 62.631262125016825 255.81203382885724 22.43509661858294 Oyster-Closed 0
310.33652295701904 79.2946734503257 319.9912872360219 28.77949412577012 388.0675217057833 41.79051869242378 378.41296877378045 92.30551772637027 Oyster-Closed 0
257.25613661211173 124.877869050408 303.4713849099862 132.40780539352872 285.3057699339515 243.89400096613082 239.09055596200415 236.36420090611983 Oyster-Closed 0
188.04598438908215 15.113360846632574 256.51202495110556 21.38932798260932 237.69364933737597 226.6792603434562 169.22763752270112 220.4034284918088 Oyster-Closed 0
