161.00337984935322 0 190.24060876630028 6.629777133152049 162.8971997249464 108.92077228226674 133.6599882841656 101.10544218218266 Oyster-Closed 0
243.50416546766792 91.94653091817509 224.2980753929951 58.80525827058468 289.2378955966233 21.171405051157887 308.44399036746836 54.31255788476607 Oyster-Open 0
0 128.0373947521969 50.03463097346685 82.75229912812352 118.87044743319711 193.55517975439352 45.97465923771233 238.83945835028143 Oyster-SemiOpen 0
260.8329651203203 343.4499136008873 170.6572669997404 375.440585160105 82.71508201052711 127.5679028028497 172.8815909595396 95.57904777009277 Oyster-SemiOpen 0
131.79869899231926 131.54978884983166 191.35021481179137 134.32136279384156 186.90372671978548 229.8560726418374 127.35221466096846 227.0845408782488 Oyster-Closed 0
61.29584978423736 398.53172468413607 0 395.6357717294535 5.5481501680769725 174.4530858462965 71.0691800118766 177.3488551041309 Oyster-Closed 0
0 158.869937 24.150244 158.869937 24.150244 246.64372499999996 0 246.64372499999996 Oyster-Closed 0
72.7531604219439 187.43124633349865 119.75289838583922 189.2373929776117 113.33032853643817 356.3472105017758 66.33059479639269 354.541135743353 Oyster-Closed 0
75.39586499998404 412.18128599997755 72.38703840910966 325.86232588406614 213.22540087262314 320.95243836813233 216.23799482001414 407.26757098704803 Oyster-Closed 0
296.14523785923666 39.221220345650515 370.3800481230028 29.928776496222955 389.96678590346346 186.3994162547912 315.732013734887 195.69171415673915 Oyster-Closed 0
382.4534442559743 105.7008785369916 420.2825461687644 120.13264247229199 379.6912206619054 226.52720059510546 341.862238894897 212.09567889723968 Oyster-SemiOpen 0
0 107.35173357763199 34.27591091463546 44.90571513325983 151.34404939497108 130.7941859226944 105.53013496447238 193.23921626281535 Oyster-Closed 0
18.982601875923137 44.8570146465081 61.15903335497569 9.956876658463639 155.91480224570478 124.46729428194253 113.73871134365982 159.36706639276838 Oyster-Closed 0
311.7844019220829 0 311.78441343351733 29.796032364298718 247.45841992990972 29.796019158639197 247.45843244808566 1.528534182891218e-7 Oyster-Closed 0
374.0246277539045 0 374.02464814653285 41.552529904382645 305.43333954659465 41.55249761627171 305.4333719310198 0.00002039485709070373 Oyster-Closed 0
251.51876135347266 91.03236117219987 296.94053103481565 97.8194928738668 280.2986905879079 209.18849252444602 234.87694424923393 202.40145997340667 Oyster-Closed 0
181.05323340636096 0 248.72176313113596 0.38890890047251986 231.95877177250804 199.19108470614634 164.29026187264753 193.48546254598125 Oyster-Closed 0
