162.90732346122968 229.8255967148304 160.9291505432302 283.6132796846741 5.669542834297317 277.90041845447706 7.649499367958924 224.11461578791085 Oyster-Closed 0
168.61419110702627 277.29266791872294 156.83550925633972 341.0418024283327 0 311.7470964065385 10.061340000011114 248.00077900002105 Oyster-Closed 0
347.9897476725964 351.879531755262 346.215073514868 391.2555064344832 276.05297959776726 388.0927936703954 277.8285103335693 348.71771566644753 Oyster-Closed 0
97.51821462328007 345.29909452055836 143.81128055770387 304.6039262550554 213.0089325682784 383.30340317098506 166.71715840740944 423.9972019905302 Oyster-Closed 0
211.91395711175574 420.3394830347743 200.6766477305173 371.51766387598525 274.69931344875295 354.4841007765275 285.9374958572007 403.30464704871673 Oyster-Closed 0
416.0011262261287 416 337.95793000003687 416 337.959284822653 369.530435 415.9999776235891 369.530435 Oyster-Closed 0
344.5158115802842 383.4222080065067 346.0274344624413 415.4610548009704 182.88004416038893 423.1492259845745 181.3703516310452 391.11216002643397 Oyster-Closed 0
0 68.16708666628817 65.0806967313656 8.592815299390006 183.88647673874948 154.81189478223953 110.56604072901973 214.3850340673085 Oyster-Closed 0
228.63968866344658 274.03075322119327 171.23075933663858 151.9642136329277 326.5159767252662 78.93631740323887 383.9256444960047 200.99954334795126 Oyster-Closed 0
6.891335796761268 226.46208626444025 3.6570241406661808 185.52081028869603 87.14928508721277 178.92525336589483 90.38415306038223 219.86590454543125 Oyster-Closed 0
