0 228.78807399999997 148.341298 228.78807399999997 148.341298 282.928923 0 282.928923 Oyster-Closed 0
153.60294164009247 277.785733062246 143.8422872741321 341.80270601849816 0 318.38263356873057 0 254.36839300000898 Oyster-Closed 0
263.5430865736962 389.42897056655306 259.0647339422285 350.22616780966086 329.01322437868293 342.23716322892767 333.4923467926528 381.43906926730705 Oyster-Closed 0
79.9961602976764 347.45181574311715 128.37599389847674 306.16619182434505 194.59649288278888 383.7489077064927 146.21792087680296 425.0331744933538 Oyster-Closed 0
192.90737648698996 420.42050265289816 181.1271552767903 372.32498352003614 256.06154021781913 353.97555649790496 267.8426032756579 402.06980305354546 Oyster-Closed 0
318.1136180000176 416.0000000000176 318.1160358153502 366.68605124183205 404.0837928703586 366.6893665740115 404.0828328355128 416.00188672453504 Oyster-Closed 0
326.4409363132763 381.37091276315135 328.61693574184756 415.10745209722177 163.3838185191671 425.7545632566502 161.20990624163824 392.0199234335479 Oyster-Closed 0
0 71.29283576894437 61.4903737493878 11.13591430728028 174.97089403449354 155.7567110197855 98.30619927799489 215.91252718285128 Oyster-Closed 0
217.52472063594905 272.4342242709269 160.57807929530463 153.22874901410648 318.51116104321045 77.78531958979613 375.4584751126349 196.98751074773668 Oyster-Closed 0
0.8376797891032766 229.42765230334714 0 188.699008008042 74.51936446515538 181.24553407146462 78.432340206542 221.97359255052638 Oyster-Closed 0
