173.99336779866644 216.73205919168123 181.42403951759843 271.0003757347596 30.337473179748486 291.68216674546443 22.908851999989565 237.41571099997697 Oyster-Closed 0
187.13851062641697 268.2581328971716 183.06960926346073 333.61256234177387 23.66137275147412 323.68560886465576 27.73281499999939 258.33403799999064 Oyster-Closed 0
372.1353521436431 321.0348550006582 375.23239778379866 360.673233725497 305.70324445794176 366.1033798400644 302.60709121740365 326.46583319739017 Oyster-Closed 0
124.48631853217375 344.92837857061215 166.35888635017182 299.1844947088154 243.1865418075722 369.49570588985307 201.31552596497204 415.23808984233835 Oyster-Closed 0
246.1190032905106 406.1614717610343 228.7422497382322 358.941579630261 299.7647897393872 332.8116582251971 317.14205387812035 380.0303792057337 Oyster-Closed 0
416.0009898059143 413.31142800000015 367.70192099999986 413.311428 367.70343911871896 333.591307 416 333.591307 Oyster-Closed 0
215.91021655469012 419.56212588505815 213.22142425423954 360.28405318320614 372.2939599999954 353.0699289999781 374.98581736586857 412.344556091049 Oyster-Closed 0
0 79.62983224093912 55.84221444927243 12.134172952837401 189.48647206339956 144.46621577630307 122.6538506070101 211.96062897459336 Oyster-Closed 0
247.56728565780213 256.63306997836753 175.14195851485056 142.82150270522283 319.5475461919996 50.93181731276488 391.9724804002435 164.74068539909496 Oyster-Closed 0
22.74400605086703 237.03055690184794 14.379450802200154 196.53145198266182 95.50058650506617 179.77802845504215 103.86558373321532 220.27649904041925 Oyster-Closed 0
