57.34213137635743 262.5283295095936 51.50734889632804 226.71259087275507 160.32384306620588 208.9858998224802 166.1592811437149 244.80083617577478 Oyster-Closed 0
388.1088240013305 203.29980018966538 397.9570400202756 245.6545461909546 296.97626025016507 269.1303469167905 287.12909424573445 226.77650461774584 Oyster-Closed 0
166.88305335749465 241.81957364616102 167.07784050820192 289.1804396478268 42.36064230525517 289.69105001629595 42.16724819408773 242.33160290420935 Oyster-Closed 0
414.01881512525506 32.50482168493243 388.2849163384526 31.606173953522926 389.42002351621704 0 415.1538970000256 1.2662583325576627e-13 Oyster-Closed 0
235.3484535921416 307.6661388795968 235.49545566129382 279.43264873365104 284.0924903683699 279.685524674731 283.9458444413467 307.91865974284417 Oyster-Closed 0
120.12423621607013 294.8025999113579 156.0520009246029 268.54267571932985 194.1967388467201 320.72279213429675 158.26937251058553 346.9822546758108 Oyster-Closed 0
194.80407047514745 329.34094755711794 190.03623418891584 299.25259764508144 234.74077229226532 292.1697663223659 239.5089081359547 322.25774341430576 Oyster-Closed 0
265.3295787335119 411.7610483554362 158.88256456996896 401.0310372742873 169.25819229627814 298.159154788735 275.69830195023314 308.88881253885745 Oyster-Closed 0
145.60561954619698 368.79538294520944 118.48813687759684 419.6263096063972 42.96256874885512 379.34323837845903 70.08018968879333 328.513748828492 Oyster-Closed 0
65.53549482002927 158.33049570540297 47.67637938810367 71.97743426359433 154.96069586673912 49.789851502598246 172.82043122021787 136.14196580186683 Oyster-Closed 0
168.54923248992054 193.91228810123098 97.13963372083526 211.9028880201474 67.55907795163512 94.49083639464551 138.96657647764005 76.50051476561946 Oyster-Closed 0
277.2532532930127 106.02712049641133 314.7757961921052 178.67178741815786 206.15320309923118 234.77307997056099 168.632187368039 162.1297167512018 Oyster-Closed 0
