64.37279696702171 283.8958468272921 57.94932097312267 247.59085422289473 166.24942807073967 228.430353019428 172.67360573741462 264.73446305622184 Oyster-Closed 0
393.0656239318887 220.22944297268043 403.83323324187586 263.3844993190444 305.5272589678425 287.90828697001166 294.7607804963045 244.75420145220207 Oyster-Closed 0
176.16250561849665 261.4645856897138 176.90762217098018 308.79554271873 52.78547761849404 310.7468749957433 52.04186970867522 263.41743659168577 Oyster-Closed 0
369.9882873998831 14.488992471234331 398.2282748766993 12.681131792235808 400.5248754973909 48.55551793744527 372.28488818851474 50.36337683050513 Oyster-Closed 0
297.9080979357168 300.94774348615204 295.1688599987501 329.25620923397713 247.793967024405 324.67230782537496 250.53353460359722 296.36421023674376 Oyster-Closed 0
133.89694891601175 315.0580375468367 166.0416136775675 287.43640435985134 210.5266560070122 339.19684024316126 178.3825036557464 366.8179281782685 Oyster-Closed 0
212.36068174962566 348.5558346211946 207.1065241179458 318.06757309408675 249.51185448343676 310.76101918208894 254.76631034778256 341.24889942809 Oyster-Closed 0
184.59009946712104 415.9999608822796 184.59387815814625 323.8274295329756 292.27226658042855 323.83122867365404 292.27170826193105 416.0005933233707 Oyster-Closed 0
70.23838351630184 415.99966708995714 70.23993291631996 370.0757404989589 161.89806837225115 370.0780777585593 161.8979727001206 416.0005531603242 Oyster-Closed 0
59.97279606486336 180.0641239416044 40.425109519736 92.23603327340487 144.97031664391397 68.96833578650296 164.51871444920107 156.7953108351351 Oyster-Closed 0
169.55974237311239 210.80995474776202 102.2766825229628 235.78708806755503 59.27216517443958 119.94570627744703 126.55304347437414 94.9690211402657 Oyster-Closed 0
271.6410166381138 123.51562084210312 313.2801133883222 198.06263928653382 211.7802871319982 254.75111845734344 170.1428322250067 180.20551493949307 Oyster-Closed 0
