61.846982512724935 278.63242067969554 50.69305623734908 245.1026336527219 157.5975261673084 209.54285567089124 168.75187338624892 243.0718495106637 Oyster-Closed 0
386.06784954747127 165.38635520063755 401.93448777595404 204.57699476819295 303.29070733381013 244.50937957322014 287.424951656074 205.3194867034424 Oyster-Closed 0
168.085199241792 240.29361734196453 175.96519272538717 285.9785167790152 50.34461748213289 307.6410060875938 42.4662212946605 261.9575416319641 Oyster-Closed 0
246.19433666371333 292.51286262734845 241.73915911485528 265.2273454392235 290.78277002556206 257.2204436199649 295.238208486473 284.50563179277924 Oyster-Closed 0
128.33693831216806 299.72989091065557 160.4241863970783 267.3337256022432 205.2457553652821 311.7211977282118 173.1590660077709 344.11680966023783 Oyster-Closed 0
207.56636843381784 320.51731796054014 198.3175810715329 292.32748391415225 242.78536447272927 277.74028403144143 252.0343322458648 305.9297704352234 Oyster-Closed 0
186.64679541263104 399.56316530305924 166.31198364343072 307.8176184540776 282.90726781884223 281.9796930104602 303.24440409635645 373.7219621237049 Oyster-Closed 0
67.13926950648238 408.21842775601556 63.02901647134422 361.2336567704035 154.32201146722218 353.24853771376735 158.43356549530654 400.23187199026984 Oyster-Closed 0
57.34178539079221 175.91204619661772 27.00733285890965 95.67262820319014 132.20030522179513 55.905515251579544 162.53511507900112 136.14392734296516 Oyster-Closed 0
164.75744539709922 193.91823217619464 94.69993403281478 222.21620327706688 50.53396347668968 112.87697036982745 120.58948386512566 84.5794544391967 Oyster-Closed 0
263.21876529745714 89.32749807288197 309.30564009809314 153.95976363173494 207.14974604600138 226.79873334659231 161.0640980303906 162.16757602123423 Oyster-Closed 0
