362.4903544904082 234.48312722273795 317.8642900789855 264.0828643476883 230.0047456751745 131.62829007443207 274.62922663661084 102.02925959445301 Oyster-SemiOpen 0
331.8250865938826 359.45925541326915 292.34753430804994 417.7800164450346 124.90215659689056 304.4535771011245 164.37878048614948 246.13641128729208 Oyster-SemiOpen 0
159.57770999825152 40.85727576441819 144.63929385173833 88.94337238527892 86.84842661654329 70.99003308401204 101.78692495808355 22.904073584309764 Oyster-SemiOpen 0
193.34470520272225 116.484995380727 177.89649817799 99.6420958072673 233.9466820075977 48.233850956930816 249.39481860639353 65.07666136219082 Oyster-SemiOpen 0
181.35908700001164 404.1667080000144 178.17399875906267 365.13989460867356 253.4386149344573 358.9984474271096 256.62460495440973 398.0242675247509 Oyster-SemiOpen 0
103.12441100001888 410.5529490000106 99.4471472090263 365.49281515090854 181.11331267467176 358.8291436089024 184.7917127047258 403.88805004328225 Oyster-SemiOpen 0
129.98767882768152 137.76154417929646 244.39822383488718 138.52487097722764 243.57756818012786 261.52070927683997 129.16702195042672 260.75739917536043 Oyster-Open 0
186.29971404614116 284.1102868038001 220.2288071504372 217.81676168169125 382.6332697292455 300.92288606705927 348.7078162112266 367.21328812934644 Oyster-SemiOpen 0
0.029373327910434455 60.52011648225509 1.3920320014221943 7.678300463259534 102.21511228432792 10.278171040513534 100.85263118333387 63.11982777498049 Oyster-SemiOpen 0
125.03378114491352 160.4089694269445 134.02227837334067 181.75001748934875 75.08736958115333 206.5706133656961 66.09913383178355 185.2297874444581 Oyster-SemiOpen 0
15.90196532009577 196.74736906916274 131.15849763604274 178.50349116167746 166.38392854352787 401.0144446438145 51.12760480775614 419.2572781771142 Oyster-Closed 0
416.0018643190924 376.477908 348.61301656570504 376.477908 348.61516440178457 262.76353 415.9997541552075 262.76353 Oyster-Closed 0
416.0012529630949 255.40132100000002 356.25905198696273 255.40132100000005 356.26044045277376 124.09882500000002 415.99998454672823 124.09882500000002 Oyster-Closed 0
311.7210513136015 85.23403450539675 302.603854790028 58.96642495899505 408.16844486206173 22.326014349226483 417.2857225120133 48.5935097394321 Oyster-SemiOpen 0
358.4890304549299 0 358.48903724924094 17.492787132875335 257.1346887714717 17.492779606215755 257.13469599998643 0 Oyster-Closed 0
411.0536907769347 0 411.053704019414 33.137878389617924 355.16956194301747 33.137864332829785 355.1695770000151 5.532773653073379e-12 Oyster-Closed 0
417.19637196652184 93.34533046248222 415.6965506760025 138.17732898572135 337.1960394689668 135.55066737500877 338.69619902174963 90.71899632178895 Oyster-Closed 0
361.1879778963994 191.51758919971215 305.38437004308435 186.84308575581386 314.82869962777113 74.11172217932446 370.63088813020295 78.78616715652771 Oyster-Closed 0
9.196078395292716 105.11157545431978 34.43336466686378 102.9036831480342 40.52504521970695 172.53252995900237 15.287761373074318 174.74040372919904 Oyster-Closed 0
25.860487288678996 87.43463249436607 86.09051720707066 94.66548105882293 72.9957094170968 203.73636798771972 12.765695638066973 196.50562050567558 Oyster-Closed 0
61.186560327700136 144.3759320503115 98.02342609759216 122.48770977194498 122.70921259289753 164.0312369032396 85.8724551473897 185.91931468904443 Oyster-Closed 0
120.4628238211335 169.5406745670175 96.1707525324855 110.8559870065466 176.6114165746876 77.55899952881016 200.90369247949275 136.2431433111325 Oyster-Closed 0
184.8332232868488 99.21719971600085 138.91945959043733 75.61069046586756 176.72860114443029 2.074087318153042 222.64209705578105 25.680514669606954 Oyster-SemiOpen 0
17.14229960308512 99.52658601979323 46.0532627361099 41.99138186157282 134.45837453005151 86.413722533789 105.54796548609374 143.9484517030951 Oyster-Closed 0
354.6362205767582 0 381.80460322946965 42.50216085775434 256.0196030969055 104.0797464712171 228.8515480952592 48.583482928568756 Oyster-Closed 0
235.45740932708577 157.62526368649654 188.7966845519477 130.56552565527113 222.30691609932182 72.78382900126584 268.9671286542907 99.84337716685856 Oyster-SemiOpen 0
254.81219709347715 0 254.81226147087727 59.14861181387701 137.9869223121823 59.14849254466963 137.98702558682635 0.00002577389834839014 Oyster-Closed 0
128.15570100000696 0 128.15570996235692 26.642807078482726 73.82545373943503 26.642800308240698 73.82546087378796 0.000004016830383286114 Oyster-Closed 0
