163.49014683724818 195.11537097881404 292.47517158477785 224.12120953386608 245.67849236057737 432.18755700717344 116.69393311713793 403.183378327616 Oyster-SemiOpen 0
203.99220586340016 116.4618471235442 252.5027461063437 0 423.5900072295299 8.901002650558233 375.0815160005841 168.4713358082002 Oyster-SemiOpen 0
409.79670467996766 131.34140519107527 412.563024653562 285.76439536080443 233.87819775300522 288.95975814004 231.11711325860597 134.54206964108025 Oyster-Closed 0
194.16432720815646 406.1898495514818 181.18480558471856 334.2721825439058 345.4285710874756 304.6337451198347 358.41099127367124 376.5476840439682 Oyster-Closed 0
282.0115773176185 390.33355131968636 261.90521362781146 278.9474261524378 409.4391234337927 252.31891870109655 429.5491466670246 363.700571796578 Oyster-Closed 0
21.024557291722886 0 140.07773719346733 9.868577029652444 100.5237935335208 238.9264644880185 0 218.36911317583406 Oyster-SemiOpen 0
127.18695992328867 52.9451378384197 187.26835220192515 67.54460939444553 153.4827653833163 206.57910669022684 93.4014418051047 191.9798757765638 Oyster-SemiOpen 0
100.7158985848946 334.12170831681067 33.43601535580092 316.31221043000517 70.07909106673469 177.90807803735714 137.3551257969957 195.71706240538595 Oyster-Closed 0
164.90418117169975 14.091936181018387 281.2986978226036 84.84820876868459 97.24947060015256 387.58611669750695 0 316.83431422918596 Oyster-Closed 0
209.32874499997342 106.88229099999003 145.37583646796702 52.230574933623906 235.5820205249256 0 299.5346211067299 1.3241814590937846 Oyster-Closed 0
30.036839062751824 429.992210630098 0 389.7929554824808 58.339409248215816 318.79343435301377 99.4602769449848 358.9913447709969 Oyster-SemiOpen 0
