319.31907748019876 278.6692585508123 268.0514328171812 296.62540212845664 216.54194866249236 149.56722581227496 267.8069460686929 131.61157878947853 Oyster-SemiOpen 0
257.8379471601984 393.51125342258814 204.91406206925967 442.36842099408693 71.75417686388755 298.15284036472553 124.6742732476996 249.29879642968206 Oyster-SemiOpen 0
171.34402820174728 47.87841836651382 146.01682113946663 92.46224668111712 94.31648074865006 63.09233453209022 119.6436958438644 18.508629147708756 Oyster-SemiOpen 0
185.3994676990551 128.71430336263867 174.26063535290814 109.45179835189855 241.68309827253324 70.46432054356471 252.8219330747379 89.72669822942471 Oyster-SemiOpen 0
99.32944199998019 411.59493999998625 101.55439541674059 369.2889514466959 177.70059807560392 373.2921411822567 175.47681339153132 415.59701454265576 Oyster-SemiOpen 0
18.599082000018825 407.35368900000526 21.345840807523928 355.1314647642476 108.8696264365135 359.7329198535128 106.12448047696307 411.9536382435529 Oyster-SemiOpen 0
227.78485676800483 162.8389816608268 197.59569696303515 283.04745050404233 87.99008614361446 255.5210840968 118.18094505584668 135.31506369881242 Oyster-Open 0
136.40381513188186 290.85071703765516 185.25172230440876 232.48271010743434 321.1566619453333 346.2023120691144 272.3118522802579 404.56739977562216 Oyster-SemiOpen 0
2.853838985422044 32.874213334851106 13.967302806689986 0 121.0529474128125 11.085356876364228 109.93960755298394 58.15673149868257 Oyster-SemiOpen 0
107.98840651960927 157.83603806569351 112.35760242806646 180.242918945553 48.87983031884505 192.61961393258608 44.51089003670495 170.2129593996605 Oyster-SemiOpen 0
0 171.621263 100.292386 171.621263 100.292386 407.654526 0 407.654526 Oyster-Closed 0
287.79057023350106 415.99973628960487 287.79474332708924 310.56716896680933 391.39100573791075 310.57208207431717 391.39033531484165 416.0010101620065 Oyster-Closed 0
396.52758975183315 309.7502543160303 321.2098934279602 302.2958139465245 333.9590319222152 173.515553031068 409.27264714692865 180.96979121517913 Oyster-Closed 0
308.1217920232375 122.03655940483225 304.5791174054066 94.76864036371359 410.903143056159 80.95480101216576 414.44603924007606 108.22245162505835 Oyster-SemiOpen 0
250.93856512294587 42.5786739418199 259.9972146129221 0 379.5526192075813 11.666934958620384 370.49414522920415 63.48046268692166 Oyster-Closed 0
411.813706869616 89.88393793273906 369.12232146722454 87.89556186370933 372.34339630992326 18.741695201651186 415.0344820000173 20.7300640000003 Oyster-Closed 0
416.33142804817544 153.39891223090135 405.60150859831265 197.30442400876933 321.13396277786524 176.66178773413873 331.864260835795 132.7567887841699 Oyster-Closed 0
328.5550156158679 235.86659963979204 276.6116016898559 217.78165618522422 313.9958835317266 110.41611318522865 365.9376876983006 128.50075312301897 Oyster-Closed 0
2.6951498204689415 80.01547553426724 35.04660186309411 83.21767875435316 28.266398031562858 151.71581132069895 0 148.5136301467589 Oyster-Closed 0
30.972468850315636 65.86225755569495 86.74297215766273 86.64001545764471 48.16863318736432 190.1762654193718 0 169.39876345905466 Oyster-Closed 0
105.74944467375099 161.7204371263298 64.1682746625338 174.6561086421683 49.96226049260804 128.99254617445825 91.54295132220068 116.0569552824785 Oyster-Closed 0
101.85928728526778 165.70376961514697 90.24338279284711 104.15746411059119 176.35305629980212 87.90587565863493 187.96942373672937 149.4515927585345 Oyster-Closed 0
181.3177518699449 110.42003529070837 143.2949213886459 77.71734662404891 198.41826006639894 13.627076166379121 236.44089041867483 46.329620776521786 Oyster-SemiOpen 0
19.517007256206853 76.75917262880735 61.35320568239331 25.9687665861111 135.59249831247143 87.11945207176035 93.75668637414856 137.90950027797186 Oyster-Closed 0
371.8190619902198 35.51569562542938 386.7253284525759 94.41692006962664 250.16531827003928 128.9751256110683 235.25972034661754 70.07445577698046 Oyster-Closed 0
215.59727912580274 177.41153825844222 177.5761512535828 141.38949445027242 224.62555548831733 91.7309659826016 262.64634060570097 127.75270980895974 Oyster-SemiOpen 0
152.84295599998222 36.77905499998089 197.28161348721915 0 284.6406681452245 21.389926259239317 240.20217179163228 91.86431962828209 Oyster-Closed 0
153.65966899996783 0 153.65967465133144 21.506011944544372 96.41080418246929 21.506007270890052 96.41080919574597 6.660952729468261e-7 Oyster-Closed 0
