128.15282325509543 225.69904298822323 272.6364277339708 232.80322218789374 263.28911268922457 422.8768239515271 118.80553257829888 415.77302731757976 Oyster-SemiOpen 0
381.91129851001097 13.376061852906492 476.71725887600405 149.9205297369756 316.61638687257437 261.0753561756711 221.81354091217509 124.53363823151031 Oyster-SemiOpen 0
230.3717763325949 329.604076838808 248.79893926855948 174.8045520923381 431.29672303586267 196.5266503377973 412.8769390428206 351.3192988192213 Oyster-Closed 0
183.7736550000045 415.9999999999865 183.7779095799233 367.6572530213722 338.0871154033048 367.66722005969484 338.08543515469864 416.007455479935 Oyster-Closed 0
417.5993295039334 338.6255658187215 415.96606435928334 417.64185599972166 264.25711200577643 414.50133073368784 265.8942434337805 335.4890339496544 Oyster-Closed 0
50.80935862963452 0 171.8074167760642 19.277249455359673 112.20849031553371 223.96643842677207 0 188.73702095124315 Oyster-SemiOpen 0
151.96360068370996 66.2264723753035 212.7359853979142 89.5273398923936 164.69184310705896 214.82988291882572 103.91963946832402 191.52940140148186 Oyster-SemiOpen 0
79.72917106440218 173.00601807071766 149.01552329439437 198.1082008610823 104.37641442412496 321.30735650703707 35.09041410640566 296.2058740274363 Oyster-Closed 0
194.50163323188826 34.89788653982065 305.81206606272826 132.46529664445558 89.05294785817023 379.73183913274687 0 282.1702734243993 Oyster-Closed 0
228.75484900001538 138.09143200001859 175.90805142293175 56.92458884137665 331.39388301988583 0 384.2404693896751 36.85613266092846 Oyster-Closed 0
13.921901888617867 405.4930831114582 0 352.96967266051774 58.28307726780258 301.6622845855579 92.55983348204609 354.1841041395397 Oyster-SemiOpen 0
