323.451818506961 270.9869816264203 274.0570624851789 293.7729904040816 208.83587523840106 152.3983374254745 258.2282741608651 129.61295101217218 Oyster-SemiOpen 0
272.5723280750426 390.3727199340023 224.6120088696698 443.8623947672854 77.91229714171641 312.35319841914173 125.86992201268004 258.86699515009093 Oyster-SemiOpen 0
153.91306394975618 55.06644813272054 132.8742562155021 101.58120426097618 78.35809982962019 76.92337503341469 99.39695587928509 30.408774304938152 Oyster-SemiOpen 0
175.57425528409294 134.08238948069013 162.81739067484523 115.81083520974897 226.53794605904113 71.32307925408456 239.2947782099909 89.59450921108503 Oyster-SemiOpen 0
117.54729099998804 416.00000000002035 117.54873615224642 379.1234216894299 190.3497468115056 379.12586101548806 190.3492419801296 416.001496471677 Oyster-SemiOpen 0
38.453380000017205 416.0000000000169 38.455436030842975 371.1492414362494 121.84674797120533 371.15220602736775 121.84598596223077 416.00169293441945 Oyster-SemiOpen 0
221.28323660981187 164.26735659655523 202.0002498363283 286.13607609769537 89.79962829551005 268.38191037177216 109.08477975918504 146.5157870884131 Oyster-Open 0
141.75543894140355 299.3036304641179 184.79140460554845 236.85104065571068 331.3645744198693 337.83728627185434 288.33210649104876 400.28674298807044 Oyster-SemiOpen 0
0 56.25260123336414 0.9789130607823608 3.788970312498395 101.0152485679755 18.179693887180015 93.46823528142704 70.64315414022134 Oyster-SemiOpen 0
100.88830309732293 169.71062762659378 107.14778058907905 191.62120819228304 44.83373823568036 209.42173372412205 38.5745389331787 187.51139245314732 Oyster-SemiOpen 0
0 192.352479 103.687336 192.352479 103.687336 416 0 416 Oyster-Closed 0
395.5866339364147 301.7496364031947 398.0389030922124 413.2904844297146 299.76744435576984 415.44682858097696 297.31869408741477 303.90933213977496 Oyster-Closed 0
329.29115076232483 165.10139769656686 405.06863357480324 166.62060465415954 402.47910037568727 295.7749697880877 326.7016178333033 294.255802572268 Oyster-Closed 0
297.67485094129006 116.77460507105121 291.81661081590937 89.97603082460563 401.9800979040592 65.89384555577989 407.83851986435184 92.69219898355979 Oyster-SemiOpen 0
232.98723233610872 42.88623928500163 236.85907228745054 0 358.5735933701435 7.600591736537139 354.70188631062047 53.21692594270158 Oyster-Closed 0
404.98310483783644 75.96519016527046 353.3496555035381 75.66415497845226 353.75211580452014 6.658710087246763 405.3853076889973 6.959744526628272 Oyster-Closed 0
410.21063631686775 138.6378357909826 403.4586229795095 183.12364981206795 315.80782293412994 169.81983468721563 322.56027299422567 125.33453756265655 Oyster-Closed 0
328.8056517442201 227.92704268606212 275.13833234444246 214.53558821124412 302.5397785935638 104.73219667366503 356.20543924503 118.12343697570434 Oyster-Closed 0
11.7288017747087 166.580035811637 0 163.51008858421014 0.8430825109207944 100.66383646047602 21.204430785954173 103.73376391405107 Oyster-Closed 0
13.22993931867677 87.37289858269463 72.04529434052165 97.69576340294718 53.59107710229364 202.8366881792797 0 192.51396283425018 Oyster-Closed 0
98.79180224387528 173.39323759251764 58.55882607721287 190.2542344253569 40.162504283151065 146.35924378947394 80.39500064693857 129.4983619445685 Oyster-Closed 0
95.3782985715734 178.08315764172443 78.56749370857142 117.87092200822212 163.22005247920606 94.23714711843391 180.03125163713048 154.44876296015687 Oyster-Closed 0
169.67195359962716 116.44237238285842 128.77306443030466 87.0346829677419 177.97396578148255 18.609168302461836 218.8725808090894 48.016716835709076 Oyster-SemiOpen 0
4.796542325795599 97.02022064641707 41.58236875707007 42.742969555802546 121.58823424662842 96.96547683513847 84.80292051224387 151.24227324149632 Oyster-Closed 0
353.86238528795366 25.199644407282065 373.7155835541125 82.53832885127429 240.1827366768448 128.77203515773024 220.3301534048478 71.43385447419006 Oyster-Closed 0
210.22536656882585 179.90287932668312 169.0645200324616 147.16979510527074 211.5907375459974 93.69663789305811 252.75113445628813 126.42944474205075 Oyster-SemiOpen 0
134.42913899997438 45.69393699998719 171.76964569677148 0 264.51583842929176 19.385780692609032 227.17553096189658 92.84074853069846 Oyster-Closed 0
132.01448736538077 5.993583788528356 132.93243070503377 32.33559102194475 75.37886913815964 34.341123693323155 74.46095280114241 7.999140913699257 Oyster-Closed 0
