243.85970363511296 433.6808322140745 110.16329831487019 399.4110551175017 161.98894095829382 197.28878745577418 295.67143503057014 231.55676493332027 Oyster-SemiOpen 0
239.29194900000002 21.867354 416 21.867354 416 195.55942 239.29194900000002 195.55942 Oyster-SemiOpen 0
240.31772447135882 308.8764787849535 254.3246400319622 152.74994081784178 428.15694180812716 168.34408394450256 414.156318846075 324.4646608050053 Oyster-Closed 0
182.4322072385803 412.3729872660523 180.92291977142668 347.3408504143084 340.82103895669934 343.6274621264402 342.333702862692 408.65623050235655 Oyster-Closed 0
415.9917853455154 312.08837459590404 416.810192875535 408.0247795263222 269.7579037130017 409.27349709996844 268.943974962207 313.3415663631308 Oyster-Closed 0
71.57992861189996 0 185.93105812895374 9.626395780051741 108.2555218197922 211.56494899091936 0 167.58130571083302 Oyster-SemiOpen 0
165.44169097604754 45.842377337861144 224.66751108925382 70.10774976256891 172.55088938856352 197.30835981984364 113.32524389736136 173.04334335889865 Oyster-SemiOpen 0
89.78393365406737 154.6299364322415 157.37932968434325 180.92270990961651 108.43296831131738 306.7465108088773 40.83795007253502 280.45444117704557 Oyster-Closed 0
208.44022521487568 14.627358663142216 315.9095544106822 109.19780783746717 92.37456646391729 363.20040663160387 0 268.63528029754593 Oyster-Closed 0
239.81231199999456 117.0350799999804 187.6245175276199 38.52970714253455 346.76240995750413 0 398.95006332772755 11.245109508182042 Oyster-Closed 0
25.812854825391696 384.31599860335604 0 333.46171196870324 62.91705178020493 286.18126852201806 96.79659935629024 337.0342536500723 Oyster-SemiOpen 0
