103.17028548183589 135.4196850722584 69.40689573653799 99.1130149583513 131.3646755282498 41.496418812889765 165.12785192569208 77.80283521451847 Oyster-SemiOpen 0
152.2175171231429 225.97117783324404 87.26049016920297 198.88856183583277 121.83717714514569 115.9638123227683 186.7927316627938 143.04608761785647 Oyster-Closed 0
80.37480317622976 76.01508232034274 117.4307019713633 138.42072554434924 29.78138885278895 190.46353570364732 0 128.0586125335323 Oyster-Closed 0
153.6999700055494 310.10467892145425 144.3740655316724 210.59754097511941 239.6816210148645 201.66630848523133 249.009453973169 301.17127195183923 Oyster-SemiOpen 0
0 326.521993 52.591530000000006 326.521993 52.591530000000006 416 0 416 Oyster-Closed 0
17.694361278881843 155.0307237325265 98.12412503574888 133.68348570995815 123.77560909830936 230.32506907258517 43.34598107079 251.6719432676222 Oyster-Closed 0
172.04479246250776 5.005901298032758 170.09186374194178 72.12786631352948 84.39774518546983 69.63436330386146 86.35086001284799 2.5125790042680958 Oyster-Closed 0
185.72117474902916 57.957580918773246 243.21803262053072 69.49544918314373 221.41439783663373 178.14748893328405 163.91757015394614 166.60975363522323 Oyster-Closed 0
137.05648233292595 326.25608969625904 81.29515658833407 305.46232046734633 118.60635169099623 205.42475265792947 174.36513946610285 226.21799531643882 Oyster-Closed 0
0 32.818447 46.895612 32.818447 46.895612 102.942662 0 102.942662 Oyster-Closed 0
71.55253832797098 2.081954728901137 70.58423583627518 35.36086075024772 27.793187167426368 34.11576137245615 28.761512251901877 0.8368772100257187 Oyster-Closed 0
56.82445896324498 104.4022729247357 22.86800796483658 95.93884658342874 47.35743910576275 0 81.3135094694735 6.149231546508666 Oyster-Closed 0
0 0 34.610873 0 34.610873 37.868805 0 37.868805 Oyster-Closed 0
0 245.18298099999998 58.856374 245.18298099999998 58.856374 325.391805 0 325.391805 Oyster-Closed 0
271.67589043063344 280.51616434989756 328.43483019399355 354.31219745002267 255.67298818194104 410.2617322941084 198.91628416357344 336.46774470939795 Oyster-Closed 0
355.4462931609887 220.90939133744598 414.21770689632467 237.91228889836577 375.6974544952718 371.04008422114356 316.9262817133276 354.0377992799931 Oyster-Closed 0
298.0236814148193 186.29750099430382 367.8721475708662 184.56626561147866 369.96034278043953 268.8098905877797 300.1118788120584 270.5410972352959 Oyster-Closed 0
349.17269374503303 19.509437232142766 415.1595181585981 24.123645615854414 408.4607855419308 119.92013590583876 342.4739654786317 115.30595550695378 Oyster-Closed 0
268.1791783111257 91.47747687410082 179.5088123008718 52.93639371297525 206.58405907381166 0 295.2539863526217 29.186950446912466 Oyster-SemiOpen 0
256.3140145126381 395.6537095564429 218.78097100979357 434.0573636464872 167.57507538685604 384.0248786272179 205.10721696087057 345.62217755718547 Oyster-Closed 0
148.728898357047 351.7257932920865 91.1930273664002 396.88454248364064 18.35310164916882 304.0963741553919 75.88638268535215 258.9391872982841 Oyster-Closed 0
216.39450597402538 305.0100298046489 216.63654705008958 367.32027250505917 149.96855027908532 367.577985199432 149.72774229669812 305.26897973135596 Oyster-Closed 0
313.1828389817092 79.7360347683661 284.87858513232277 29.69665756549223 391.7557913359342 0 420.0599654919897 19.28198467413912 Oyster-Closed 0
367.2098879999576 302.12275938471436 395.58123899999555 304.1062490000002 388.5935575724907 404.03533183640315 360.22221317082585 402.0519047633075 Oyster-Closed 0
393.82841270618883 411.1690940628914 337.10429990472403 456.30173574643123 273.78572741775133 376.73974599444904 330.50736099998176 331.60862399999604 Oyster-Closed 0
141.8963791893002 412.92512657063435 57.860248542729096 399.9070973140733 65.71008393742159 349.25649521717264 149.7433245908578 362.2742939802278 Oyster-Closed 0
58.801333000010345 415.9999999999837 58.80176676882911 402.0064146465173 118.98353763713385 402.0078875649092 118.9834069892604 416.0011674094097 Oyster-Closed 0
13.78046900001209 416.00000000002206 13.78166939712537 370.0308979066045 56.06492435075779 370.031887818322 56.06439711052735 416.0003274066398 Oyster-Closed 0
0 145.919326 32.438637 145.919326 32.438637 226.99096600000001 0 226.99096600000001 Oyster-Closed 0
0 101.117436 16.956161 101.117436 16.956161 126.90423600000001 0 126.90423600000001 Oyster-Closed 0
385.7538352870142 164.13914971696568 347.715588951698 212.84886278654668 288.9215617885384 166.9373171128345 326.9595530720617 118.22813393308448 Oyster-Closed 0
