124.12092105588818 123.50410955563095 86.61374947260992 88.61522173596632 142.45401503915127 28.58525322745882 179.96094472529148 63.473936092320926 Oyster-SemiOpen 0
122.17145112383878 123.03529627633625 182.16590616158283 100.82059734649502 216.57865535636302 193.75473379882007 156.58436428695495 215.96912951080566 Oyster-Closed 0
95.37142403778853 64.96746307780155 137.2470248172358 126.88501822722823 55.50417127268156 182.16646903830213 13.629303313231503 120.24956269290851 Oyster-Closed 0
191.5150487730898 295.99570267863135 177.96935327939354 196.2086871840458 270.204830880808 183.6894325247526 283.75217816203076 283.4744568521514 Oyster-SemiOpen 0
22.414887074948638 320.54680689975527 94.22688879593625 315.52645824006726 100.49392582151268 405.1521488040683 28.681939469282952 410.1723542633791 Oyster-Closed 0
40.68161657058954 163.43434744319381 115.66819970066354 122.33189108906326 161.74484298607058 206.38936892369748 86.75871840880791 247.49118167826262 Oyster-Closed 0
181.3832903301045 0 181.38336370116303 58.396141046977924 96.13102560769039 58.396083937893664 96.13108427749467 0.000006918457987712715 Oyster-Closed 0
198.36203919152467 43.82154745420752 257.337841379609 49.424219798684526 246.90354435412155 159.25781546929278 187.92774571358677 153.65519879765245 Oyster-Closed 0
178.25310396007262 311.56037622321946 119.58944625367076 296.06639765566734 146.3188019384579 194.88114426086824 204.97984433868987 210.37475756330815 Oyster-Closed 0
8.030294364849397 25.234972042272023 60.533933872942725 23.400025993273577 62.98927740019644 93.6548756334922 10.485638105823455 95.48981481342446 Oyster-Closed 0
77.24894699998549 0 77.24895361505332 25.25709150122056 36.855078619420965 25.25708654796654 36.855083840080624 4.0065986903497626e-7 Oyster-Closed 0
74.71934532646992 93.49231828700736 39.62410792137962 88.47628960093887 52.87015791521844 0 87.96510662551009 0.816887275305595 Oyster-Closed 0
7.148351999981969 3.12688282121382e-13 42.71804714177051 0 43.82825357158799 30.5231821904461 8.258558480923966 31.76631301814215 Oyster-Closed 0
16.68101022443443 238.5490498889222 92.12671831074476 233.27410744000747 97.74199483580742 313.5776612666505 22.29629833068975 318.8525007036606 Oyster-Closed 0
240.94368143047177 320.67693152719335 306.6031405443464 260.84527295548446 371.7756354825178 332.35425969717755 306.11777249689476 392.18425893728073 Oyster-Closed 0
416.00167960867475 341.148994 369.6949567560441 341.14899399999996 369.69633591534875 211.212528 416 211.21252800000005 Oyster-Closed 0
324.2357956597807 167.57979275991514 393.2462650068155 158.61235463801358 404.24053647889014 243.2153589723572 335.2300999502477 252.1826607734222 Oyster-Closed 0
415.99999083627335 0 416.00007460693814 94.8889360000981 359.32371846373644 94.88881403954329 359.323850617111 0.00007605786967553092 Oyster-Closed 0
305.47168624239566 9.83725177457466 283.99554103649643 72.23300618246448 190.551538629079 40.07016414662623 212.02773873017577 0 Oyster-SemiOpen 0
304.4584587532081 377.10426113865304 270.7782592019612 416.77929968868244 214.43988069220723 368.9644977465457 248.11945872072465 329.29043205249445 Oyster-Closed 0
192.01007822429892 337.2335667159795 139.8194823160993 385.2391382142866 57.54969292871829 295.81139179030725 109.73828599989793 247.80747164302812 Oyster-Closed 0
255.9820766127159 288.1261179284819 258.7664562097998 350.490516446179 191.81156280595314 353.4781457653646 189.02841199999966 291.1149370000198 Oyster-Closed 0
391.9408929999736 0 391.94095956333695 51.531833772377475 307.81909692414047 51.531800715705195 307.8191312011659 0.000011043669644095023 Oyster-Closed 0
337.35261521348366 384.034720849746 357.1518431558179 306.35586858781267 434.3382346183462 326.0259323603774 414.54127608609633 403.70280520839935 Oyster-Closed 0
191.921695158253 398.4000807823928 106.35867978695387 394.14746659297 108.91327124958843 342.79111945989933 194.47338360452704 347.0436607421276 Oyster-Closed 0
108.75981200000751 407.9311689999913 108.56420662728851 391.06413734083753 172.4636786181254 390.32283120222286 172.6596580424448 407.18948288061534 Oyster-Closed 0
63.56004300000495 408.45668899998077 63.00262544053476 360.42248658682723 105.55975234162179 359.9286664841042 106.11785359558417 407.9621875352938 Oyster-Closed 0
11.989542615774553 138.5203837262108 59.64869420899413 136.85483213452005 62.48140613783835 217.90770452374954 14.82225560220104 219.57323458272123 Oyster-Closed 0
11.698535923980671 130.19422815799615 23.501345929777017 129.78174524634682 24.52271946581459 159.00637273613782 12.719909538809588 159.41885412096042 Oyster-Closed 0
10.383526000012353 92.5679159999998 34.69435910685934 91.7182911920319 35.95716760807409 127.8511003045995 11.64633475174196 128.7007221484689 Oyster-Closed 0
409.878486397145 141.00859067352687 376.03028797195657 190.51905486470417 312.75537880834963 147.26182268846813 346.6034563550347 97.75183930658203 Oyster-Closed 0
