107.56969167765783 137.47800308442768 75.97809522019088 97.25771331531459 140.72687164854142 46.40079685798567 172.31832570980623 86.62080338670395 Oyster-SemiOpen 0
105.73052618723887 136.60896043401326 168.72371188369652 123.91055794146621 188.2760290087026 220.89962753584302 125.28290443011429 233.59783507329706 Oyster-Closed 0
88.27936590226818 75.28873303879047 120.0817286025922 142.77330951913743 30.38721712826009 185.0399996092932 0 117.55617222026027 Oyster-Closed 0
147.50773284061506 318.0046098284346 149.18413077869627 217.38459349810745 242.75427692688027 218.9435193150972 241.0801551450495 319.561277309675 Oyster-SemiOpen 0
0 320.482479 46.224638 320.482479 46.224638 405.861313 0 405.861313 Oyster-Closed 0
18.602320184450946 164.20979569917193 99.41177321428768 135.01895429558462 131.93354452541826 225.04464000435453 51.124337649107474 254.23500160074917 Oyster-Closed 0
183.07725215492974 16.017014950727017 177.669085278063 77.83441275802144 92.09984884238293 70.34807527036092 97.50820185212069 8.530883840849352 Oyster-Closed 0
193.71656799906486 69.84027571369396 251.20532152131636 84.65556688150889 223.6652442419836 191.5181744823547 166.17654916659376 176.703071036316 Oyster-Closed 0
131.745146359528 331.5050561379984 76.18227130132072 306.97435785481866 118.54499601230782 211.0380151616473 174.10543866473745 235.56809243991603 Oyster-Closed 0
7.937913330944866 22.71451925644836 60.235103400831576 29.141695981721206 51.65344629342508 98.96925269206164 0 92.54210064145572 Oyster-Closed 0
81.0204064653226 7.0883502508462435 78.83494751046601 32.06842756806642 37.63794465882165 28.464160637660406 39.823418819414655 3.484098649811252 Oyster-Closed 0
63.30370381851026 100.45155024133808 29.36906982032815 89.97202805029788 57.51609714292863 0 91.45042905873561 9.307675368969717 Oyster-Closed 0
45.499832476831216 3.980707657627413 43.00599416426121 32.485503703912144 7.122925000006944 29.346137999977113 9.61677677161424 0.8413599249520605 Oyster-Closed 0
0 236.674324 56.398655000000005 236.674324 56.398655000000005 317.201016 0 317.201016 Oyster-Closed 0
192.54586189964175 349.87919098329934 266.910310169842 300.53859360995875 320.35382885129 381.0702360041697 245.9906129226547 430.40930355506697 Oyster-Closed 0
353.7849928734431 253.0642584924716 412.47984435898616 273.6880221389953 367.4188653512065 401.907349417315 308.72439598689743 381.28439110697394 Oyster-Closed 0
299.0825966058328 211.09140796374058 368.8894655077165 213.02199013820564 366.5337255958657 298.19314832557717 296.72685702565286 296.26260243407256 Oyster-Closed 0
407.72407059961915 154.75030004824566 348.4822393206523 150.6077851565752 355.26919969001756 53.55974129077096 414.5099765017658 57.702219058610744 Oyster-Closed 0
305.4217115904612 52.6895832968226 273.81797616235053 111.05777378766163 186.8861741973924 63.98815090740199 218.48991659938838 5.620296962242418 Oyster-SemiOpen 0
168.83095114658863 415.99982695148014 168.83232927531571 372.4828655269598 240.00402506887258 372.48502940308475 240.00372514091578 416.0008950008505 Oyster-Closed 0
141.37249701297333 358.74309962481755 82.19544890075849 398.4085157684845 14.6842070157727 297.7052034631924 73.85819168833405 258.04119972793103 Oyster-Closed 0
212.4381441464102 319.9495830176577 205.79518591766464 382.0107988832247 139.04422732672174 374.8662124222554 145.6882980000155 312.8062830000229 Oyster-Closed 0
321.2602489459532 106.16143570834572 294.5903518000523 53.85651563946703 393.12928574447506 3.6127323894191052 419.79913986528845 55.91721931044056 Oyster-Closed 0
380.3605347396042 418.39176235222897 351.9904514132795 414.9059755421007 361.7781562050259 335.27266989381474 390.146698000015 338.75835900000277 Oyster-Closed 0
282.9069109999873 415.99999999998585 282.90920212843776 359.11382221918615 358.8575928370483 359.11683841690393 358.85678297940467 416.00151620490215 Oyster-Closed 0
132.03841266536256 417.8241620082968 47.996972691817064 400.1703237897524 58.262686200610915 351.3202001734535 142.30133729358568 368.97373299826097 Oyster-Closed 0
47.839254000002256 416.0000000000072 47.83970696208053 400.84872399742153 104.53274704101568 400.8500648935453 104.53260299033718 416.00103033158535 Oyster-Closed 0
2.921643999976368 409.7751280000156 9.604341000784189 362.20342603270933 51.910956533512945 368.14489231480457 45.22903123854849 415.71590611644103 Oyster-Closed 0
0 136.782911 33.04336 136.782911 33.04336 220.48158 0 220.48158 Oyster-Closed 0
0 128.089618 6.196238 128.089618 6.196238 145.035146 0 145.035146 Oyster-Closed 0
0 89.808668 23.270199 89.808668 23.270199 123.457389 0 123.457389 Oyster-Closed 0
388.0358900101637 197.7691767473709 346.92993512477915 241.75835076921445 290.92578019133 189.42777368474643 332.03124681568806 145.43917504237513 Oyster-Closed 0
