398.1891911575767 142.26560339188796 372.40562445326213 211.56587039738707 237.54372751376286 161.3899773326813 263.32786330616 92.0910151373055 Oyster-SemiOpen 0
415.9975994494307 284.21877241155653 458.28133370552314 349.770118722203 327.2154154843847 434.28922151371006 284.93521570658413 368.7410065495174 Oyster-SemiOpen 0
286.1405362352016 0 286.1405562029904 30.52172060298991 180.92156123724635 30.52169495011561 180.92158500002552 1.1424751200484544e-11 Oyster-Closed 0
416.00613161009824 351.21095899999995 255.60347399999227 351.21095899999995 255.60966953001844 185.66883599999994 415.99975633350914 185.66883600000003 Oyster-Closed 0
243.489833813961 373.5764441538329 106.5423357408581 319.3162202242779 175.70898596561165 144.78604554691515 312.6454500491018 199.04375756900154 Oyster-Closed 0
251.71055709201755 127.86355481932137 202.0491183875056 262.0349575085642 71.87605659290057 213.8535072081522 121.53884927063336 79.68468324815035 Oyster-Closed 0
422.9334760233178 56.543915609060676 395.68048780619574 106.54301129164668 276.66647936066875 41.67193850677178 303.9194662730042 0 Oyster-Closed 0
415.999999853153 0 416.0000101910882 43.25625500000571 385.60039580308876 43.25624252444221 385.6004084282431 0.000007287400871285453 Oyster-SemiOpen 0
134.71273999998812 410.85414800000893 131.91458610403788 350.67335626127795 306.3907426360711 342.5594284958552 309.19220846434837 402.7367518129342 Oyster-Closed 0
312.79712 74.216101 416 74.216101 416 191.032528 312.79712 191.032528 Oyster-Closed 0
236.37897050925312 39.08007610823057 306.28669398088095 29.04152838449376 318.8096397649824 116.24978639618324 248.90192782540908 126.2882738485229 Oyster-Closed 0
102.76138002504376 442.4449527670468 0 396.5135751656782 78.24740764901799 209.22024115336313 184.06303464215307 255.1488248589184 Oyster-Closed 0
55.36550547737352 284.87063168210295 10.819448079069844 246.98716406032443 70.19789536145981 177.17347025967175 114.74296071832214 215.0562389673192 Oyster-Closed 0
31.82080442357619 101.64314551250669 90.80517567448624 66.75808628155158 126.90826897416264 127.80095195690816 67.92408914540647 162.68576120882997 Oyster-Closed 0
225.61278194843544 103.53410970309433 147.49575042265133 99.2671999238265 151.17425086697767 31.929949242542307 229.29070399997 36.196843999999295 Oyster-Closed 0
9.808526999975584 168.40591100000103 47.792418713870575 166.19376132530326 51.20570342620704 224.7982224691653 13.221813396772632 227.01034995700277 Oyster-SemiOpen 0
28.914739999978337 90.30680199999269 28.723383262498828 53.285774185155546 135.32751770421237 52.734483064133435 135.51912234640986 89.75527295853423 Oyster-Closed 0
176.88809169889646 0 176.88822616715697 70.570145569819 31.308996516530897 70.56995279250874 31.309177488994465 0.00013564306415665329 Oyster-Closed 0
