224.51237337976272 398.45178892001445 146.74136266825008 336.7341032381534 277.4394796116576 172.07019960821583 355.2050769903435 233.7845625203359 Oyster-SemiOpen 0
149.7995221100573 364.21171166845863 0 204.51498646409595 90.32430116535397 70.23718705653714 269.49105922855597 229.92762565013615 Oyster-SemiOpen 0
351.03687145503864 41.233367155919495 327.94759779074957 156.90854253026734 142.4473200872526 119.88032042504233 165.53775709293404 4.20636112469554 Oyster-Closed 0
402.16742209865697 194.67659160499105 309.51842466586095 187.6561947290658 322.5692136409125 15.450948619250806 415.2144461446842 22.471181926066897 Oyster-SemiOpen 0
394.75017860137086 292.56313778146296 298.91429050504667 285.3017393028549 308.4810500662861 159.08972260103988 404.311894999988 166.3509230000003 Oyster-Closed 0
308.80792016057603 108.59875331600577 339.87899888894754 174.4542456612849 240.2494127184509 221.4565712898558 209.17954934780573 155.60210500659028 Oyster-Closed 0
341.31221212216406 240.99086627748008 426.56440502144324 324.5677398143855 271.81911164289704 482.37301891742584 186.57252532791972 398.80185533035336 Oyster-Closed 0
184.52325652771106 5.368956754125731 183.04695747990627 56.111545710296426 35.34747796897864 51.81396718588863 36.82397198180479 1.0714809392769113 Oyster-SemiOpen 0
11.008863054314133 0 58.12116131171206 3.2917725383574545 42.825009686384874 122.44013522508241 0 116.39197820155742 Oyster-SemiOpen 0
68.43061762523212 167.55081587039527 89.4396702401682 95.55594784952244 260.9204449940844 145.59374248955112 239.91349245627498 217.58679600681035 Oyster-Closed 0
196.57757427791876 314.4745630911802 215.01095834201624 353.08578669754826 120.94424395706665 397.9822870916819 102.51234751201264 359.37233081984147 Oyster-Closed 0
23.664408930504578 147.0258673518693 5.9064291733302525 66.1216490931923 128.7503251171329 39.15811829290178 146.50890189727943 120.06161907336016 Oyster-Closed 0
78.49711355303589 415.99977868006596 78.4976022041883 397.8357610160844 137.39696074984386 397.8367705602361 137.39685563646708 416.0004089782193 Oyster-Closed 0
