391.02889521345423 208.82128267876422 353.06749579108146 269.95454792826655 228.03184348074137 192.31576180000255 265.9930764696401 131.1840670039106 Oyster-SemiOpen 0
398.7419529161816 398.5999312069133 389.1897024138416 397.64647478736873 395.2596712023733 336.85141196728745 404.8115462831083 337.8048494941977 Oyster-SemiOpen 0
251.41159900001367 416.00000000002336 251.4173671463941 345.50818266373534 398.87514963009744 345.5182057110426 398.8728908967132 416.0065285043091 Oyster-SemiOpen 0
304.13533317341717 32.45742388011614 297.3210842212575 72.70999057479028 192.26928486819816 54.92580309245689 199.08366744896557 14.67339435161853 Oyster-Closed 0
216.74322699999175 381.895828000018 241.09769013915866 225.91786608381858 416.81114072969285 253.34896552008888 392.46531351163867 409.3192973317843 Oyster-Closed 0
202.4428786032695 399.25190422898936 73.66296783111102 320.16780902103994 168.61332899866102 165.5852414515168 297.38387473668627 244.66552996296008 Oyster-Closed 0
248.9786946259046 163.66411773273217 175.7156456126504 282.0725358911145 55.05155474686035 207.4160507585726 128.31455391040072 89.0101315333645 Oyster-Closed 0
424.8433255815362 127.25598902246244 389.61595664660126 169.83867760350148 285.59895394723935 83.78968645389362 320.82597132280716 41.20756794347843 Oyster-Closed 0
415.09929983113034 111.36865766128149 395.75467830540583 111.14356558304142 396.1844963939002 74.20991656415487 415.52900499999305 74.43500799999988 Oyster-SemiOpen 0
87.99355826465762 415.9995357690001 87.99792382185478 358.99335993186617 242.32186581200585 359.0033362926856 242.32051485673946 416.00643039425546 Oyster-Closed 0
413.32831331208945 263.69527028791134 310.4455834158762 262.49819261212707 311.91608104228726 136.34801666911034 414.7945513272862 137.54507075509184 Oyster-Closed 0
245.09726262270124 160.82405347092836 246.68218193474604 74.3825922634439 317.35732371654376 75.67846333740786 315.7730536617819 162.11928720268662 Oyster-Closed 0
90.99113992346975 415.65140331919594 0 386.66885332593876 24.59113924950725 211.11260699500843 136.469560691261 240.0937010204417 Oyster-Closed 0
29.255483168915816 274.29562804554786 0 227.28921440483407 60.97021701035919 172.10670601472154 98.45693212636615 219.11230785144974 Oyster-Closed 0
96.33212014711535 66.30061503624684 124.96206082171557 133.5226980486041 63.45744849233961 159.71646923187924 34.82802330651975 92.49481893894632 Oyster-Closed 0
225.82386901030623 133.5932042330503 148.4425928244891 116.73290047891273 162.6006499232244 51.75710989878266 239.9811700000064 68.61733100000146 Oyster-Closed 0
2.491955468289234 150.77448304842224 40.578095532513544 154.57672367554477 35.05037509041722 209.94363977192785 0 206.141432430264 Oyster-SemiOpen 0
33.57283299999108 78.58944300002139 41.13346855859345 42.807990342880686 145.78047021439124 64.91956168211544 138.22010995903838 100.70077824159235 Oyster-Closed 0
193.67100346769075 15.809070161859612 187.93333980406896 86.10115023746887 39.52472940268126 73.98657304539738 45.26274236294921 3.6949454294774577 Oyster-Closed 0
