251.94231697949726 387.2593169884094 171.96096396104258 324.3500411810319 298.91298961685607 162.97392468866605 378.88906650630815 225.88001496120006 Oyster-SemiOpen 0
176.91783583424694 350.4143998491444 0 185.93053116068592 108.27589118266405 55.002421849528105 293.3090328087128 219.48038959175054 Oyster-SemiOpen 0
185.2902198557931 0 371.26859218500977 31.054528138646027 348.14443821765235 145.29654388772417 162.16610380873317 107.65234926103786 Oyster-Closed 0
416.00134645257276 182.81120600000003 333.61733623226974 182.81120600000003 333.61881407560577 12.33189200000002 415.9999787658271 12.33189200000004 Oyster-SemiOpen 0
416.0020460586129 282.861179 325.9044716952267 282.861179 325.9068423136923 162.349378 416 162.34937800000003 Oyster-Closed 0
330.38315304026037 99.83265565492103 360.0211810463006 167.92855524273224 261.0793590312387 210.98884272845663 231.44249380336987 142.89392043958398 Oyster-Closed 0
364.5903002834457 233.40488435765343 451.9454899757475 319.2519327388675 300.1045678386363 473.7213740829584 212.75497143651228 387.8799570086943 Oyster-Closed 0
194.9905899999867 0 194.99064861819352 37.90233419322211 54.96144728332729 37.90232233699897 54.96147828535686 0.0000019166306062912542 Oyster-SemiOpen 0
27.42855620526825 0 74.86976595321175 1.9153881296932587 64.01501343608106 105.10764687260854 16.573805816686217 100.1173696705652 Oyster-SemiOpen 0
90.08072688604807 151.65712419550255 112.57744268425813 81.22622895727736 284.87161671628564 136.25735996415207 262.3768265544277 206.68659640764005 Oyster-Closed 0
221.93590485406094 302.58983958056126 240.0008826440644 342.3364803403039 147.34932783934346 384.4363979773662 129.2857956551452 344.6909864784878 Oyster-Closed 0
41.974313397066 130.6144783994388 26.19323014595284 48.3829088044326 150.48537686133932 24.529825280423015 166.2669966601352 106.76080228820399 Oyster-Closed 0
106.35170999996626 399.1002470000143 108.60170852091687 378.8234566721919 166.35903347678686 385.2301650622305 164.10947870765085 405.50655422264316 Oyster-Closed 0
