265.69914031559165 374.80612666545323 183.67750167353734 315.6445539032206 305.0392282365974 147.4157001228119 387.0553177091206 206.57439298617416 Oyster-SemiOpen 0
189.2288856086234 341.92318506497685 0 186.46677939950592 110.4977404495221 49.19056739398495 301.15933455972845 204.64149107384435 Oyster-SemiOpen 0
366.6066434375498 0 366.6071528945831 109.16587392816507 170.38053017774655 109.16538879300032 170.3810083495082 0.00018246814197603824 Oyster-Closed 0
416.00126878256197 163.795192 338.97521496067566 163.79519200000004 338.97636269977374 0 416 0 Oyster-SemiOpen 0
416.0016672609454 262.904777 334.26098718439243 262.90477699999997 334.26292274656225 142.36968400000006 416 142.36968400000006 Oyster-Closed 0
333.9534741776697 82.80485803655448 366.79504027250005 149.07764086301282 269.2626619833427 197.40715911926955 236.4221153965409 131.13523879898335 Oyster-Closed 0
368.77091633908276 219.53200894641117 459.1952751239405 300.9751527011546 316.9607446895243 458.8578728078548 226.54102486362171 377.41972155557437 Oyster-Closed 0
185.10082700001294 0 185.10086364489325 32.44079741168531 55.37147660089977 32.440781111535024 55.37150180509707 0.0000010448366405146423 Oyster-SemiOpen 0
27.175113577541197 0 74.78229139890391 1.2936091852815381 67.69917870589052 102.75211283913703 20.092001504075597 99.42854592081233 Oyster-SemiOpen 0
95.6264293617387 147.24750240342286 114.65864663899265 75.23654370109985 289.0865849871152 121.33530566925843 270.05618144680193 193.34468255373642 Oyster-Closed 0
232.74346610680368 291.49745505220875 252.6626360111477 330.13908425013426 161.30516883568635 377.22154929016705 141.38737063526423 338.58109404808096 Oyster-Closed 0
47.754188420552964 128.36320363769593 27.760235134923278 47.13431389023968 150.56875688284708 16.90571640164593 170.56315616546635 98.13406783807964 Oyster-Closed 0
120.41666599996461 394.2504149999816 121.61082631703175 373.7980598290167 179.80057138611664 377.19414847191916 178.60683718479777 397.6461052082557 Oyster-Closed 0
