373.3396546467011 172.3258820097948 344.2849237463779 241.0453673432381 212.2652749560657 185.228351631903 241.32051083191618 116.51039249372373 Oyster-SemiOpen 0
387.88000921732237 307.09868594168466 430.0950245150125 374.9571924163224 288.1924413544657 463.20661567711727 245.9816971416367 395.35183633921605 Oyster-SemiOpen 0
271.4981341803468 17.398330419660674 268.9240641904544 57.56745028585029 163.76352078736454 50.8284518651991 166.337710305761 10.659456029782508 Oyster-Closed 0
258.22124995596823 193.29031811896078 409.35286901089785 227.57609824152144 368.0359545513493 409.67407955232557 216.90489949810944 375.38997965473436 Oyster-Closed 0
203.78625179503433 398.7576475815242 71.34172165165364 336.7837210439784 152.01751548503307 164.4129201282633 284.4508120571554 226.383703858587 Oyster-Closed 0
227.521370938397 151.84476866734414 171.53417633353092 284.9008805177363 44.182801818336884 231.31497228003838 100.17118650929115 98.26172900570586 Oyster-Closed 0
408.0364708554589 90.23895507393586 378.1675623468436 139.4694141784179 259.22470660887484 67.30503365180024 289.09354008263836 18.075091587379646 Oyster-Closed 0
401.67293294750925 75.60992432575617 368.62127564880575 75.41748006325565 368.8834486345586 30.401374409169957 401.9349755675903 30.59381830854337 Oyster-SemiOpen 0
98.22582300001523 416.000000000021 98.22966197654023 369.9053735959115 257.48319045921744 369.91586670743703 257.4818877851685 416.00793121226314 Oyster-Closed 0
400.81117074105714 223.82533949186097 290.34972524094337 223.1821938668106 291.0442287862643 104.23831623873349 401.5024178658168 104.88145342407971 Oyster-Closed 0
218.65597226125828 62.22040090462397 289.3239898189313 56.63252255575607 296.30377804876844 144.9022849950423 225.63576652591655 150.49011857549726 Oyster-Closed 0
96.33389797757263 431.1616222526695 0 413.89079265224166 14.790855229552108 234.84136994416548 124.51432967700384 252.1112327207348 Oyster-Closed 0
21.95855355929234 301.15578633153734 0 261.35607923934543 43.73087794008825 194.05514795050595 85.73420583282132 233.85405794931273 Oyster-Closed 0
10.009820460494666 116.72470089386331 71.60569516998657 85.00009521691491 103.72892902427702 147.3685200054191 42.133233348962676 179.09286716662294 Oyster-Closed 0
203.80860029291944 126.80710047310185 126.18819091794285 117.57115694405574 134.18064183525712 50.40649153266115 211.8002810000071 59.6423899999985 Oyster-Closed 0
0 183.821015 21.874178 183.821015 21.874178 226.17973699999996 0 226.17973699999996 Oyster-SemiOpen 0
7.984390999998141 105.57267600000793 9.30175868203878 68.5255437868926 116.25809583823502 72.32844704280916 114.94104909424641 109.3752792101851 Oyster-Closed 0
161.0293959831397 13.094485645517121 161.47669842863615 89.99830916728679 13.184608703293634 90.86011903611849 12.737821156872087 13.956888264985846 Oyster-Closed 0
