299.0818632589362 137.18623165284293 264.1377929838891 95.2920324571635 342.91836698788757 29.581942856928016 377.86223282455467 71.47581059277006 Oyster-Closed 0
413.0380379283124 163.68398803736466 344.7569789509471 162.09476343283384 346.9532467150493 67.75899656635914 415.232925575885 69.34820458315262 Oyster-Closed 0
414.9481308655704 81.59126369648543 375.5289935616893 80.67377785095624 376.43659535674306 41.68314610447681 415.85555923945503 42.60062987945031 Oyster-Closed 0
374.44994556079837 251.98324676061185 293.65013874912984 285.27186532348804 247.43156459735837 173.09324846362068 328.22809704631436 139.80539520682717 Oyster-Closed 0
179.47296002550138 95.8526326762513 215.41306087089106 60.18560175684999 305.2293086752652 150.68766885629054 269.2897028487969 186.3542130188732 Oyster-Closed 0
238.12094844306557 398.5619728675307 181.74382804509514 352.8123201069363 273.00832650939265 240.37065242311004 329.3825580060038 286.1184578919341 Oyster-Closed 0
163.75585382211284 160.20570595873116 218.66177066110322 118.82672387432628 297.4061385806017 223.30757232006727 242.50103480439793 264.6856353134806 Oyster-Closed 0
95.90302578001501 67.97083808606554 186.77658187170164 54.31436262980654 200.47172614809824 145.4439256893501 109.598187713902 159.100285187798 Oyster-Closed 0
10.615365305195155 0.9287246430474095 85.36515541886183 6.612065551510255 81.87583358279153 52.50514691048151 7.126042999971105 46.82181199999872 Oyster-Closed 0
148.3301575933292 12.977107855318645 143.19938600850946 71.6234602772713 70.04165986639418 65.22298531765131 75.17257052233617 6.576774643792438 Oyster-Closed 0
100.70621865282737 102.32112362449828 35.334770676741755 127.18604833490086 0.32436803067321307 35.14151690421911 65.69511385697842 10.276740506755221 Oyster-Closed 0
172.0461812515241 177.83313527160817 117.67991786439234 222.6715724523874 45.39485974487616 135.02948442972746 99.76011431874576 90.19171697478195 Oyster-Closed 0
110.47343372659816 201.5708922872293 180.85368534141162 172.3729605662662 219.12902931400095 264.6266578563985 148.74912243321887 293.823998017266 Oyster-Closed 0
215.87378209082817 318.8848407777458 163.23138132319946 326.54228928541835 151.13553916658202 243.39362699160128 203.77573305792248 235.73634417474813 Oyster-Closed 0
117.18107607820639 359.83122940203924 55.411614072916564 319.9516315132501 113.45129684292624 230.07130746914015 175.21815685243928 269.94977163301155 Oyster-Closed 0
36.91727507884934 353.3778541666085 0 334.29546960313314 26.724466467210732 210.36932054839488 80.71797219745349 229.45110390741465 Oyster-Closed 0
0 168.226529 37.741211 168.226529 37.741211 251.99775800000003 0 251.99775800000003 Oyster-Closed 0
108.61019092726201 383.71817509789537 39.53158068753328 400.62635217577235 10.746036129625281 283.0364452395366 79.81987352616852 266.1288838517386 Oyster-Closed 0
2.5980263495075633 106.37604700055974 41.683215142777044 109.34766575541926 36.16943271490891 181.86709362504047 0 178.89550235212005 Oyster-Closed 0
0 308.31448400000545 0 299.97434963326464 10.627815534851834 227.37123194850895 30.489595731796726 235.71122531855093 Oyster-Closed 0
103.40425962082372 350.227355529906 125.98569159802719 361.3925470951242 106.28926274503829 401.21834698966865 83.70793544521075 390.0533188370199 Oyster-Closed 0
94.42125852168465 363.76188336385786 147.79742149144658 327.8642592740002 191.26921489757297 392.48748235528103 137.89378982242488 428.38418281817746 Oyster-Closed 0
234.81981050592367 399.22817580788154 197.53865247187423 431.82466464454615 120.62040747919673 343.87154775892634 157.89991791599095 311.2762786023987 Oyster-Closed 0
318.5431402560498 419.2075321289554 257.98983663884064 413.1435937507106 267.0997649077581 322.2156899748081 327.64949775172136 328.2794486180694 Oyster-Closed 0
270.9584006598816 414.9747969329326 218.9572707041698 425.8369407005138 210.15619597843397 383.7109438185211 262.15581202220346 372.84896269237714 Oyster-Closed 0
276.65154564673503 302.56403872321454 329.73138094942624 257.9333410565116 419.2278026125641 364.3539578337086 366.1496368605913 408.9828379016884 Oyster-Closed 0
