292.76674300142986 128.24109810345396 259.62862483321805 87.76838987210266 342.512069235745 19.906159962630067 375.6500135052629 60.3785697566317 Oyster-Closed 0
405.4533770083144 153.43840242898807 337.4035564984006 147.88364187665894 345.0403206208357 54.33628258107813 413.0888988663937 59.89099012243995 Oyster-Closed 0
412.2400834234795 70.2909046928348 372.95441399090123 67.08405664986316 375.93802633522137 30.53411841452727 415.2235630416035 33.74096086801357 Oyster-Closed 0
362.26156746039123 242.48797613156435 277.30797749483827 273.10845955221373 237.30658127585048 162.13234915491176 322.25687704129086 131.5125224615296 Oyster-Closed 0
174.86611693832674 90.61228744149976 212.9248917267396 53.7743848222661 297.924792500904 141.58981453709762 259.8664736689716 178.42726408268993 Oyster-Closed 0
215.4146357365462 392.1711582243037 162.42913226101518 346.9104985094769 260.64274766582093 231.95669376695338 313.6256174365044 277.2154926634592 Oyster-Closed 0
154.9018336068475 154.81636322002538 213.32318630098234 113.01753825643024 286.47822378284764 215.26005092298905 228.05761153132335 257.05801497393696 Oyster-Closed 0
187.1130869858098 57.82953770516894 192.1782363732891 144.80065854260786 97.9689607675682 150.28646812329646 92.90458892713286 63.31608450024871 Oyster-Closed 0
85.30047374070637 4.9681399431863635 82.61159962480815 51.13526816489123 4.435660999999527 46.58202500000111 7.12461133834222 0.41496538836212876 Oyster-Closed 0
146.85487798455142 8.553247010920803 143.4154104215704 67.60844522407083 69.89974085737049 63.32662600201418 73.3393426596158 4.271556349874525 Oyster-Closed 0
95.68297105241072 100.60051722048694 27.128568410884327 123.08154958362383 0 32.07678763164748 65.83914779808765 9.595883850196724 Oyster-Closed 0
163.11398244024167 173.38398104119452 105.30122448284237 219.0719960948569 37.2821511877446 133.00469399974816 95.09385313028542 87.31732468638079 Oyster-Closed 0
206.37171473064518 261.34335616438284 132.37384692105115 288.71397380811294 98.19930497567111 196.32676079363347 172.19465074293475 168.95664499038 Oyster-Closed 0
198.70034197174027 315.7274725112074 144.95146659879902 320.4795124635091 137.49792096662713 236.1764144750863 191.24454693548614 231.42447614371113 Oyster-Closed 0
96.20521056700818 357.05629557152076 38.06293115203516 316.6752067548639 101.11538197851041 225.90654443167682 159.25526807473943 266.2864613943571 Oyster-Closed 0
16.171820641324302 352.923511507186 0 332.7160281164242 17.97251372000028 207.8282970842231 67.31835090441746 228.03521184099318 Oyster-Closed 0
0 169.487574 25.619866 169.487574 25.619866 241.143017 0 241.143017 Oyster-Closed 0
53.26931301575678 262.5189950212727 114.27066090403605 298.5899996249052 52.37719325632861 403.23980535616477 0 367.1700815971065 Oyster-Closed 0
0 106.458843 30.391425 106.458843 30.391425 180.231382 0 180.231382 Oyster-Closed 0
83.60848382819677 346.83812868154666 104.99106634794589 358.54830623032046 83.16616545318539 398.3904000012067 61.78370341311165 386.6803961816084 Oyster-Closed 0
128.4351473724564 323.9313390927283 171.7777902311209 387.5235122652148 115.35768646097858 425.9668914893318 72.01667334065496 362.376167473827 Oyster-Closed 0
214.1619245925467 393.7587655294715 174.552246255942 427.1360554075557 101.09181478547544 339.97788079857065 140.69969609708642 306.601827296968 Oyster-Closed 0
294.15098067966755 419.7317616144416 234.46170968876322 410.2699126618735 250.10846246059737 311.6020873150757 309.7939706925026 321.0636323776444 Oyster-Closed 0
240.17280630081223 365.25609816938663 260.3592768399394 401.58381037688054 205.91184161672572 431.8294373634201 185.72628345394332 395.5025104403391 Oyster-Closed 0
260.14384727873767 293.91634953550886 316.5740327787353 248.36260031805742 400.372251427365 352.15168907124865 343.94361506779023 397.70371428601374 Oyster-Closed 0
