285.06202957975256 96.46955076955378 247.42094690947852 62.327173155965426 321.19445955900665 0 358.8353632791441 15.136468993670091 Oyster-Closed 0
330.21647550086345 10.796812723158768 405.27767579582724 11.235235022580813 404.7344918078452 104.23205085078047 329.6732912595289 103.79363072216229 Oyster-Closed 0
405.34329900000375 0 405.34330237535687 19.44015549172855 361.88906885620236 19.440151448136703 361.8890729999839 0 Oyster-Closed 0
369.1987984487969 196.3509580249299 287.75211656142346 239.6456271009237 233.74005813566328 138.0401575304292 315.1844409705227 94.74623948728868 Oyster-Closed 0
163.70364659868937 80.8866423429278 195.8744888758265 37.36498073485273 291.4824904152156 108.03680796918754 259.3121263376961 151.5580436713369 Oyster-Closed 0
241.31101027302793 369.50112260153463 184.0088012429187 332.9817478123245 266.80583354593546 203.0887546275081 324.104730840696 239.60672909448976 Oyster-Closed 0
151.8098183785005 147.0976004973998 204.1864826466226 95.4516587745755 289.8607772017058 182.33500230725656 237.48504329057687 233.98002016501908 Oyster-Closed 0
169.20949228035533 46.834050028555204 189.12689567479902 130.08944006193576 97.2242355416638 152.07440577213018 77.30761676694601 68.819687877526 Oyster-Closed 0
63.90483155854963 6.121272924183784 67.4482861601864 56.99546764921089 0 61.69321499999703 0 10.819106297664762 Oyster-Closed 0
124.78492371788525 1.8809313698411898 129.30770255946481 66.81489334893196 55.49990601317768 71.95555580150959 50.97729951626752 7.021751303914067 Oyster-Closed 0
86.18911847090567 105.03187501155465 20.142858147366496 137.59839403117343 0 53.906973563990746 44.92116165327025 21.340672978145236 Oyster-Closed 0
161.60106611591254 163.10233938374876 110.62946331925923 218.69196338229304 32.601461885675235 147.14828888675567 83.57246111404675 91.55943877096432 Oyster-Closed 0
168.79766497384844 157.73715712153594 218.22874396084808 238.2266063445324 147.90966484368982 281.40665516075046 98.48000515422609 200.91843901828233 Oyster-Closed 0
216.1298288607104 298.345871280575 162.83343257769593 310.27974434437283 144.4679658359928 228.2670303622413 197.76231019961415 216.3333997518783 Oyster-Closed 0
118.74106920816484 356.17189070454754 57.04510315964217 324.71068620209525 107.69353738537393 225.4076924658459 169.38653603441344 256.8679785219897 Oyster-Closed 0
38.78258790530526 367.0670530675851 0 352.922737951424 20.566238264724234 220.77804499909948 73.857634511176 234.92187585478916 Oyster-Closed 0
0 189.043716 30.546222 189.043716 30.546222 269.898472 0 269.898472 Oyster-Closed 0
64.62530245824746 270.1590101560952 128.6385268961203 297.30408295950053 81.22248797748398 409.09743330804844 17.20981414625203 381.95334539729237 Oyster-Closed 0
0 126.8111 26.876853 126.8111 26.876853 196.690251 0 196.690251 Oyster-Closed 0
0 311.445140000006 0 305.59141669767655 10.351427308374696 244.1624445302205 24.83314833075201 250.01607964949216 Oyster-Closed 0
105.43064724919896 347.41218418445357 127.77049869691109 356.0541085068865 111.3514696481252 398.4878697573079 89.01168538772254 389.8460741784658 Oyster-Closed 0
147.06566586059853 317.02777795012406 198.32056692847982 371.95890682722893 147.2631771091219 419.5867977525653 96.00956194597529 364.65691348107885 Oyster-Closed 0
240.70528490586366 369.78595284892987 206.20357973571663 410.0102974122214 122.15531747820933 337.9336579171011 156.65611621063726 297.71068935915633 Oyster-Closed 0
237.74838927954625 396.2321696869945 238.62648529484431 408.8329692810022 163.57896186189828 414.05996720032226 162.70122457039906 401.4595041302578 Oyster-Closed 0
323.4257827036199 393.7346146191549 263.03064880017337 391.9467983362987 266.29800994515244 281.67156451813196 326.68919303764415 283.45932234831304 Oyster-Closed 0
260.32593532081955 334.7332290730786 289.09176306251175 362.64034208073025 243.44906079435532 409.67534349019047 214.68381610648794 381.76882517954886 Oyster-Closed 0
418.70969026722014 284.8662197178752 379.9913840847039 350.5277231198034 271.7888935616684 286.7311398876562 310.5071822798418 221.07162772931704 Oyster-Closed 0
