417.4889133274264 242.8271573198769 292.7949815599786 257.35765013633363 277.40493250517466 125.27656050011534 402.0934070000003 110.7463950000026 Oyster-Closed 0
406.83733671527443 295.54283926577216 334.46438032127116 293.4372599169072 335.8846337183968 244.66561460505903 408.25591828401593 246.7711696627289 Oyster-Closed 0
171.69532846986476 409.1352293493056 158.09244961403238 323.87629076171106 331.5235788851787 296.21037512527005 345.13012636724307 381.46445456328706 Oyster-Closed 0
43.94608464432167 413.3893770766231 41.424006813518645 359.19226271590605 152.6573062013449 354.0163359366047 155.18131943214757 408.21140109106386 Oyster-Closed 0
309.1619580000188 385.4967280000198 299.68587498065244 336.51584623314676 406.0042229626488 315.94984101660805 415.481550041688 364.9291509906258 Oyster-SemiOpen 0
270.1375894164303 0 270.13778530689524 78.90855661687934 106.77390815530453 78.90829297650535 106.77416462666588 0.00015978029537523606 Oyster-Closed 0
167.92954054595612 39.55374180616699 168.96089616643076 92.89348544659502 4.462380068594939 96.0729997580774 3.43154925201452 42.73370837442731 Oyster-Closed 0
432.320499786194 62.04738318390525 385.41773262623246 136.52399045265963 236.8073096348271 42.934064963821875 283.7100758218621 0 Oyster-Closed 0
203.85147432554731 155.59831760583978 0.4793112537554407 191.23943786143596 0 84.95941850669703 185.22366354184487 49.31865537709916 Oyster-Closed 0
274.5925512495778 90.5403112814777 312.52680313673045 168.4041529253247 115.7612355935562 264.2561717224721 77.83004898951913 186.3949380015575 Oyster-Closed 0
