290.52156215305513 194.4880641898162 418.0496501888156 254.37152983378505 334.50196325127763 432.2639534808813 206.97582264552693 372.3836830735799 Oyster-Closed 0
286.46996124436555 328.1847013359546 174.05242130515762 315.14384510837795 200.689335640036 85.58091208319773 313.09762462220897 98.62123165860164 Oyster-Closed 0
385.33247527744606 13.455840311245469 383.8003644156415 57.3334285351563 256.4258839713839 52.885491092891726 257.9581489999946 9.008096999979136 Oyster-Closed 0
368.31255421965034 15.68476146964449 394.9939692690932 11.807496359749448 408.3960544913498 104.03354249264804 381.71464304635083 107.91078827527267 Oyster-Closed 0
228.671059414286 47.859008885511074 347.35328514180947 0 430.74584197208605 151.96022910206486 312.06406743199113 212.18673381956827 Oyster-Closed 0
39.09658598790338 354.15938978652997 15.770405236020451 355.33067099909385 5.468403595350537 150.17147115689394 28.792630896259652 149.0002362503294 Oyster-SemiOpen 0
23.63545711425104 121.81544217742382 109.56501553199632 121.41498036583327 110.81452535371136 389.5047691957405 24.884967643338314 389.9052068304325 Oyster-SemiOpen 0
136.4795268633934 54.39568518425595 166.2441376559109 0 210.71089196699177 9.247071151000494 180.94638849055627 74.63641695023831 Oyster-Closed 0
122.16435232032745 53.77320539046841 176.99329262425454 58.65397577399161 166.00313921635097 182.11121434722148 111.17420678455892 177.23050556514002 Oyster-Closed 0
181.22597247677186 248.71996856395998 61.15742813351244 222.40636346271398 113.72892652990777 0 233.7903988004473 8.86611473995489 Oyster-Closed 0
156.7847293456034 415.9690821968282 34.90500198701557 425.85570545230496 23.996045059149765 291.3234629621104 145.86555486725774 281.43725613685945 Oyster-Closed 0
213.81438000001071 95.33989200001079 221.6276794558653 32.479273371816404 264.36031366308816 37.79075332531466 256.5471882967104 100.65121211330495 Oyster-Closed 0
1.371959653828526 33.66982306450926 70.95863113026644 30.83443170478568 75.40594521781168 139.98009689031693 5.819274785477319 142.8154644029313 Oyster-Closed 0
114.61052271615699 296.78627958689367 75.40804485959961 267.5092177305076 120.76030584525506 206.78987670361855 159.9618635952611 236.06642756037522 Oyster-Closed 0
416.0031918704444 347.44920099999996 301.9482000868302 347.44920099999996 301.9535690607445 166.71621200000004 415.99991200799195 166.71621200000004 Oyster-SemiOpen 0
155.99264608723388 9.77980726105478 162.3247503929706 99.60944388084941 49.38040734796232 107.57022368621121 43.048885000018345 17.741140999986516 Oyster-Closed 0
