416.0035502037863 286.754271 300.62072002661444 286.75427099999996 300.6230422654917 153.06397700000002 416 153.063977 Oyster-Closed 0
333.92497791282585 303.34471147754783 354.3214456652713 260.5885960780799 436.3949696618147 299.7349262091135 415.99971811932846 342.49000290691026 Oyster-Closed 0
155.78918101258023 398.86893085622444 160.66913761643082 311.5246102582544 332.51034129581967 321.1220273727308 327.6353870104067 408.4614801240484 Oyster-Closed 0
29.845373217089218 390.7332753160948 34.09807806464232 328.2799547204847 145.18819952994818 335.84197624855665 140.93784516465894 398.2930890620361 Oyster-Closed 0
300.72509200000786 399.61325299999936 298.4654326409327 360.78231480268255 415.59167601094305 353.96571643218834 417.8527527745282 392.7952115344821 Oyster-SemiOpen 0
307.0677200826649 0 307.0679205501692 84.1715735019331 162.79470586546813 84.17131887179076 162.7949660000122 8.998186763195471e-12 Oyster-Closed 0
210.37984259366203 31.220009694585237 199.91737247714627 83.76631755906229 37.34486004398423 51.3959501123433 47.80758067786519 0 Oyster-Closed 0
458.6131864686067 109.94983504711406 395.40542106248176 169.63067830579823 269.98375424350525 36.79792476911697 333.19079895489267 0 Oyster-Closed 0
19.465397721320187 46.447504240831556 223.7304726800503 41.76732433813915 226.20332245283498 149.69317862085305 21.938238441329304 154.37331630235042 Oyster-Closed 0
305.8727035400989 104.15011570946776 328.0110490833613 190.47786908736606 122.1395746888229 243.2650017533324 100.00444451521616 156.93996987554564 Oyster-Closed 0
