0 172.243387 122.62930800000001 172.243387 122.62930800000001 412.741924 0 412.741924 Oyster-Closed 0
102.27375531293 415.9997966512219 102.27448527165689 388.493170962177 164.70682853772087 388.49447184579583 164.70670670118852 416.0004881507436 Oyster-SemiOpen 0
327.70663016688195 443.58425815271494 226.07266605053155 404.5266412190823 332.92376199383216 126.55043764326632 434.54519179507406 165.6054826610712 Oyster-Closed 0
61.21875736630682 197.5377416371783 168.1895674005209 145.54117521754176 258.18308590384913 330.6637402585234 151.213808762157 382.65779272934765 Oyster-Closed 0
254.42687463731636 0 349.61685893530375 97.49791303066856 216.82732062615105 225.47181570370574 121.6391242545069 126.70528678336376 Oyster-Closed 0
25.547359444237372 0 153.8508159416815 16.71113315004976 122.13586414989913 185.58118298181608 0 161.48543937802052 Oyster-Closed 0
124.14648074200159 107.51377222436349 140.42804669527686 191.76942118240567 8.646264911109029 217.23173655698423 0 132.9777359713742 Oyster-Closed 0
223.62933919424177 9.112009476058551 219.76638973199078 103.92188902467426 120.11298455704309 99.86118125185376 123.9763370782639 5.051658968849542 Oyster-Closed 0
309.9081968695682 19.94959810100422 381.9340583861631 35.631481069872734 351.8232321350988 173.92667596426523 279.7974443629937 158.24497112629982 Oyster-Closed 0
422.96209821768207 42.32832420507175 406.7796906422154 140.5068500625834 346.58969417471235 130.58582823189062 362.7724766176907 32.40786011762664 Oyster-Closed 0
163.65836000000127 415.9999999999786 163.65958059096738 372.5308138752947 217.15464749335297 372.5323273883616 217.15423599363567 416.00069715612 Oyster-Closed 0
