13.902785894621047 183.47191910659237 166.27097523501288 171.92799302113983 183.95474882475537 405.307415722699 31.58665472337816 416.8506423208198 Oyster-Closed 0
173.71646612191034 406.21529966926806 173.8913859435088 376.2837693756403 235.8022770278949 376.6451010701986 235.6280002558051 406.57599394179243 Oyster-SemiOpen 0
321.56544728282825 99.67110466998628 423.7351205605155 103.41265871862696 412.98497211914946 396.93727531771106 310.81530982311233 393.1959673916021 Oyster-Closed 0
89.7287727722105 202.1239847391489 182.4703689122034 132.0235864827472 308.94261101529264 299.3293820767068 216.20373329304493 369.4265286565446 Oyster-Closed 0
236.91977075215982 0 351.8070282243316 56.408076075375796 247.7751829495428 203.22228776421767 132.8888400733049 121.81648776882487 Oyster-Closed 0
10.781473007140448 6.6309725115846945 141.86952461803594 3.5752696571108413 145.83475689672196 173.68040478710418 14.74670684685043 176.73607207583078 Oyster-Closed 0
131.93107770489587 101.99199457567674 161.93714786846976 183.6903810790084 32.56110771896783 231.20310977339068 2.557004447622603 149.50640040346354 Oyster-Closed 0
204.33412499992482 0 204.33430502561532 90.80286548022225 113.40906980821819 90.80272929022267 113.40919786122686 4.66695799265205e-7 Oyster-Closed 0
296.10361420931076 0 369.55635200000324 4.134721085902572e-14 368.81229712007917 130.51187294144404 295.3595592620404 130.09312003224383 Oyster-Closed 0
416.00025541860305 90.095593 355.0583290687282 90.09559299999995 355.05865659626215 0 416 0 Oyster-Closed 0
234.4378059999799 406.54907200001736 232.0340185813111 354.9184876151042 296.5711936300031 351.9146221587561 298.9760385797199 403.54407211235235 Oyster-Closed 0
