298.1619807909301 208.37903443875757 418.85758447927947 286.6117464430001 314.28634324109225 447.90877217371184 193.59407556429142 369.6803307750289 Oyster-Closed 0
278.76364739364 337.10531068515894 166.87165177726638 309.95522422333363 220.38703240022733 89.44506361339569 332.27001947778626 116.59402127920289 Oyster-Closed 0
417.32661079578975 26.582313680426203 412.6810287433873 83.71679542335833 275.399480584103 72.55400938024661 280.0453660000203 15.419968000011014 Oyster-Closed 0
397.604366 38.816906 416 38.816906 416 125.245495 397.604366 125.245495 Oyster-Closed 0
416.0011312406823 209.09773700000002 274.56042852549217 209.09773700000005 274.5641608724509 40.46895700000005 415.99877554939303 40.46895700000003 Oyster-Closed 0
10.392569566167367 111.79678144555422 34.45625050800663 111.09392706434986 39.0473986228717 268.27315237078614 14.983718738189054 268.9759885232369 Oyster-SemiOpen 0
38.595898763273 98.58032522761457 125.1606224714742 108.48216391174735 95.18697083540974 370.49911504784905 8.622325645668752 360.59781464963044 Oyster-SemiOpen 0
159.89934107416775 48.37136621887389 197.54984485715613 0 239.82838597054433 14.888794268647548 202.17798229910113 74.89752843319471 Oyster-Closed 0
145.41066395274174 46.15840257392945 200.14210374140748 57.84632677266578 174.84231658193312 176.31628179819774 120.11091936490266 164.628493615664 Oyster-Closed 0
182.32643697722597 244.32940184129393 64.2856095303614 202.27949187566355 145.89526047775507 0 263.9297966261729 15.256502210637732 Oyster-Closed 0
137.61769084871776 416.8405703207545 18.229602765582968 412.5971784572912 23.459411517895205 265.70234499820094 142.83683277534874 269.94554530335006 Oyster-Closed 0
232.64191799998662 100.04497699998663 249.16082440001628 40.14430471934117 291.41338852794433 51.79631295865692 274.8946869174979 111.69680883313039 Oyster-Closed 0
68.99194686005285 127.41577567233907 0.31748452053943765 90.82802586277003 48.48328248563121 0.42343823257799695 117.15706227222836 37.01096074303684 Oyster-Closed 0
109.33454710527076 282.28158645335924 74.12559477489776 247.0272755862549 126.94307502073934 194.28381207539985 162.151452697457 229.53754819626238 Oyster-Closed 0
416.00426757197783 374.29548 305.93213878573806 374.2954800000001 305.9372532410962 197.90041300000007 415.99997961413465 197.90041300000007 Oyster-SemiOpen 0
184.21018519974314 8.579400640801202 180.21543381246374 94.3548180827786 67.3887943530026 89.09975445197489 71.38396099999227 3.324761000013244 Oyster-Closed 0
