416.00389574602013 335.55658100000005 305.62815556401983 335.55658100000005 305.6308005088831 204.485727 415.9999824064507 204.485727 Oyster-Closed 0
416.21902962846434 336.9723565187804 416 390.81385699998106 340.3959924625997 390.5048498373916 340.61630699998204 336.6646430000037 Oyster-Closed 0
158.72096571815928 415.99907280853233 158.72649854681003 339.7662551521334 332.7946593923225 339.77715209464174 332.79353361732865 416.0054250395266 Oyster-Closed 0
28.912589817042317 384.02222435675696 41.579191024469765 324.39024044569317 152.35545843283762 347.91450193101537 139.69134175847284 407.54432439889683 Oyster-Closed 0
416.0002111329486 416 329.0042869999925 416 329.0048061087764 401.022636 415.999790294376 401.022636 Oyster-SemiOpen 0
325.0933697291257 29.814934383983257 309.7348670808169 121.47430363166919 150.02233120204255 94.71187181562331 165.3814555262652 3.053324947614091 Oyster-Closed 0
220.3592036288428 55.79026369159156 203.69393731266973 104.4250850816076 39.27573620709882 48.08467685338903 55.94122623999283 0 Oyster-Closed 0
459.9448727092895 166.00672117201447 397.3737809962695 216.39714156429642 277.83633725645996 67.96742052729087 340.40607356264445 17.57788192216906 Oyster-Closed 0
235.2268522960876 64.02141739761456 231.02855874230954 170.61775293247004 22.973133311843412 162.42058789507567 27.173466228578036 55.82647222349305 Oyster-Closed 0
314.99186302820453 140.45731997038192 324.7688662192413 230.43792354312586 121.66187717990033 252.49992662304 111.8883176975396 162.52240511140621 Oyster-Closed 0
