278.78008908226184 159.33792446132844 397.63156624217663 216.52568336426103 306.43051454254237 406.03908050432074 187.58086816053765 348.85426294350833 Oyster-Closed 0
197.67891520226476 60.96496444099023 305.8028233481855 82.39723928139048 260.0793793871817 313.05578125821836 151.95566552558375 291.6243236748916 Oyster-Closed 0
361.081970999996 0 361.0819771575443 20.8342289204603 279.1389696217884 20.834217646895954 279.1389780000136 0 Oyster-Closed 0
363.5511950000073 0 390.9129267815006 0 397.60291697901266 59.907841746052135 370.2411857700572 62.82163374929223 Oyster-Closed 0
218.26894357303536 23.43376813360447 345.6586556766779 0 420.88557067162765 110.69576952612417 293.49608477018046 174.24047495585432 Oyster-Closed 0
0 166.502306 16.19837 166.502306 16.19837 359.728942 0 359.728942 Oyster-SemiOpen 0
11.590880962776282 119.37763245754067 97.18850023677442 122.46634444745303 87.44350773633414 392.50402490417497 1.845894449390471 389.41550101214256 Oyster-SemiOpen 0
131.27268149629163 46.2289954741088 151.78413106067092 0 197.40044799998577 1.2486857679425767e-11 176.88908024046032 61.454192953808125 Oyster-Closed 0
124.33565291854757 181.6968568037787 75.9697279076172 162.12107002874163 125.47100984477584 39.822941440541186 173.83595396569945 59.398516498569506 Oyster-Closed 0
162.2110567214404 241.21939539024106 47.516631975981 212.2379593070797 108.34459934613187 0 223.03212804616123 0.517005423461175 Oyster-Closed 0
10.384559862348397 414.5490055337149 2.9008561883310904 285.9425337936449 126.47586030976527 278.7524398930084 133.96413951731301 407.3542038241534 Oyster-Closed 0
202.9665530000093 75.99343799998391 202.74161831196034 12.00709178362478 245.34445358483208 11.857337083337223 245.56949224491837 75.84358462418002 Oyster-Closed 0
0 35.163662 62.453763 35.163662 62.453763 143.885259 0 143.885259 Oyster-Closed 0
108.09128927850543 197.8073391913456 143.9519913800541 224.84425426019544 93.81443071221656 291.3373127454755 57.954153029848385 264.3008875097987 Oyster-Closed 0
385.39019184232166 306.4911831169643 268.0245975472899 288.83806214048303 295.3249240229925 107.38190719797052 412.6833401323747 125.03450174999915 Oyster-SemiOpen 0
147.34655381004268 0 164.43769605160196 84.25180911306326 52.11245761201644 106.47099153503609 35.021832000009454 20.072760000002404 Oyster-Closed 0
