2.0731950292283727 212.49470462299354 161.16686662535722 196.79148621969549 182.7385244291072 415.3097246792168 23.645020383009978 431.0119982863708 Oyster-Closed 0
177.2212939999954 416.00000000001893 177.2219277200602 396.32225111065407 236.25101951196848 396.32372973243014 236.25080098838225 416.0010637125978 Oyster-SemiOpen 0
403.92846119563546 411.13626610871563 294.63076397653276 403.1580971144126 316.17296829896804 108.20307265666186 425.45590016653296 116.18069883058888 Oyster-Closed 0
77.63219805126573 227.61846444554422 164.4838782551451 153.34041792207873 302.64059676378747 314.86679294583337 215.7923083608839 389.1410732554049 Oyster-Closed 0
206.08011322435414 0 327.602169718044 68.38801598353129 235.33584569296363 220.29960031740447 113.81470579847519 146.4940965785846 Oyster-Closed 0
0.3840252378213336 33.002856518103094 120.50828954806639 31.605129330630742 122.51678193506086 204.21748574320662 2.392518186097732 205.6151903585347 Oyster-Closed 0
112.37275144828891 125.46349087631371 147.0704955611982 206.32316398609257 22.794524311342684 259.6456258708525 0 178.7878261918349 Oyster-Closed 0
152.65851276957983 115.63506743289379 67.90119119882002 93.13774908350628 95.89601989311268 0 180.65255749585413 10.168703238592096 Oyster-Closed 0
340.6951261674585 15.867842387700037 334.6945150136344 144.71104184322056 260.9707266095793 141.27705983637583 266.9719249999798 12.43441699999942 Oyster-Closed 0
407.0126696040934 18.95662947491313 402.9851360112516 105.43463372124295 331.87059674645934 102.12236513517472 335.89846023119026 15.644747291364755 Oyster-Closed 0
235.28661805434604 415.9999804454163 235.28787589257263 373.24646439010525 296.9062854547701 373.24832989720005 296.9059439931807 416.0009119997756 Oyster-Closed 0
