415.2922064250124 26.612679729655163 408.81734302709447 127.6577774160196 315.59453611069694 121.68367363779826 322.07000042887375 20.639297305598415 Oyster-Closed 0
220.64751971581063 230.9439485607715 180.44759140989845 139.09126235769475 317.3004213396671 79.19905157754049 357.5009142216986 171.0498377589549 Oyster-Closed 0
366.5168998828158 122.07193449967536 430.61582677686965 174.20787175064083 361.9595933269775 258.611561503127 297.8615075983507 206.47656636843178 Oyster-Closed 0
416.0003407874174 280.6940389999999 399.92676032938834 280.6940389999999 399.9271392449118 165.488193 415.99999988952186 165.488193 Oyster-Closed 0
416.00072330308103 377.60617699999995 388.0149897400479 377.60617699999995 388.01571470630734 286.31230600000004 416 286.31230600000004 Oyster-Closed 0
1.0872049172103289 37.36468833074853 82.21968762481265 35.0040072264076 84.95137959056956 128.88665053840842 3.8188966695779527 131.24731557729973 Oyster-Closed 0
0.8970340000196302 30.829063 11.816244469646335 30.511347385148063 12.323380167694268 47.94048158408858 1.4041697083775944 48.258197008485666 Oyster-Closed 0
67.8489998109435 11.405028224238453 67.44520209569237 45.94215610224125 0 45.15242262639429 0.3088759999918693 10.615371000008508 Oyster-Closed 0
5.0393220000150905 173.19026400000018 24.879360081380582 172.6130192832952 26.72515654659219 236.0490991124551 6.88511880418082 236.6263371857769 Oyster-Closed 0
9.947451000007277 259.4480960000007 81.9067546609258 253.60374988366362 90.6052733972756 360.68852429776865 18.645988218981074 366.5326962748546 Oyster-Closed 0
310.2072237565844 282.73634204451537 258.16038339157967 336.82178214991956 164.0341197355374 246.25316394171676 216.07933953959582 192.1694733294206 Oyster-SemiOpen 0
340.3927898487709 218.97498681656532 307.8820896894322 282.24715143996224 228.36974741486483 241.39468304309798 260.88059794493165 178.1236762701472 Oyster-Closed 0
411.40441343993734 330.8993727892573 312.35925891405714 345.76938885906486 295.90104620594866 236.14504845079685 394.94064400003117 221.27546499999863 Oyster-Closed 0
75.3327894870381 179.20033223845442 101.64826140534933 138.24119061743303 205.22560700447139 204.7835304534659 178.911091022248 245.74183027839658 Oyster-Closed 0
