397.99635296243287 2.315278664046713 397.44807557274544 96.58961472116614 306.390442656706 96.05968407219403 306.93910776696794 1.7857863818666535 Oyster-Closed 0
202.2208210493809 217.40728308835477 157.49464128553882 134.1586544171997 298.4373505937292 58.438092973266514 343.1636915199706 141.68511135521248 Oyster-Closed 0
352.37492792167177 92.24410614777022 412.8101135273646 139.7192021290683 340.69872657665474 231.5111639319614 280.264224694587 184.03685042083336 Oyster-Closed 0
382.13915510835795 130.71539622560522 404.16467762818866 130.9709463008544 402.75450291983725 252.5052140531767 380.72898046782575 252.24966919235476 Oyster-Closed 0
394.0192807770509 345.4340295581612 361.9075450015298 343.3765063421729 367.90811366061826 249.75308716499276 400.0183373186155 251.81056308718868 Oyster-Closed 0
0 45.75055 69.364582 45.75055 69.364582 137.753259 0 137.753259 Oyster-Closed 0
53.7253229545604 15.286448037575905 57.09282442261974 49.43137314408941 2.29116720406455 54.836037663056196 0 20.69117983043802 Oyster-Closed 0
0 275.852696 64.106541 275.852696 64.106541 369.21779 0 369.21779 Oyster-Closed 0
288.41152766001323 259.7955792426589 234.7374379581779 320.4896931025423 143.88886758409353 240.1564093238248 197.5616808729501 179.46401317238872 Oyster-SemiOpen 0
217.5414739389489 243.0023902279915 229.2387901518632 168.38238526503378 310.5692558999217 181.13058459260813 298.8732148771596 255.74946737820224 Oyster-Closed 0
311.67558257112614 174.4321228948959 394.4021701372767 193.2111434220598 362.84879136201926 332.197191578697 280.12238757885643 313.41877534404165 Oyster-Closed 0
58.86142551046942 183.3482559786436 83.76829889517467 137.64039600810142 185.40288557443273 193.0191885912184 160.49701825366355 238.72618456283504 Oyster-Closed 0
