416.0003393442021 99.10377200000002 334.21543325414314 99.10377200000002 334.21584489006636 0 415.9998982338366 1.033680271475643e-14 Oyster-Closed 0
218.41203264318028 206.09456163204092 180.8828646809634 118.0329465472468 326.1615575225187 56.12108741618631 363.6912629979197 144.18109933084068 Oyster-Closed 0
376.54377049700634 95.68137606892941 433.60921317978136 148.3950366564273 355.0758304736519 233.40682755223193 298.0112208032915 180.69404099709442 Oyster-Closed 0
416.0004267002041 263.43648200000007 396.230668967306 263.43648200000007 396.23111626359605 143.639975 416 143.639975 Oyster-Closed 0
413.5534053252195 368.741474278234 371.3004082473162 367.26891883527225 375.09662932752326 258.3953808835207 417.34724259579525 259.86789654286304 Oyster-Closed 0
10.111970551632112 13.885141753298477 98.63726580187358 16.97084112609327 95.39585714221903 109.96284211704256 6.87056331722124 106.87715817931088 Oyster-Closed 0
10.371725999524642 6.433474443924912 30.38248902862688 7.130988751884712 29.2871060403304 38.55605890113729 9.276342999972258 37.85854499999927 Oyster-Closed 0
32.310056 0 87.037796 0 87.037796 23.367262 32.310056 23.367262 Oyster-Closed 0
5.3707736487995135 149.90373349978972 25.77988051361899 150.61509063409363 23.523353293818218 215.35218695331915 3.114246702167293 214.64083725048175 Oyster-Closed 0
4.167229000009684 238.7403759999999 71.08877655750257 237.57244351167952 72.88605604807162 340.5406328699522 5.964508764693164 341.7085340237082 Oyster-Closed 0
300.9652351726654 257.36086511598705 242.52033763906365 312.17341766829463 158.57743375259452 222.6755477299385 217.02055626229048 167.86451214753572 Oyster-SemiOpen 0
230.68320169825165 232.95222644144127 249.8047420835901 159.81482556162695 329.7575477870305 180.71674103270303 310.63727499391825 253.85306302608467 Oyster-Closed 0
329.69734469419564 175.44164983788266 410.8868314729989 200.35200366027186 369.4148655351273 335.50500710185304 288.2257056577364 310.5954534322548 Oyster-Closed 0
78.51276770064578 157.41157732903665 107.5426912776602 114.6691040777407 203.97266519540426 180.15959031004206 174.9435614281465 222.90133356633407 Oyster-Closed 0
