420.77760192923597 306.64270246077893 412.1799150000188 350.0989609999964 353.61881399444246 338.51420826586667 362.21704655344 295.0586916369227 Oyster-Closed 0
186.48867699997936 407.91855400000935 192.17853133086464 333.6836774209898 327.46798601261617 344.0492397402761 321.78169790702304 418.28078860571213 Oyster-Closed 0
57.05221600002551 415.99999999998045 57.05443718034803 374.5068917805163 158.7169240000112 374.5113390000198 158.7161692057416 416.002976383999 Oyster-Closed 0
274.12646855097773 7.976839034555271 278.8952465427574 112.18009977631526 124.8227203847382 119.2299872734598 120.0548587216872 15.02764883012589 Oyster-Closed 0
177.68448200999774 77.45922409721439 168.4941655983348 125.59986092649761 25.320854907167814 98.26651560476776 34.51159196089793 50.12638325257543 Oyster-Closed 0
441.79328588024146 112.36387415017958 392.85754826765697 183.37101386025046 241.1696936019398 78.83308726260478 290.10542349770185 7.826739054521834 Oyster-Closed 0
2.5931775135359203 201.8348260424236 0 102.53523929406539 209.06591588392985 84.61749291488894 217.35259882838 183.9144683383214 Oyster-Closed 0
412.80496615524316 296.5384211539941 298.4259296945347 295.20763587036777 299.94187009197776 165.20375220920215 414.31470931554577 166.5345008358238 Oyster-Closed 0
48.622263984947494 310.18377602203054 0.4979506250965642 310.5441072293779 0 153.68887108689643 47.445827299347 153.32855154067687 Oyster-SemiOpen 0
331.6511200674431 419.4314423550363 328.42970659254934 373.5874995848583 411.97490099998686 367.71782500000575 415.1975451965882 413.5604389955817 Oyster-SemiOpen 0
