367.67429176183214 333.4015212096006 239.18651924563892 357.05308280305184 208.22095015009472 188.82683678316846 336.6990157401451 165.17618198494085 Oyster-SemiOpen 0
211.79508318591252 228.76345203132806 150.15709686398623 127.57977960728479 272.80047811822806 52.87178944772693 334.438382621207 154.0537835159532 Oyster-SemiOpen 0
270.3790052468503 0 319.6518421745459 18.66782127808622 185.04301940639925 135.54683204728576 135.7705764667371 78.80051313466778 Oyster-SemiOpen 0
405.7350540406878 26.596262800415126 375.43518617927475 31.385443546726098 370.4744319999809 0 400.77427514720694 0 Oyster-SemiOpen 0
322.76136744298856 138.36800340716644 409.76042331525605 126.38580961518713 437.73262461626655 329.4673504878796 350.7336981393928 341.44902690956934 Oyster-Closed 0
353.1084308188874 153.0180481500592 280.09939801377914 138.2664403679223 309.6665401355094 0 382.6741704716078 6.689628606794564 Oyster-Closed 0
416.000241481237 142.161004 357.9855160261104 142.161004 357.9859978645072 43.35011199999999 415.9997701192988 43.35011200000002 Oyster-Closed 0
30.174498734060762 109.77099430742896 50.602420877858094 56.20620540023772 138.4446547977277 89.705970506288 118.01725394768437 143.2703183897988 Oyster-SemiOpen 0
242.98436560897608 227.40754678220276 154.4514802103149 279.4990313039008 76.447056847559 146.93144590926218 164.9768195021752 94.84110665263987 Oyster-Closed 0
125.43363027352825 308.82623150252317 163.44654600331705 209.62071378974093 271.70886528581104 251.0993045109837 233.6992564300017 350.30204239790766 Oyster-Closed 0
143.93041523943612 335.7317105258396 149.78887462547573 379.1488109580331 90.70868878840702 387.1179608074342 84.85114361304659 343.7016889102991 Oyster-SemiOpen 0
182.96649037707175 323.38091533774895 194.42173312864543 363.92674132765796 152.83633761553574 375.6725350097882 141.38172379104435 335.12724672684226 Oyster-SemiOpen 0
166.98878093607345 284.54893146062807 233.49336555711852 353.84118740646545 119.48054092489838 463.23766884945064 52.97961115077487 393.9489525337527 Oyster-Closed 0
16.191692546432023 223.48313781264403 144.96169191178706 203.13283728909946 164.29198307024126 325.4350715792346 35.52215287259969 345.78476241259955 Oyster-Closed 0
11.57051200000933 165.46602499999872 45.80889271146589 163.07201047016449 49.319594303848135 213.27783176360927 15.081215512185736 215.67182582821488 Oyster-SemiOpen 0
153.00440896261716 0 161.99633746307882 63.588809156105704 37.01912472728509 80.44676725219985 28.027509403644217 13.786733901331935 Oyster-Closed 0
142.70946704050584 59.81254189511306 119.34863766502531 31.635739840489858 185.4730967853393 0 208.83387753894567 4.99010100051315 Oyster-SemiOpen 0
2.966449691386515 42.4221705791477 46.09542868785138 39.406339720128436 51.4675518455806 116.23170928607166 8.338575089466758 119.24752467195523 Oyster-SemiOpen 0
15.828805807668687 226.3457778553133 6.734385064653907 96.52408360973104 100.62548263224744 89.9473628694827 109.72149914280453 219.76726072588173 Oyster-Closed 0
4.767742286927387 152.90052450742826 13.144026346493774 120.93243734229748 74.20178294329526 136.9301209477909 65.82579475341117 168.89795694846188 Oyster-SemiOpen 0
181.7868268086313 30.22912210231439 207.080498579282 91.77916445674012 112.0803724520847 130.81800915294437 86.78720100013743 69.26837600000442 Oyster-Open 0
358.48336164391003 367.69821566031874 325.1380329692838 440.6267589657389 195.5290887374431 381.3747439303422 228.87542385203778 308.449364827247 Oyster-Closed 0
