333.05639888587757 375.15430877218114 203.07880124852454 385.9913349457724 188.7873828437805 214.54008578092905 318.75360632620504 203.70353130817165 Oyster-SemiOpen 0
187.304125060964 253.070013145032 137.69258862931383 144.43008194997813 266.7683401237482 85.48893025691851 316.38051282345987 194.1266996501114 Oyster-SemiOpen 0
273.92395678973844 0 316.7681395150539 57.198817283975906 170.47411401067075 157.18952287088777 127.6307117877841 94.50720885032888 Oyster-SemiOpen 0
352.51332599997477 26.71186300000906 389.7446459610692 10.219757183097975 412.3533563423698 61.25933640125457 375.1220583223476 77.75140314877214 Oyster-SemiOpen 0
307.624630646078 176.6628857550253 403.457466259948 173.01305373860345 411.29168656914044 378.6902590418274 315.4588598049195 382.3399043337593 Oyster-Closed 0
336.6490649377738 193.91479655544356 265.0227006453715 171.70303754214297 308.7209674298065 30.79702622371486 380.3453329141885 53.0084467994857 Oyster-Closed 0
407.7766625421209 188.44379475445916 344.5685080231415 192.11020452845938 338.9590341518997 95.39336067174683 402.16564351783745 91.72699616873899 Oyster-Closed 0
18.779570635637356 112.2946432129493 45.035040282280534 62.00918100124515 129.38128652687374 106.0480195859212 103.12635319655237 156.3330254493705 Oyster-SemiOpen 0
219.3144237544293 254.8664323083376 126.75346138669192 297.2606704973367 62.09505440092107 156.09682657405511 154.65198849006265 113.7036203355142 Oyster-Closed 0
93.92969127043034 321.25628642590027 142.73049723069198 228.14585424596828 246.40333848308 282.4754920585131 197.6058715359104 375.5830905465434 Oyster-Closed 0
110.19389379070344 350.4207568655867 110.70614752372421 394.1940789603797 51.83156150104696 394.8819475274666 51.320164025637496 351.1094765586047 Oyster-SemiOpen 0
150.88035196070996 342.83258290664594 157.3316034608688 384.57633489142427 114.71011395015739 391.1610184422298 108.25951281750167 349.41784614094246 Oyster-SemiOpen 0
31.849685000015597 416.0000000000071 31.856791491358308 316.4935422170025 178.26403456054322 316.5019844533327 178.26162100306465 416.00390087602693 Oyster-Closed 0
0 342.7620432071741 0.2361966199350718 221.8389849443393 128.08705801079122 231.1604276922107 119.2738997343804 352.0795283651129 Oyster-Closed 0
0 170.422995 28.391770999999995 170.422995 28.391770999999995 216.68270500000003 0 216.68270500000003 Oyster-SemiOpen 0
153.6536888862356 15.60181312416638 154.43917684682674 82.80885207327023 27.93847309719058 84.28678203219155 27.15336625326745 17.08010794508617 Oyster-Closed 0
136.07170452582432 76.75718276466985 115.31455913262107 44.816411328701875 195.72795249681803 0 216.48506805198485 24.499461831350608 Oyster-SemiOpen 0
0 42.943781 41.361155 42.943781 41.361155 117.78463499999998 0 117.78463499999998 Oyster-SemiOpen 0
0 98.020588 89.111243 98.020588 89.111243 229.840129 0 229.840129 Oyster-Closed 0
0 151.6713253556362 3.5289186488298583 121.66298687793812 60.879302303674194 145.54863434234494 48.38102401586366 175.55673425491327 Oyster-SemiOpen 0
177.9740811519223 52.13894182419318 195.74268545054656 116.61639904366015 97.31924243358299 143.7386397916834 79.5512750000089 79.26171400000497 Oyster-Open 0
316.83901524752946 406.0390735409149 278.68620071208716 469.0556354133477 159.23220072193726 396.74871231615737 197.38495057493492 333.7350180773307 Oyster-Closed 0
