335.4869447168385 370.4788271915278 204.27227405425947 367.7005284816096 207.89943320192833 196.69865080138473 339.10307748516425 199.47683394103944 Oyster-SemiOpen 0
201.53179788245689 234.35103937857315 164.86424645100124 121.23525393661129 299.83698213941534 77.48389685934869 336.50570824681927 190.5976224147593 Oyster-SemiOpen 0
316.7916169708478 0 352.0540718900629 55.43470087291389 194.98091052761447 137.9932231514693 159.71917466880768 70.9058805204922 Oyster-SemiOpen 0
387.920983 15.429472000000002 416 15.429472000000002 416 81.146771 387.920983 81.146771 Oyster-SemiOpen 0
330.7819264724494 172.04463600978644 424.63053477184803 178.33770214532822 410.958728607191 382.20094564672405 317.1101468757988 375.9081995812356 Oyster-Closed 0
357.9231445024816 192.46402488862037 288.7259086669874 162.30277615339875 347.24713198284735 28.047137051519478 416.44260401439897 58.20793706935447 Oyster-Closed 0
416.00052510506066 193.45665700000004 367.02475692376174 193.45665700000004 367.0254172318855 97.55046300000001 415.9999984740207 97.55046300000001 Oyster-Closed 0
48.7913374265554 76.87850500152202 79.84504881376051 29.884107571693296 159.4838731770069 82.50873791348444 128.43051707572522 129.50282575169751 Oyster-SemiOpen 0
234.16907766087024 239.16458269523253 137.589220011203 272.13147409841025 87.57747499526886 125.62152221466025 184.15340586089587 92.65531844379991 Oyster-Closed 0
102.17082333867074 291.21377211638315 159.85303043751628 204.21370282558536 257.91477211622623 269.2227951901378 200.2353753568641 356.22040634552286 Oyster-Closed 0
115.07383832439155 321.5424266224203 110.81108440296885 364.73739198551556 51.965241970126954 358.9304855030197 56.22867453048457 315.736291214367 Oyster-SemiOpen 0
113.35445910130511 320.3680134500032 156.69773797898233 318.40129547986754 158.60042484402948 360.3251810564356 115.25714785062883 362.2918742957313 Oyster-SemiOpen 0
148.95837479932015 276.816516870571 198.38738696183646 360.2520163392411 53.79527075762962 445.8869443878689 4.371411159801937 362.4558902544702 Oyster-Closed 0
10.803339298636274 185.48562911793948 138.1838679416178 178.06742549952384 145.45159690189394 302.85319866270856 18.071097804862802 310.2712040897232 Oyster-Closed 0
14.9964715239621 122.00629922842273 50.55669471932924 123.67159198463008 47.9323919449962 179.7081603174064 12.372169341510016 178.04288009981516 Oyster-SemiOpen 0
191.93109499995262 0 191.93119503105117 57.5306692414684 64.38523223918673 57.530588957523534 64.3853160310864 0.000012606015121036108 Oyster-Closed 0
169.436290999005 54.640712383820926 153.00103826008126 21.52552401071226 239.0945626790126 0 255.5298196408403 11.911945105777079 Oyster-SemiOpen 0
20.429294360714266 6.000346337430303 77.04979458582238 8.651997273124602 73.46773111004222 85.13934421700012 16.847230930761725 82.48770096952437 Oyster-SemiOpen 0
17.828353322896874 61.53613331481111 117.38457420530904 66.19839998377405 111.17913425102961 198.70352086488913 11.622924902232626 194.04132765297746 Oyster-Closed 0
13.537300913783838 112.32860659394774 28.36348292493858 83.32824266248001 86.79932855970401 113.20241342075742 71.97336615591848 142.20258964141382 Oyster-SemiOpen 0
214.06673745450098 34.93215500407725 224.3541058705232 100.58301345451612 123.0271360719853 116.46005748027967 112.74024799997278 50.80961700002308 Oyster-Open 0
317.0892103204242 399.98744284594295 269.63153479338143 462.87963117423084 156.59091768017606 377.59893235184984 204.0474962368462 314.70959391658414 Oyster-Closed 0
