403.6076030744007 340.1831094394015 389.4817829999811 383.9155889999817 322.2997922854338 362.21914009228317 336.4261142606265 318.4876171600427 Oyster-Closed 0
144.64646329183233 415.9991066181806 144.65063320609988 348.41783336560974 285.5747183039457 348.4249756230541 285.573753017321 416.00302392883657 Oyster-Closed 0
12.240572710452398 415.99977626377546 12.242936512662709 368.7763498888302 121.99010583986819 368.7810520520702 121.9895327555605 416.00265755500203 Oyster-Closed 0
289.16351032218154 23.827607533962418 281.78582078244654 127.84595226815657 130.30121107659943 117.10057956657964 137.67977186492135 13.08322406804863 Oyster-Closed 0
33.3071890506144 89.88376893153645 44.267100009055866 41.366529777325056 184.57936149001762 73.06213473267636 173.62003972062666 121.57884415995365 Oyster-Closed 0
443.28246592601863 146.39404447962167 384.70659188537684 211.87940653511794 249.66076308166157 91.08421728995822 308.23598005819804 25.5998735797715 Oyster-Closed 0
0 184.6012480465229 1.2448110328405164 85.17152008812064 215.15665380474093 92.35796737478177 211.81795484929535 191.78527722492336 Oyster-Closed 0
393.7637830257336 327.4350960504131 278.92125727593157 318.7339152821439 288.8265190028105 188.0629260860104 403.6621921776823 196.76384474613863 Oyster-Closed 0
0 139.575096 33.400267 139.575096 33.400267 273.125412 0 273.125412 Oyster-SemiOpen 0
317.89936200000375 416.00000000001836 317.9001506971108 395.9790950508329 388.53217068784215 395.9811281467306 388.5318872434982 416.00153149560293 Oyster-SemiOpen 0
