408.57390133820445 318.91363606616795 393.81353999997737 363.7191769999976 324.6320341820574 340.93203727206196 339.39287710282224 296.12745865351246 Oyster-Closed 0
143.8112199999814 387.58012500001627 158.4196451388525 313.6676148915154 292.66620748342757 340.19357929806665 278.0614790585314 414.10285776100557 Oyster-Closed 0
123.3464044528373 351.36350378083154 119.47447797256609 408.39806875289065 10.972151727739401 401.03072283159463 14.845979668236396 343.9981701201039 Oyster-Closed 0
302.86297609486064 0 302.86324435252754 104.19252520703202 160.65779909046614 104.19212367125417 160.65819499999634 0 Oyster-Closed 0
53.31834980471103 68.90285672367443 64.5307006058647 19.956400015322995 201.39698699517976 51.308586144529635 190.18506814246211 100.25465048580507 Oyster-Closed 0
454.83422872513256 123.14950464257849 392.94835869111193 188.6849481503425 267.1258529405859 69.87032114327725 329.01114646263886 4.335638521924878 Oyster-Closed 0
7.3033835671740235 162.79007341468383 10.649732431909797 63.46990421949603 231.04331217346407 70.89358424920638 227.69928099364552 170.21169771554437 Oyster-Closed 0
298.6762699677238 163.82103468978323 412.750121662586 175.09770545150135 399.81215800002974 305.96559100000127 285.7383419122343 294.6892277161297 Oyster-Closed 0
0 118.015022 44.139896 118.015022 44.139896 259.275378 0 259.275378 Oyster-SemiOpen 0
287.69162799997866 409.0221709999932 286.9070231059668 375.2413220485178 393.1095641038737 372.7739525378584 393.8953753360365 406.55356564444537 Oyster-SemiOpen 0
