418.4699917896032 371.1665854946529 330.04548866715413 396.1139567675088 300.38201791251777 290.98533032168643 388.8011535099904 266.03876689099644 Oyster-Closed 0
226.04163135400086 399.57660948285655 224.5470302722424 384.45825040651494 321.1753308493826 374.90676832690883 322.6703751037494 390.0246263659114 Oyster-Closed 0
80.7906120777443 0 88.08115838579033 72.85082709650389 9.090641615563072 80.66154014798687 1.8003213569063519 6.934098011668812 Oyster-Closed 0
204.8703235425346 0 204.87035032071435 35.1239327379816 103.43150922848145 35.123902801474486 103.4315390000229 0 Oyster-Closed 0
233.28033482305545 28.537216810262336 233.1422254931822 99.97932957552845 124.62813315912354 99.76902860867719 124.76667820626972 28.327379819368716 Oyster-Closed 0
369.4924287249596 130.69996424697487 398.4546796275099 209.66603166555092 275.4925727211521 254.75933463170406 246.5323885432481 175.79501866707722 Oyster-Closed 0
79.11475201809662 324.9720373574138 39.89410922637035 365.1476962315069 0 291.6392440659209 3.8038697028714523 251.4647822977389 Oyster-Closed 0
0 342.70147 75.719212 342.70147 75.719212 415.069065 0 415.069065 Oyster-Closed 0
135.3134682552809 174.2599114625186 180.48809101984807 239.80933255390568 80.1773410216665 308.9315363841935 35.004662950977945 243.38383586262017 Oyster-Closed 0
56.91396117455588 109.68678259117476 132.60658690788114 123.0077145754479 113.56193488857753 231.21883321941104 37.86937209629468 217.89812023967366 Oyster-Closed 0
0 130.245812 48.600598 130.245812 48.600598 205.366597 0 205.366597 Oyster-Closed 0
0 71.383598 49.815128 71.383598 49.815128 128.7821 0 128.7821 Oyster-Closed 0
78.98331914567461 0 151.94726519030883 31.513656397348903 105.13312937988667 130.61922477952933 32.16931234709409 96.15400337919021 Oyster-Closed 0
250.20575071873827 77.12607821222468 248.30606592992626 144.68195889100846 121.53322910962743 141.11589672551378 123.43371948910135 73.5608033942833 Oyster-Closed 0
276.6249652866136 198.65405655945156 198.55606339835504 173.6584847727945 236.27033432116878 55.8732965542962 314.33719095097695 80.86850920341607 Oyster-Closed 0
408.86370833458204 184.083095 369.7070072861461 184.083095 369.707500222441 88.36680899999998 408.86326487211045 88.36680899999998 Oyster-Closed 0
