416.0016815497038 382.8759549999999 361.5981368814464 382.8759549999999 361.6001137823987 266.3865440000001 415.9999973231752 266.3865440000001 Oyster-Closed 0
282.3739806500089 402.3479189019131 279.9622072952661 387.16377597825743 374.86029126922585 372.09337505928505 377.2724636500607 387.2770190627538 Oyster-Closed 0
70.73825071310421 12.962580580224978 82.50057962406572 87.01200700750974 8.712315289136313 98.73250715443973 0 24.683403666784134 Oyster-Closed 0
187.47713518244564 0 194.62900656196143 39.444738125509595 93.15392770027756 55.56311487058382 86.00217500001236 10.538274000005362 Oyster-Closed 0
227.2869500985944 33.92583600471835 231.30475769438272 105.23216548379247 121.14281770730304 111.43864896598213 117.12554065577933 40.13284899289033 Oyster-Closed 0
380.4448751124946 126.2795041686972 416.42106628394686 206.13623940304916 302.4044152616225 257.4963062600099 266.43020859065655 177.64125729321262 Oyster-Closed 0
0 309.2760831568713 24.52117509066011 264.76609839639775 122.66883867722936 334.044169471855 91.24724072979006 378.5526681126896 Oyster-Closed 0
42.515492164140596 415.3613364465371 40.512633519443625 357.9495270445499 127.05180516702967 354.93044479489816 129.0562804852234 412.3406195287914 Oyster-Closed 0
151.80073123865077 183.51868362058514 206.27893600693278 248.06371114620308 118.3285015125366 322.286998913577 63.85209537524861 257.7436396814798 Oyster-Closed 0
60.614234465734626 129.93129583178393 138.87512475719268 129.64012020844362 139.2708781820147 236.00355424078862 61.00998779544898 236.29472489753672 Oyster-Closed 0
8.656845000004978 148.63228999999936 60.35475776781095 145.62142909863155 64.72616653691512 220.67652018934942 13.028256721656362 223.6873440953832 Oyster-Closed 0
5.282246999999188 90.69267799999899 49.11650788460247 88.13969243031656 52.3748515006082 144.08363814508823 8.540591620097985 146.63660907047057 Oyster-Closed 0
62.015891693296 13.412260885148669 143.25561800880678 36.81263290949328 113.70101675212936 139.4171670273667 32.461356524301664 116.01696460680054 Oyster-Closed 0
250.25849154647221 81.29382207021747 252.30001888161132 148.60970953976692 126.05607428188523 152.43695472373977 124.01545060236458 85.1219193636568 Oyster-Closed 0
305.4677067711127 189.2753064444071 219.0483271636731 190.71054950720003 217.14354425981583 75.93901114856277 303.5605846494582 74.50378763947947 Oyster-Closed 0
416.0002500704395 177.468433 378.61076514812885 177.468433 378.61117043718696 83.243936 415.9998525633746 83.243936 Oyster-Closed 0
