280.07061698084 415.9999109422565 280.07423852815555 339.78769738639136 373.61317801944824 339.7916784284893 373.61191770407095 416.0015559325992 Oyster-Closed 0
106.73934971473864 6.840071337053293 102.75283770568421 69.05027154760299 24.22420129838065 64.0178915013985 28.210856772428087 1.8078377611454322 Oyster-Closed 0
227.26643453001088 14.563740393702284 224.46202479271233 58.327438874971605 127.10135205342158 52.08831011913936 129.90587699998287 8.324746999992769 Oyster-Closed 0
254.13931842665988 65.20495401828889 236.23444024486162 134.5646052582726 130.0026209092939 107.14107260855248 147.90785689115 37.78203670312804 Oyster-Closed 0
252.2728695541009 299.7016959348527 242.95323909740182 213.3499706244479 368.8331279292397 199.76511267705544 378.1548596186876 286.1144195884589 Oyster-Closed 0
0 244.827179 37.233295 244.827179 37.233295 334.553972 0 334.553972 Oyster-Closed 0
0 330.697204 41.6173 330.697204 41.6173 404.544819 0 404.544819 Oyster-Closed 0
132.7425380730565 184.42311584249987 163.7518171523334 261.698934244932 55.0702738197142 305.3039360798576 24.063333782396512 228.03011432503664 Oyster-Closed 0
64.97949821153088 104.48420898957886 138.61637005699595 130.40865144713555 102.9449602992463 231.726311291236 29.308303227116994 205.8022819016483 Oyster-Closed 0
0 105.11889000000001 48.880977 105.11889000000001 48.880977 188.839866 0 188.839866 Oyster-Closed 0
9.983149235034944 46.30781064120839 66.4537152005978 55.5792910443847 56.75665466831197 114.64136668146192 0.2860989532855456 105.36992566756699 Oyster-Closed 0
107.62869074008631 0 173.51358404929488 46.47799252105681 109.10311160355559 131.67043772215052 43.21848406204663 81.85844133417712 Oyster-Closed 0
260.7386430938386 117.2238993781977 242.1389017723377 182.22268972237717 120.44014695729129 147.39772309910072 139.0404830011139 82.39984767613922 Oyster-Closed 0
276.7618965514703 237.81727468156737 195.04389747804817 210.2174362300598 232.26050013140775 100.03749746496541 313.97586002544995 127.63684381169531 Oyster-Closed 0
398.11421324334515 262.702405053322 362.208960697124 259.98186940805454 369.3654075268387 165.54909985817864 405.26935299998513 168.26958499999873 Oyster-Closed 0
