124.95564339265547 240.16995177927166 60.880822371887916 133.2724485199446 263.44961696798055 11.854336001489676 327.52461469820264 118.74936586055048 Oyster-SemiOpen 0
408.55328242370524 182.76980865016 348.3570982403289 180.31703175554912 354.345900671 33.35489726946127 414.5408920955779 35.80765650291764 Oyster-SemiOpen 0
226.41398195233705 0 226.41398676437893 22.309838053713484 169.73577893310357 22.309829696865172 169.73578600001565 0 Oyster-SemiOpen 0
60.874982463239576 81.3981322233741 154.9258318243883 148.82023067616691 63.15773065360918 276.8240352600368 0 209.40359864274194 Oyster-SemiOpen 0
51.71446399999695 408.96820300002287 54.845933024171245 349.42897712944637 163.14438280784816 355.1220874803054 160.0151745398107 414.6592099389566 Oyster-Closed 0
167.09629205748206 0 167.0964458311828 70.36932454537198 41.31818191424463 70.36921023878351 41.31829931949687 0.00007784659544754033 Oyster-Closed 0
117.4958229999902 178.48490800000306 78.25181365894969 159.0962555254522 133.73922396893977 46.78917142095101 172.9826344380126 66.17767296421286 Oyster-Closed 0
339.8156785010615 169.0672157093756 249.56566909740286 154.01223015042055 275.6624457948383 0 365.91054638490095 12.634864701706162 Oyster-SemiOpen 0
344.4383669830131 253.01650112195148 250.79329765319926 356.2732279812198 141.6766035859473 257.32217829128865 235.3189544908273 154.06895350447328 Oyster-Closed 0
268.9288549650555 315.12735976758637 352.63878003843274 231.4291247756001 462.8271075850571 341.6169044737209 379.1210524420894 425.3113779742293 Oyster-Closed 0
149.1366357535735 254.4181580691599 171.53899435532367 261.07294722560925 154.92430737757968 316.9960489067906 132.52199049409683 310.3413571117329 Oyster-Closed 0
143.60409884441833 253.6184051269481 204.5566196331456 273.3957021821165 172.57768046421916 371.93644440485934 111.62542607262367 352.15971367676985 Oyster-Closed 0
32.03004597454856 435.21791630552536 0 358.0023969553585 75.17719349251274 215.90715680096284 160.55546217696246 293.11893301902137 Oyster-Closed 0
194.39976328578996 178.33644131305104 211.673365829025 207.2431973454783 167.6475002903535 233.5490767342545 150.3742017595032 204.64258505189255 Oyster-Closed 0
32.962408206291 60.3144769913046 58.32786924890388 43.88891493732745 138.42348764018607 167.5758764470514 113.05822594199344 184.0012013218136 Oyster-Closed 0
226.8147713923754 175.45409791404987 249.82315539849515 124.30625676663585 313.1962368172317 152.81282799180545 290.1884649061212 203.96014453724544 Oyster-Closed 0
406.5065779844408 232.98891835142365 383.792944873705 232.06347522188983 385.8440044535819 181.73332488422113 408.5572242278067 182.65875963212176 Oyster-SemiOpen 0
358.456842654301 122.07039575146766 443.316780579069 224.34211922484167 383.2956482645386 274.13965239571536 298.43720517654583 171.86934008453701 Oyster-Closed 0
298.0197519386784 346.9304199187198 295.15328600553767 420.283942746489 140.80543514864985 414.24813820952807 143.67553366632637 340.8984042483021 Oyster-Closed 0
160.51695503407973 394.246041603623 149.16032047733097 369.83227423428417 175.6480940898582 357.51396197839944 187.004786395697 381.9274926969937 Oyster-Closed 0
267.09384988754755 415.99998608301667 267.09453533843407 382.9456201473247 309.8481669537723 382.9465405927662 309.8479789978228 416.00040338251296 Oyster-Closed 0
77.19375299998865 264.81366200001196 74.39018246604246 224.1719074463965 155.32823409634875 218.58877447078765 158.1324546606411 259.2298296211593 Oyster-Closed 0
244.51898919426094 253.80767405470337 228.03903411064675 289.29549103163095 97.77225706918034 228.80656286271667 114.2524217381033 193.319927090678 Oyster-Closed 0
