0 116.82734900000001 54.361994 116.82734900000001 54.361994 271.879435 0 271.879435 Oyster-SemiOpen 0
384.6282382757163 341.0627925427132 328.41120360727655 334.2227258093042 334.19208269923547 286.7274557774859 390.40763799996785 293.567430999999 Oyster-Closed 0
0 402.14782659268343 0.1212657034266158 275.0442618669084 190.5894214680302 276.1335535027478 189.86786969537206 403.2301914306655 Oyster-Closed 0
40.759189548756694 400.58285507296137 43.608620767285174 337.99287027526515 127.75873996067094 341.8227446552806 124.91110396188742 404.4109993621028 Oyster-Closed 0
319.8368554503977 0 319.8370816837123 99.9194130967997 175.49280305652428 99.91900935326656 175.49319700000706 0 Oyster-Closed 0
214.5229938628945 35.22639540116669 211.93235024534079 88.33236020470255 81.43048026997349 81.96552682820857 84.02146924384942 28.859895540799243 Oyster-Closed 0
321.84558415888387 0.0832232739227695 408.1120047841796 0 411.6289241188897 156.76813490871714 325.3625076437129 158.68106277474442 Oyster-Closed 0
242.22871282888445 69.32788041564278 235.86922953688554 170.00689601012468 8.899520500668586 155.66707078075342 15.261143848314532 54.990689303707384 Oyster-Closed 0
391.77621617150726 287.37194600362113 293.7254982647901 274.8466418148797 308.96544673866083 155.5765529388118 407.01167261203955 168.10156828843986 Oyster-Closed 0
290.6205120000159 401.3356369999818 288.85046002549643 363.3019772390285 382.3213002907178 358.9517955436934 384.09248280483735 396.9842907509562 Oyster-SemiOpen 0
150.3645555458279 407.8677865081465 146.54211103885245 325.73401304038157 275.1281182675921 319.7499022842256 278.95377524308424 401.8803220516948 Oyster-Closed 0
