2.22617797150815 127.5336447658764 66.11025270199752 126.41865599302294 69.10052925833588 297.7373641477419 5.216454633879039 298.85231756487786 Oyster-SemiOpen 0
416.0004745184633 343.045191 361.8750227593555 343.04519099999993 361.87593361345716 297.63717900000006 416 297.63717900000006 Oyster-Closed 0
8.160904796091927 412.62862006144695 6.669920294767508 285.72650553986995 219.39100175998465 283.22501583118077 220.89006589088604 410.11892967795535 Oyster-Closed 0
76.90431647536025 409.8244592605179 78.62300454393699 347.56215681793793 165.96243925226008 349.9722123680974 164.24561759169228 412.2326884210975 Oyster-Closed 0
318.5356943859806 0 318.5359657192057 105.75883865984832 164.59134266444744 105.75835532335762 164.59182499999588 0 Oyster-Closed 0
212.88375992294095 42.76305769503155 211.25667816716668 95.57531597692076 76.71628304028127 91.42953518550378 78.343776446025 38.61767693369748 Oyster-Closed 0
447.51166901608667 139.36327852003402 385.06825478953397 180.9461310293849 280.45092417062915 23.847839645265253 342.89310952465894 0 Oyster-Closed 0
248.0719796180747 76.46060009782718 243.57982135957354 176.45409474430392 14.325531463564403 166.15152682922388 18.820060176658444 66.16084315628264 Oyster-Closed 0
416.0024630025 290.25271099999986 319.64538396136413 290.25271099999986 319.64758984826767 171.86343500000007 416 171.86343500000007 Oyster-Closed 0
326.2327389999846 412.28843099998886 325.6728005097284 363.9746003800638 415.9912551180714 362.92725944468714 416.5526635027709 411.2396197986375 Oyster-SemiOpen 0
192.2055174217203 413.8476162253031 191.22948044323857 329.6285558584433 312.5481004373796 328.2221027791147 313.5274368429709 412.43783132471395 Oyster-Closed 0
