4.859376902990334 208.77821865026243 125.3950760699845 205.97314020203194 128.59884740328926 343.62496451290684 8.06314789076714 346.4299503063685 Oyster-Closed 0
221.81612666842193 217.15681831182079 332.1577608294283 308.1916523136805 226.24563094256519 436.5376882815578 115.90794029201788 345.50719754380833 Oyster-Closed 0
112.69597218584386 316.3905952403204 128.07796200847588 391.54831556483987 18.480851125670597 413.96975226997233 3.1019282442721305 338.81468668954585 Oyster-Closed 0
83.98625912579155 415.99925986271444 83.98833834208199 368.2122986019096 191.20483882191184 368.2160316892404 191.20453599324173 416.00120347532845 Oyster-Closed 0
192.9144379099198 415.99991847664955 192.91567336937078 390.69531267779746 284.40513840388303 390.6986946484028 284.40472496034636 416.00247894300713 Oyster-Closed 0
301.7601991713891 415.9999272185501 301.7631243052747 366.5802565377909 406.4599616519372 366.5849323160748 406.45881393511445 416.0028687092889 Oyster-Closed 0
259.79205205568724 61.07956472829873 274.7373885485649 11.252270272699322 430.6647350789899 58.02088308298541 415.7198799583348 107.84778734677327 Oyster-Closed 0
416.0005812051604 248.25862999999998 369.22483829764315 248.25862999999998 369.22551790434954 177.54216999999994 416 177.54216999999994 Oyster-Open 0
148.4185984098367 314.87824575205894 53.70980887143014 250.91304163521775 168.74248210523365 80.6104077705162 263.4468549843914 144.5735600302774 Oyster-SemiOpen 0
229.24067961225228 136.47118565983544 267.2466967738692 144.19732775365665 248.50115774595542 236.4041866309543 210.49517400000332 228.67816300000453 Oyster-SemiOpen 0
237.2286110679015 151.15519425350323 232.00090571396504 120.3961091506062 309.8822415782124 107.15978021488978 315.11016686541916 137.91859909122545 Oyster-SemiOpen 0
167.69880200292027 18.254024360142356 169.96364841378818 52.080815136880716 127.84320333943106 54.90089718340295 125.57840641936491 21.074153821312034 Oyster-Closed 0
416.0006793571374 183.14437400000006 342.41852808616386 183.14437399999997 342.4194641461181 84.08032100000003 415.999767225916 84.08032100000007 Oyster-Open 0
