123.68944497715347 250.07715207567088 68.40754617395578 132.58242717638413 272.87402826920516 36.38197974517247 328.15694828087726 153.8736324638704 Oyster-SemiOpen 0
409.3816585950153 225.9432135502463 353.5972389132985 223.99523272893083 358.852024866228 73.54101234060234 414.6347331995057 75.48896908749184 Oyster-SemiOpen 0
233.61515848966155 21.894044512591535 229.75030086528568 43.914413526538425 174.57422358723852 34.230268594278584 178.4391034690816 12.209934493339805 Oyster-SemiOpen 0
26.375221671522013 266.88494189389655 0 130.11816753546398 75.10404097757055 80.56124018270876 136.59965726001246 217.3253452281552 Oyster-SemiOpen 0
47.34264283235825 415.99942764992414 47.34517923126623 360.90238949390425 151.57825059917013 360.90582044784276 151.57767499074907 416.0009427587698 Oyster-Closed 0
176.58354036083983 15.448906601917708 170.77788518771195 81.8106904946722 44.49511204305236 70.76239570783989 50.301063103928755 4.400852425758197 Oyster-Closed 0
119.71726700001818 186.6085370000024 79.92811621173678 164.52191439010977 138.8308629180283 58.411889783044664 178.61939170742698 80.49832185060068 Oyster-Closed 0
342.1983282375768 202.90603553418222 250.9713416225677 184.7117654388216 281.9929129883858 29.181381223863333 373.21719288209715 47.37538162546136 Oyster-SemiOpen 0
344.48834445389 289.43944051032014 247.5301240621011 380.87236491894635 141.2496150517145 268.1814698197495 238.20377481784453 176.75209975374878 Oyster-Closed 0
387.59500107099666 422.3187691428324 269.1877381916238 407.71597473730554 284.4394483075084 284.1147035476102 402.8378803203741 298.7169562512696 Oyster-Closed 0
148.85804753634875 267.19597654285064 171.60849613070968 274.87315733243884 153.26728787403408 329.21695632259247 130.5168945825426 321.5398908321175 Oyster-Closed 0
142.87108896224163 266.99242616974294 204.79835184576586 289.7250701415403 170.025266790577 384.43490802064974 108.0983441755161 361.70292352374344 Oyster-Closed 0
0 237.42115900000002 125.964428 237.42115900000002 125.964428 408.843784 0 408.843784 Oyster-Closed 0
196.710904955944 195.76201321979573 211.60020390792852 227.52822595250979 166.7283456300138 248.55808087514384 151.83940386341055 216.7921707464279 Oyster-Closed 0
39.1659275624188 58.61550534082222 64.36378467502436 44.22157058259109 140.3247703480738 177.19558674401225 115.12708568806192 191.58929877120704 Oyster-Closed 0
228.73465023941753 196.83674770301602 255.94664353354892 150.038171393495 317.9205986090419 186.07209184634652 290.7092656646055 232.87009124514242 Oyster-Closed 0
407.6254519199647 276.2162179154907 384.7963957710599 275.41909354840743 386.55909963334125 224.95089955908747 409.3876537741635 225.74801522282738 Oyster-SemiOpen 0
301.0489643968467 201.91766744515806 361.4592366613615 158.72096275449786 442.6060031480847 272.1948556469264 382.19684049125135 315.3902713609059 Oyster-Closed 0
139.2548554032801 415.99958694678827 139.25915176342096 358.5660049411766 294.3279759469697 358.57433892483965 294.3267081403137 416.00495836512255 Oyster-Closed 0
173.45322258429587 373.05105647267254 181.73052332604493 399.82527618190136 155.32892463301323 407.9849133844463 147.0519226373035 381.2109485273839 Oyster-Closed 0
76.9744020000253 268.12109400001356 79.14959642929534 227.28436629767694 159.53268486173693 231.565225376662 157.35825034424852 272.40122850554746 Oyster-Closed 0
244.89486572600072 277.91600671080533 225.55937850540067 310.33039112686924 97.614878248467 234.01794276744735 116.95023933878474 201.6047521476181 Oyster-Closed 0
