416.00102112921013 229.07368299999993 350.01686848740064 229.07368299999993 350.0178970801753 39.39352900000001 415.99996386470957 39.393529000000015 Oyster-Closed 0
253.48097912120284 294.9541295027342 173.24410486692796 271.0011172215933 217.92385490497327 121.35843354840563 298.1556868009029 145.31057608036176 Oyster-Closed 0
416.00545876544857 401.50369100000006 252.87026600003446 401.50369100000006 252.87875471191 157.005548 415.997104234335 157.005548 Oyster-Closed 0
355.2661044320921 0 355.26711301106116 191.16913675449098 235.17137526570878 191.1682449858512 235.1721941600008 0.0002258720624502028 Oyster-Closed 0
273.41420399999333 236.06039600001398 203.97515162149284 168.36893532511948 298.4316192911465 71.47853255540967 367.86959269893487 139.16895562431426 Oyster-Closed 0
29.73589185463061 79.16683772254962 134.52966202358948 52.48367664531335 216.35274307415966 373.80820110911435 111.55973002310566 400.4895142940879 Oyster-Closed 0
208.94409083450228 145.9054325092615 102.06120515806833 115.25976647667679 141.24039939225622 0 248.12167170168686 9.264593480544127 Oyster-Closed 0
127.55851272544169 115.41885273132847 205.31246486270538 104.08732108915927 226.14536573463556 247.0307276468864 148.39147879593293 258.36200197079455 Oyster-Closed 0
7.888103795401548 123.08444787774494 82.51364656426813 118.303011409323 100.30943379353994 396.02001729453127 25.683915299596265 400.8011405619127 Oyster-SemiOpen 0
155.03428099823577 265.7810314916638 208.54681272611924 259.77353200049527 220.55209674212165 366.6948641721099 167.0395943722433 372.7021836295719 Oyster-Closed 0
212.16886394042376 283.7267241627717 286.0397916474394 309.7481679946545 245.0478466839304 426.0931238381524 171.17741390351875 400.07267462801883 Oyster-Closed 0
