348.47292 89.456116 416 89.456116 416 273.87432 348.47292 273.87432 Oyster-Closed 0
223.24828076856284 154.68483038349294 308.1239067740462 185.12064290165955 257.2643814233925 326.9363902402312 172.3892241111571 296.50158686001197 Oyster-Closed 0
416.00528662130455 416 265.6331264577311 415.99999999999994 265.6406258406496 201.740467 415.9970675214936 201.74046699999994 Oyster-Closed 0
246.5651641793338 23.14886536622824 362.749814800678 32.836789349525006 346.1067014420405 232.42892900222492 229.92205110426949 222.74121593398073 Oyster-Closed 0
276.29259899999306 271.9212039999951 204.56963908543548 196.46693256324187 294.8666835012591 110.64137835907526 366.5884547090973 186.09425812053766 Oyster-Closed 0
28.987386523476744 98.07534554404023 128.6720631837561 69.31483848062524 222.4148671706498 394.2029918827193 122.73117080821248 422.96130243473436 Oyster-Closed 0
105.64931395668827 34.55532528728853 212.08565587038538 14.371449417524147 241.13669279177702 167.56575725156674 134.70042098511476 187.74936838848183 Oyster-Closed 0
126.06529676781429 138.34558482739973 201.26435038178897 124.48495582093979 227.43192782759434 266.4455930313707 152.23298108485687 280.30586788265003 Oyster-Closed 0
9.511347032406775 136.01172835508402 88.7547137894835 130.4714508151726 108.26629966801192 409.51737925689116 29.0229671608613 415.0572747957681 Oyster-SemiOpen 0
159.55026067226936 290.89321416635397 211.605562275563 282.9921160532381 228.070941924434 391.45162029172207 176.01569777937402 399.35245768185456 Oyster-Closed 0
215.48495862836717 315.35556529739716 292.83799311344046 338.87632616603383 262.22790352967786 439.5199513536466 184.87522599999647 415.9999999999959 Oyster-Closed 0
