156.11222823740536 260.07615144610793 71.062834669945 154.94431099184516 238.54483728501873 19.46047695154508 323.5930886726637 124.5898237593922 Oyster-SemiOpen 0
422.28544280138885 176.8651131590767 356.76002396748663 187.12216460718926 333.4744233845486 38.366385933749925 398.9984683507937 28.109421180849708 Oyster-SemiOpen 0
198.00521552389546 12.768735304707821 198.53711848926469 35.35382989961106 140.39461519691395 36.7230969391961 139.8627410216941 14.1380311092941 Oyster-SemiOpen 0
158.56125097460244 228.85719641030684 67.20443198351859 296.08900810413417 0 168.59197438471884 64.72445667931606 101.36214976391656 Oyster-SemiOpen 0
140.78213200002574 416.00000000002336 140.78428530841484 371.69913567077487 226.6458495157567 371.70232377980705 226.64500896476966 416.00190257350886 Oyster-Closed 0
147.82567277125054 13.950342561408984 149.6301862905275 90.5625754102762 24.394077786295384 93.51173072615617 22.590036818015506 16.899943333251834 Oyster-Closed 0
134.78192455541284 198.13996350550076 90.0853136087062 187.93076028691445 116.923096829516 70.43930640279336 161.6187439587302 80.64841397104725 Oyster-Closed 0
350.1926605034132 169.03623898470872 259.2883613449012 176.67840686843067 245.7637820786549 15.787497292913239 336.6657266976217 8.145427737471612 Oyster-SemiOpen 0
381.3032832282843 258.96121875867726 308.81157191557577 364.5719303594637 173.5944746577843 271.7665049805638 246.08512136326317 166.15993048723743 Oyster-Closed 0
416.00261626003703 387.372735 326.87665413362265 387.372735 326.8801932716233 258.196596 415.9999210134265 258.196596 Oyster-Closed 0
184.61017507504948 272.71997473938524 208.39502070489834 273.72255427747 205.9480516979711 331.76470124245463 182.16320707557315 330.7621371513754 Oyster-Closed 0
178.72955072303012 275.5906056876154 244.13363977471818 280.0647531969167 237.23344223526874 380.91542947127544 171.8293683328011 376.4414128549889 Oyster-Closed 0
51.442718115064054 250.18284102991606 179.20522078266367 256.68338607716703 170.77554870623499 422.3320781608528 43.01307365282628 415.83184871894446 Oyster-Closed 0
210.32917288364115 192.02654858864557 233.26170936131894 220.46772317111134 196.50088386761854 250.10564546015047 173.56862430893307 221.66472872769899 Oyster-Closed 0
16.12020100000518 223.0888799999981 26.385933265821222 221.4821456653602 43.581132906612766 331.33198562313567 33.315410681396315 332.9386763492387 Oyster-Closed 0
22.89960960676035 87.2120712053399 43.13804580772194 68.33639412610509 152.03833358197153 185.0957955609039 131.80025920098706 203.9711144872195 Oyster-Closed 0
240.71942775143543 186.67326560035787 257.8387956810293 136.45847893511026 326.50105845736834 159.86583109047422 309.3823521409686 210.08005160473172 Oyster-Closed 0
416.00008477333904 220.164576 402.2933773683508 220.164576 402.2934837465982 180.62655499999997 416 180.62655499999997 Oyster-SemiOpen 0
355.42705858526097 125.581851361017 455.528232109049 211.50755251377853 409.96696546822204 264.580573264146 309.8666874413648 178.65587853376422 Oyster-Closed 0
355.3469510335344 352.19725824196 357.6705696821555 414.72061220492617 207.8248537254549 420.2830130705476 205.50451947513284 357.76287132470804 Oyster-Closed 0
252.16434686773937 396.51869772825245 229.66782049550966 410.2535139340034 214.5280377438612 385.46216451846584 237.0242177626751 371.7274861687461 Oyster-Closed 0
337.23995682059467 415.9999804949447 337.2404887287157 389.4715016576413 376.2305534386287 389.47225159551795 376.2303889978284 416.0003606892539 Oyster-Closed 0
116.70590200001607 287.18356700000385 110.51861311187895 245.91473962865865 187.494196509615 234.3751230275436 193.6820887648937 275.64320960582427 Oyster-Closed 0
279.9337420412012 264.2192368799748 267.632145448184 299.06738222666496 125.39996549607895 248.86253165312968 137.7020772800679 214.0156739449778 Oyster-Closed 0
