0 220.139332 119.410555 220.139332 119.410555 362.334275 0 362.334275 Oyster-Closed 0
212.2058170076889 214.89672445355933 323.88544401164836 298.5861913465846 221.13464920478873 435.673326733619 109.45854287389375 351.9879530025442 Oyster-Closed 0
0 359.29931633521085 102.44999450836985 320.44817040155317 128.25791864876373 391.8749980192921 20.70931612086497 430.72516703170703 Oyster-Closed 0
81.87573799999882 415.99999999998283 81.87825948071622 373.7970042684044 185.3185851759954 373.80171759494107 185.31758292516315 416.00321928644286 Oyster-Closed 0
187.53377140854354 415.9999172686736 187.5351825612961 388.0194078241303 283.1678394747905 388.0231208631344 283.16737495653797 416.0026822361746 Oyster-Closed 0
295.7716317924205 415.9999863911458 295.7754176082926 353.7032962863819 401.32558358791357 353.70824056300034 401.3240211828779 416.0027793769586 Oyster-Closed 0
247.72522333441157 55.9481822393588 259.30319574617533 4.288223739341732 422.03226847923725 40.75843386291285 410.45471496288883 92.41804839919969 Oyster-Closed 0
393.99465800000326 33.93463600000346 414.38585938506003 29.527091357647333 431.17682745613274 107.20883216866687 410.78563510252206 111.61635504668533 Oyster-Closed 0
411.2664458049003 232.49249855046412 358.380796271118 231.26164563513328 360.193007635753 153.43405246983303 413.0772019999931 154.6648879999996 Oyster-Open 0
140.97011889703936 319.0407953944308 45.94574872548037 260.4997400785954 155.8899511851123 82.05751342452496 250.90949183578778 140.5966448266056 Oyster-SemiOpen 0
217.4800577111455 133.63899312216526 255.2547939358301 140.2865266859163 238.70810538377918 234.3083136365706 200.9333939999815 227.6608819999983 Oyster-SemiOpen 0
226.94775695669523 147.48940719339694 219.46942016871617 117.38275033014125 296.6721183441914 98.20625150933897 304.15063014411135 128.3126596602374 Oyster-SemiOpen 0
152.44178681332778 19.736039636366133 157.26922964321056 53.27688927985343 114.68375820382425 59.40602349633939 109.8563722143299 25.865225788390266 Oyster-Closed 0
429.4938861264127 99.83978593144494 407.77891696009465 174.422630610181 312.3047407073318 146.6251377279673 334.02015700001357 72.0431680000016 Oyster-Open 0
