81.61382861456877 280.5985508463205 17.763009417391004 282.6503615702984 12.321289304756647 113.25444829868488 76.1685632029803 111.20269237933047 Oyster-SemiOpen 0
416.00028568251946 346.515742 373.23789967599805 346.515742 373.2385599352674 308.116018 416 308.116018 Oyster-Closed 0
18.412747241829493 398.0473324745871 24.26964826384574 271.5620702171368 231.9286871842487 281.17369254555905 226.07991142741594 407.65114824243466 Oyster-Closed 0
84.24143100769288 399.0207918242857 89.52687532987329 337.21457010063943 179.11983923152366 344.8741677840006 173.8363501755448 406.67856222946307 Oyster-Closed 0
166.10253011862733 18.76400665106072 219.9935390444116 0 365.1479574062978 48.26406048200234 311.2573891274951 123.18012505382285 Oyster-Closed 0
228.34015525898576 40.83872516010989 223.69170886409847 93.2468628041101 87.70718465032405 81.18478751314622 92.3559841220449 28.777013228202726 Oyster-Closed 0
453.6305731928951 141.00452165961715 391.64762872573556 179.64297056431488 295.1373469532009 24.82535849597223 357.11899317588905 0 Oyster-Closed 0
264.45590503700805 76.66694106598118 254.2727216050189 175.75260332679167 24.676728639115026 152.15372218798495 34.8619523463567 53.07073604637569 Oyster-Closed 0
416.002157690531 296.2549119999999 331.805334542707 296.2549119999999 331.80704512754164 183.50879699999996 416 183.50879699999993 Oyster-Closed 0
345.3441699999894 408.69572199998953 344.55318777329376 374.6633339100053 416 373.00257899997814 416.791798849943 407.0341402027863 Oyster-SemiOpen 0
201.7410888723025 409.5394011418543 207.12990908220672 325.1232150700022 325.4987093468262 332.6770426850929 320.11333788819684 417.089977191419 Oyster-Closed 0
