0 234.147092 114.4228 234.147092 114.4228 378.279121 0 378.279121 Oyster-Closed 0
204.3131559707399 206.3075256798826 317.7887551261665 279.7521716894036 221.16399180440567 429.01323354138003 107.6912509564063 355.572230125131 Oyster-Closed 0
100.24990578584766 328.798862712266 127.62864274475214 396.3764484086754 19.214075898093142 440.28475822122175 0 372.70977381735383 Oyster-Closed 0
91.65510100000029 416.0000000000213 91.6572057801095 376.3279885987975 189.04344964430493 376.3320960131786 189.04269094863412 416.0027666938868 Oyster-Closed 0
187.6596869505629 415.9998333904958 187.66179013223882 376.9340848679565 292.9461612007726 376.9387399130023 292.9454959502182 416.0030376781783 Oyster-Closed 0
293.99486099998103 415.9999999999778 293.99962349501584 327.542284324454 394.60637014832173 327.5467364087224 394.6044799240917 416.00169735001043 Oyster-Closed 0
397.78376578315874 16.20801981353686 395.92928285161906 61.72466109642363 237.8139610953549 55.2820981604443 239.66866300000765 9.76574999998573 Oyster-Closed 0
404.57827338921925 85.73670966859724 378.43018383922754 85.43207847926816 379.2455410000184 15.453072000000047 405.3934888515796 15.757702446192958 Oyster-Closed 0
403.19897422398935 204.1739740635161 349.18115095479516 203.54467988191035 350.12337096769625 122.73019591200332 404.1398993235998 123.3594823982911 Oyster-Open 0
136.94899221324158 320.1382625993144 41.25319208900328 269.22270594028214 141.04363763372749 81.68905904601385 236.73417331353994 132.60294394670555 Oyster-SemiOpen 0
204.83176054448631 126.16742999661828 242.53634858386795 130.9537520101947 230.3914548308203 226.62133206643796 192.68687899998258 221.83508100000049 Oyster-SemiOpen 0
216.1688306035394 138.4191800748739 205.64539355579836 109.8813646244909 281.66055629865514 81.85084497896851 292.1840976176609 110.38844687341373 Oyster-SemiOpen 0
133.5533996569793 20.43514456257092 142.02241956145008 52.768680709459204 99.01490854835356 64.03339998686431 90.54595190179316 31.69991908981722 Oyster-Closed 0
413.48562779177155 67.56158165396701 400.12326024994763 145.28197840903124 304.9691950702472 128.92193847505274 318.3320549999953 51.20225299998296 Oyster-Open 0
