416.00167159300327 293.96295399999997 337.1853751092749 293.96295399999997 337.18772220649043 81.72498299999997 415.999712189594 81.72498299999998 Oyster-Closed 0
239.21394893640172 324.2257317446517 157.97196812497714 298.3776698512464 205.25235304117814 149.80054411132514 286.48869110732994 175.64757032855312 Oyster-Closed 0
252.6116624198403 191.19261196046128 418.02863135021107 199.59614043637188 406.6064279585298 424.40303313956684 241.18948100001944 416.00000000000034 Oyster-Closed 0
243.00849473360722 17.61747708530077 357.9029599368587 33.212870136912414 330.5873300045532 234.44844382685727 215.6928932360861 218.8533864928219 Oyster-Closed 0
259.4942279999923 268.05250699999925 191.15528584219646 194.7514037684255 286.4722219173127 105.89301396087723 354.8100622034981 179.192746392638 Oyster-Closed 0
19.1935246502253 96.15224813041587 122.5175339066518 71.53707886153305 199.99348496201128 396.7210086409096 96.67019348248868 421.33431735047014 Oyster-Closed 0
196.2454057266441 172.7896560313261 88.05585288764996 139.71025628007783 131.11242231021606 0 239.2997966523253 31.974897716618912 Oyster-Closed 0
115.50923658676402 137.11004143708942 192.53455790703447 126.89420079771509 211.5021644308763 269.8976454266289 134.47690274018896 280.113224891244 Oyster-Closed 0
0 134.709412 82.877216 134.709412 82.877216 413.067517 0 413.067517 Oyster-SemiOpen 0
141.1348959611496 289.2070689972136 194.23820951818925 283.9076764757983 205.0106816774678 391.83448047723897 151.9073931155399 397.1337005131136 Oyster-Closed 0
196.9662052531712 311.8203292906179 271.60366345463626 338.8525628535701 233.86307219780065 443.0312549850613 159.22611999998117 415.99999999999613 Oyster-Closed 0
