412.01799280574414 0 412.0180579698754 60.887376119069565 343.92055872406854 60.88732595593453 343.9206100000192 1.882331774357146e-11 Oyster-Closed 0
411.95933832889204 53.371422110484495 393.23190601586975 52.17131432179026 396.65212522054935 0 415.37951700001213 1.346368553597025e-12 Oyster-Closed 0
7.393815482919308 0 35.344125000028725 1.30243714205931e-12 30.573574203033786 48.22478854827947 2.623265000001993 45.459859000002076 Oyster-Closed 0
30.896078076690173 57.70953441033696 5.699453366611124 32.56030592471601 60.14452299196637 0 85.34109410577003 3.161932094332393 Oyster-Closed 0
69.16543585934414 96.93474892103153 29.207747591357474 51.24968787974804 108.3941030618189 0 148.3516883770426 27.675809478024995 Oyster-Closed 0
0 258.58272 45.506007 258.58272 45.506007 323.08651 0 323.08651 Oyster-Closed 0
64.93522767897593 313.13334124635657 28.099990267110115 251.69777742984257 111.70825427246746 201.57416830138044 148.54344682751253 263.0084116016909 Oyster-Closed 0
153.2983238258348 351.84654071635714 161.80795271564784 409.03838212638306 63.2959289972714 423.68952448906873 54.78845731299225 366.4996110874261 Oyster-Closed 0
161.46645962866023 411.62094882859026 160.25653774106468 359.5644121679043 255.49063822186872 357.35101057567005 256.7021946650966 409.4058526103828 Oyster-Closed 0
227.8679104409166 293.77402128039796 254.5364508663988 204.65252707196967 337.43517486622295 229.45639999400984 310.7686936067621 318.57615059534396 Oyster-Closed 0
427.00604237864536 306.5275884776405 384.8374121720226 344.8152245516591 300.7001967566248 252.16114605745983 342.8673882038238 213.87467225058384 Oyster-Closed 0
279.3925104881346 412.20731917062085 242.997812959562 372.2401134956406 328.1545093255336 294.7133414296544 364.54808750784287 334.67911691127074 Oyster-Closed 0
381.6842753388919 411.7594499786522 326.9202953186068 406.3432834257126 334.66750317739934 328.0406105750928 389.42869910215086 333.45663857996897 Oyster-Closed 0
114.23146946517954 292.8256981994368 101.84059290593359 377.02485335048635 24.787838805579668 365.6863224294944 37.18028284920729 281.4891123153687 Oyster-Closed 0
0 320.235053 29.35561 320.235053 29.35561 360.692256 0 360.692256 Oyster-Closed 0
0 351.650314 49.817184 351.650314 49.817184 409.527638 0 409.527638 Oyster-Closed 0
102.96150782956829 179.4888800564951 118.4302674684368 202.74903573892124 14.434625011665048 271.90241745310936 0 248.64283830253635 Oyster-Closed 0
285.3578854939078 195.36496570802083 283.3777703367159 114.63567636580562 406.99247238456155 111.60364360163481 408.97389867702805 192.33151739543004 Oyster-Closed 0
326.7750822030175 201.25443026933743 252.48788902711385 211.54659553236274 238.62126734185222 111.45732071713563 312.90636407600323 101.16530556015091 Oyster-Closed 0
302.35482225382293 116.89447084446695 297.7915204478013 56.07441548798851 410.59487231415915 47.61077602808361 415.1586336535802 108.43029343906379 Oyster-Closed 0
210.12430274312646 0 210.1243357862586 47.331652059724306 141.04292643159715 47.3316215117018 141.04295653447844 0.0000013494521743146769 Oyster-Closed 0
115.76876583908233 121.6552312877282 80.35012989109237 100.81865786505973 121.84029739246034 30.293625751358988 157.25862751718887 51.13008312909642 Oyster-SemiOpen 0
147.97669165670231 148.0694451783396 101.32354109232983 112.22822676136792 180.57283916121742 9.074271093266438 227.22543376842077 44.91516750621318 Oyster-Closed 0
151.22194374932224 145.32147106607854 107.35675281014119 180.0012051299369 47.14231653356546 103.83972854936324 91.00696502659048 69.1603266577958 Oyster-Closed 0
213.31951832778213 47.255231310585174 266.2750272850535 80.78893551742577 187.94306856146795 204.48498179974774 134.98796869108264 170.95181126194922 Oyster-Closed 0
237.93452544381944 141.88708339967934 217.00232118972417 87.13452156103955 308.8364281041795 52.026279117565906 329.7688196172094 106.77838146894571 Oyster-Closed 0
216.56060078389055 193.80823334260904 192.95966442249846 255.83298971315654 104.93163662635561 222.33894145773505 128.53302821141187 160.31521985450496 Oyster-Closed 0
283.6747874476823 50.43455310979215 254.4776442315415 78.31043615752552 196.4388118802126 17.520725854565494 225.63587697227558 0 Oyster-SemiOpen 0
