418.24196076410226 14.605143256826482 416 78.81108300001722 334.77377204788354 75.97457551532035 337.0159410000015 11.768856000003023 Oyster-Closed 0
416.00005844690895 72.06775900000001 391.27018917012174 72.06775899999998 391.2702386526471 13.882505999999987 415.999999345313 13.882505999999996 Oyster-Closed 0
0 0 29.128533591228916 0 29.74237501733296 52.4144968339971 0.613841413949558 52.75343700681957 Oyster-Closed 0
35.26808061812699 0 77.31439537222104 2.897598308529654 59.251686679690465 68.8673999420715 17.205378235288663 57.35504358370164 Oyster-Closed 0
72.63206211919533 106.19682912895131 28.09817044285228 58.9705843102447 99.739114262371 0 144.27286978429038 38.64031393380172 Oyster-Closed 0
3.0947510025580414 265.9621933119261 70.79817062010261 265.17452500297753 71.61905504841707 335.72245754109406 3.9156351245037513 336.51011117305984 Oyster-Closed 0
91.4672908064822 323.178674361211 51.49760026114018 258.45478675021855 129.02235804182055 210.5861435549673 168.99194251202061 275.30867736369595 Oyster-Closed 0
192.26112847783224 415.88312838757975 93.42966489023456 420.47898617939416 90.98862474516136 367.95801506019615 189.81654911398073 363.36223905064924 Oyster-Closed 0
195.10632534973774 415.99961036626206 195.10817391566889 371.1956444753193 289.4196587686056 371.19900561466454 289.41927498830773 416.00148651891607 Oyster-Closed 0
335.0067235416136 331.4935295731314 247.46998695928778 306.92823456372065 271.9414752378834 219.74467882819596 359.4746593742748 244.30945201252868 Oyster-Closed 0
452.433646079724 322.13281813379416 414.6837732934873 359.76424257789506 322.23855977852145 267.0410410640073 359.9871670862776 229.41088142318597 Oyster-Closed 0
318.3115563050087 426.8337774276224 277.6885378640145 385.6834959802609 354.4615165427567 309.91374749402826 395.08314351899753 351.0625908108423 Oyster-Closed 0
364.93399607092215 415.9999676576763 364.93553260520275 348.52500198939924 416.0003798642829 348.52632979807544 415.9999999992906 416.00013621300525 Oyster-Closed 0
142.87556808330555 303.7616998830341 129.0671508696687 386.0504477529538 54.073568875857745 373.46732678869597 67.88346528779584 291.18049254311336 Oyster-Closed 0
47.82127627084628 323.5038049023264 65.41363071147134 358.8997119232019 22.373751524115505 380.28596893315535 4.782014099600929 344.89058838957055 Oyster-Closed 0
4.2546366733295145 415.9997790316444 4.256628895887843 357.6610719399114 86.29127246155258 357.66350010727643 86.29091720670112 416.0005742873646 Oyster-Closed 0
116.25911037394326 189.18901658535606 133.2031992336524 213.63772227428828 36.636565566877834 280.5555438468572 19.69314411488449 256.10743100043123 Oyster-Closed 0
296.0909453692839 209.6640371552627 295.86385373936355 128.75059289872559 415.9589580255233 128.4134176977686 416.18749045743607 209.32535631377002 Oyster-Closed 0
341.3619348783577 211.76889825235466 270.3419205755745 229.3920061985985 244.97896840763133 127.18257382110106 315.99677957846507 109.55975768697796 Oyster-Closed 0
305.8756968011621 131.4780008783994 302.665757418843 70.0008342483452 415.2325155887156 64.1231738741691 418.4430243494062 125.59973194753255 Oyster-Closed 0
203.7567979408086 7.115283490964061 201.91707214224516 59.80003165665278 133.4130413858402 57.40779388368197 135.2528624555307 4.7231381035800855 Oyster-Closed 0
123.03163611267155 130.38524045388266 83.91104451417777 111.44599766680167 117.14947260218469 42.79080880335695 156.26967968661847 61.72994082990558 Oyster-SemiOpen 0
157.82742483622496 158.5611755074102 105.71231690592685 123.67955352586759 173.6674969894666 22.15312991545855 225.7818745994773 57.03441783449124 Oyster-Closed 0
160.24069026706638 155.99721268280712 121.00424799808752 190.6968039774147 52.163694951770594 112.85761505618942 91.39963998975873 78.15840770541412 Oyster-Closed 0
211.42886331172122 60.238445563613325 270.14473201572764 91.37178116499405 204.99519320034233 214.2363258742985 146.27966865948474 183.10350492526166 Oyster-Closed 0
246.46938868725556 155.0590980598538 224.93409928143956 97.64346294429889 310.68555384806314 65.48064591600337 332.22105616242334 122.89576507824034 Oyster-Closed 0
233.0283306099809 207.07019129643913 210.07364513500215 266.27778798854865 119.24025961862208 231.06351170249695 142.19540142318147 171.8569952207332 Oyster-Closed 0
282.65630731626516 64.29507448589864 256.49481586968614 91.54391561185524 191.545799894604 29.186776546131448 217.70720002291273 1.9380345016462188 Oyster-SemiOpen 0
