420.36484202032443 24.42068813514794 415.5894360000093 87.52058399999835 339.39389186473636 81.75388565892486 344.1695109999855 18.654228999990803 Oyster-Closed 0
415.63321141758934 80.00462928168467 396.79691665635255 79.89504318794025 397.12687284592903 23.187623958266645 415.96307671160685 23.297209799467947 Oyster-Closed 0
7.13679110715384 0.2893898451347691 35.52935699999216 1.4477100000003396 33.6720717564167 46.973163988555235 5.279506000020774 45.8148450000009 Oyster-Closed 0
42.53624781851249 0 83.33710900363076 3.553892596955772 62.35965206267065 64.77058718981756 21.5587982960933 50.78917567371076 Oyster-Closed 0
74.48820381399128 102.13404239347855 32.49400500543925 53.11366543466714 107.76184378141625 0 149.75594552503753 37.654593277149125 Oyster-Closed 0
0 259.068121 62.815459 259.068121 62.815459 328.202763 0 328.202763 Oyster-Closed 0
82.11987433911418 319.23780945059406 45.32801069648849 253.14080419991495 125.45695813747443 208.54374078654587 162.24890541682907 274.6393702311804 Oyster-Closed 0
178.3119610005815 415.9909013354885 79.2155889699352 416.3173862382183 79.04408000125841 363.70742960430056 178.13689117000467 363.3809505488204 Oyster-Closed 0
182.5748770837199 415.99968023696664 182.57657496418324 372.01210904433674 272.2433314003647 372.01519495538815 272.2430009906566 416.0013747929541 Oyster-Closed 0
325.327042378045 337.7616203665874 239.32351601159462 308.6939437747119 268.27836453249984 223.04214765448035 354.27843468250285 252.10919625542502 Oyster-Closed 0
445.16441380584 334.82642068430374 405.5117113339875 370.9403447177299 316.09629931546806 272.7779488188166 355.74744618983823 236.66528919410771 Oyster-Closed 0
303.6615169635588 431.96191091592385 265.27289132226724 389.1493947765618 346.12306568761414 316.672568697977 384.51054717003717 359.48355660341247 Oyster-Closed 0
352.6048189054527 415.9999625277532 352.6063447925917 357.32265164513814 409.1547254632969 357.32424386169225 409.15432816096654 416.00041653005803 Oyster-Closed 0
134.25856811930134 301.93714563740275 117.1117375005997 383.6629181690802 42.38542108784168 367.9863911943535 59.5335896445431 286.2625063946266 Oyster-Closed 0
38.24186098318387 317.8636944378813 54.16753251617047 353.81369562598945 10.013507642514014 373.36897258560725 0 337.41949916159587 Oyster-Closed 0
75.70136111791726 356.8446008606479 71.53742447034892 414.40106703750115 0 408.9245580998781 0 351.36962300002205 Oyster-Closed 0
113.88909788406454 186.63126290872214 129.6034301366126 211.6890399309832 29.4366089004252 274.4992333384267 13.722965111894155 249.44205716309278 Oyster-Closed 0
293.1747738182494 214.30738351336436 296.36613961191324 133.50952225702224 418.01363828908507 138.3140040815311 414.8238586950174 219.1102790215689 Oyster-Closed 0
338.11255387536585 218.66431436882002 265.97168203931506 232.69957549700322 245.95699391630842 129.82520003580186 318.09553985564344 115.79017619524095 Oyster-Closed 0
307.02137072016194 136.78995489309688 306.33002559736633 75.34369459546711 415.4524154849423 74.115795431486 416.144381963426 135.56139976524267 Oyster-Closed 0
210.73067293761778 8.586552063216091 208.64877209093538 59.68177630615469 139.92369492364014 56.88142738133965 142.0056892019602 5.786292214447714 Oyster-Closed 0
123.65810008089466 128.42495908762655 85.68978320379028 107.57278116931477 122.63293169943063 40.306907323287255 160.60089896495992 61.15896541835143 Oyster-SemiOpen 0
157.0608444351201 157.83941645516725 106.98849629290271 120.55786578631195 180.3283663844304 22.058298612316086 230.40006029572032 59.33949117413832 Oyster-Closed 0
159.64728157860736 155.29189833621018 118.60440941931301 188.36668042881246 53.76386989028833 107.90734323201487 94.80618412679178 74.83291555802296 Oyster-Closed 0
215.98073608932464 61.77288368823281 272.819061742186 95.7370154839814 201.23079553543357 215.53437957097972 144.39288709981702 181.57081656879944 Oyster-Closed 0
246.06422393895264 157.8803462454045 227.11481685459876 99.86034522289475 314.807308468422 71.22039667029752 333.7569920101814 129.23985331964963 Oyster-Closed 0
229.6768050127539 209.14922835473143 204.22125146447797 267.543589882298 115.0347108986316 228.66698283951735 140.49060820943123 170.2736841256178 Oyster-Closed 0
286.9810753980164 68.8072178721709 259.45668524851135 95.01573873969878 197.6965597538947 30.1549440215852 225.22083521701643 3.9465237066654373 Oyster-SemiOpen 0
