137.22593789590974 400.9685617349 4.717077000004792 405.3846299999992 0 249.47198754401737 132.02396423791652 245.05609770976326 Oyster-Closed 0
400.18769451372646 203.5353107621722 322.37550616611406 231.50191715491334 276.6273007546806 104.21817555221035 354.43693682527373 76.25206950826211 Oyster-Closed 0
89.2950398424764 287.94327094405526 10.570038942983956 296.9544185583836 0 108.87644902902755 67.76260379413725 99.86553562248618 Oyster-Closed 0
218.71309178533193 370.5243195809216 89.44779160134931 361.52231935839296 106.49487655600751 116.86101812544278 235.74793127693192 125.8626201337384 Oyster-Closed 0
134.87996901878432 400.82117263776576 132.7350189287863 339.5930057582492 208.68329244780398 336.93273141685125 210.8296901180256 398.15940323530356 Oyster-Closed 0
258.81806200001665 393.7798509999959 249.12019066917856 282.8629574296095 411.35026096717047 268.6796603788685 421.05284389213193 379.5913722211584 Oyster-SemiOpen 0
310.3235000835484 295.6880555325563 326.6190906643533 198.26334335587305 427.3970445546438 215.11795483632488 411.10394523958894 312.5404851263701 Oyster-SemiOpen 0
242.62821479772538 111.74365963731273 355.90561581459406 128.11699550708548 316.6011680969459 400.01566041479856 203.3239457954005 383.64330142839657 Oyster-Closed 0
288.0649430668054 128.0477536879511 229.64946834869988 180.90696758624514 164.15081349427055 108.5246063979226 222.5656567930091 55.66589581488462 Oyster-Closed 0
20.060663428754197 36.60927807955283 157.65969996159765 0 224.52610988772722 213.9509949281493 86.92761402440374 255.9052466674719 Oyster-Closed 0
