0 109.455688 84.201486 109.455688 84.201486 265.251068 0 265.251068 Oyster-SemiOpen 0
385.8500716877934 311.28832693693755 310.15216247081844 296.63931679376265 331.2052126334456 187.87014932345613 406.8995655265426 202.5188079237609 Oyster-Closed 0
0 393.7244750392649 8.201320639775076 237.21761916982703 201.064594556643 267.91014213515734 176.16232601707816 424.40842016359574 Oyster-Closed 0
165.28712833951795 415.9999971135478 165.292958977745 337.62795752955077 316.6340404014991 337.6374068743911 316.6321377167442 416.00551649895203 Oyster-Closed 0
40.94629281076777 404.1516788123272 49.454074080193095 331.7432360488667 149.44121791687576 343.48815558569936 140.93605759987622 415.894223926392 Oyster-Closed 0
358.15094917851457 30.559536494957076 343.08525758603355 122.92261120058876 196.75023019281434 99.05257317689396 211.81651761901958 6.690315091835698 Oyster-Closed 0
112.30738035546528 69.1210794353199 123.48633574284759 18.08510501187836 250.9566089348191 46.006097969254256 239.7780539854357 97.04169934811702 Oyster-Closed 0
404.47667821956566 179.32583307597957 348.5075219354403 175.41214787462653 357.9986216237303 39.69362427321308 413.9664554045885 43.607266341192386 Oyster-Closed 0
29.616721855032665 143.20539669804222 45.375214258616325 42.40292485435668 277.34071510118883 78.66353303378587 261.58473781712746 179.4640130628775 Oyster-Closed 0
333.87120941170724 140.35675346998082 347.5313437488694 213.16677218298867 160.71502701308054 248.20897239940243 147.0575322651457 175.4011859816295 Oyster-Closed 0
204.16227875151162 7.129373125706542 203.36069303905242 30.08497842546092 32.41370398199069 24.115442676731373 33.21534199998496 1.159905000010751 Oyster-Closed 0
368.2176222464768 400.42655474152315 372.4726342807335 413.81029431532426 323.97773460808094 429.2227773443799 319.72301358209006 415.8392848604158 Oyster-SemiOpen 0
