0 294.4370382170421 56.83641432555669 198.50119379272152 225.21945477482222 342.8569614202248 142.96636741907787 438.787043096629 Oyster-Closed 0
141.88255301862955 160.8731042351442 30.333517990246037 137.01065431066166 59.67523600046843 0 171.22204662484728 23.717883649838985 Oyster-Closed 0
236.2473310000023 0 236.2474546123667 55.718387525071066 49.69186700606224 55.71832538036068 49.69196499998361 0 Oyster-Closed 0
416.00086095387815 383.428016 369.7212761729461 383.428016 369.7223922884332 313.230437 416 313.230437 Oyster-SemiOpen 0
213.4117122666721 192.55598315128466 160.4875459331015 276.52224966625437 0 172.2008532888637 47.896471040850884 88.23716458890067 Oyster-Closed 0
376.9383922559755 151.6909661871139 393.64573794672106 267.5973027292092 200.41222453744558 295.44329330100356 183.70985322362685 179.54160465439662 Oyster-Closed 0
212.3920437665438 403.32003142207657 209.16421413952048 352.89936228273257 371.9725531610784 342.47622294173027 375.20289097464774 392.8941872680169 Oyster-Closed 0
354.5723759044049 307.71312093292926 342.40861661731105 392.1378210217841 201.87980009096282 371.89013800612827 214.046495504801 287.4689782246863 Oyster-Closed 0
416.0016123595997 314.240144 352.6802285749254 314.240144 352.681741189459 212.32937799999993 416 212.32937799999993 Oyster-Closed 0
360.12654522056255 161.35071515050524 403.1508626267023 145.72273042501396 428.11754549049147 214.45308730970478 385.0933301568839 230.08088227139498 Oyster-Closed 0
17.42807612516117 0 59.92805443422185 0.6280969015692056 52.382104790394806 144.98037762284184 9.882128293204005 142.75874858159972 Oyster-Closed 0
308.7484593667723 0 308.74849457647724 44.343234985335584 212.46562938322677 44.34318376998622 212.4656793300819 0.00002706128193746673 Oyster-SemiOpen 0
415.15239954672506 0.8550003311124587 431.3660924188989 58.32561274167889 302.81664919522154 94.59159133002075 286.6033268135725 37.12129571821649 Oyster-SemiOpen 0
262.2722143629653 195.08477154882107 215.41096851517432 166.66787419143387 280.60449651355157 59.16404999508499 327.4648185590704 87.58059244618845 Oyster-Closed 0
266.44996827144496 178.5486476393751 146.37715544632374 178.04856840549982 146.94758697749785 41.433807736471415 267.01756615603153 41.93388154444311 Oyster-Closed 0
107.58398198312352 147.18068566274872 181.488266468059 167.51415502952145 165.90869816353006 224.13646072265016 92.00449169120111 203.80318571907804 Oyster-SemiOpen 0
