8.487158344702038 414.9208407085288 1.1123131695421762 274.03738362558937 143.2809163547172 266.5957766093584 150.66137707813687 407.47350352209264 Oyster-Closed 0
393.4397448881318 186.7119001291174 319.1095160045843 224.49878454650445 258.52648345563284 105.32935427951223 332.8546250088002 67.54310544355457 Oyster-Closed 0
91.89753168952302 308.090983050673 14.05410008866238 326.6687095625129 0 144.86430162186656 48.50135245807542 126.28719571371494 Oyster-Closed 0
231.2574866760806 373.922554527977 100.59662771076182 380.02528916057895 89.28519604810572 137.72819996965939 219.93311154417825 131.62574768875498 Oyster-Closed 0
147.32473269847833 407.6446342486679 144.2385758678356 348.73722049161296 221.53821812203387 344.68823320777614 224.62579699003254 403.59413929380577 Oyster-Closed 0
403.7950680750437 397.8338750713407 273.55352700001094 394.0449119999997 277.3685502410517 263.06450724138466 407.6004643021006 266.8533331139985 Oyster-SemiOpen 0
314.4248271907527 288.739959653645 318.4055566250572 191.13783983031516 410.6950336251066 194.90167518817225 406.7162958731715 292.50186098698805 Oyster-SemiOpen 0
329.8127352308402 392.94431723418586 214.7024983052288 387.7134737686004 227.08092758093335 115.47143461420329 342.1785202401952 120.70201126643532 Oyster-Closed 0
271.3972881026166 125.98749255633862 220.27547251977012 186.0923136064396 146.65614435291354 123.47689212663019 197.77758279876434 63.37267533426503 Oyster-Closed 0
0 71.03687049728897 126.27959151694813 11.821392004426762 218.37834626881522 217.91979981142703 85.86524003040176 277.13368846246715 Oyster-Closed 0
