0 344.2046467192628 28.594184523772128 238.8569939958219 214.99583017250916 353.4320461518109 150.23697938469923 458.7728664179755 Oyster-Closed 0
114.9282199397494 190.8746644717631 1.3838428337621735 175.29229370557852 20.385093769618834 36.851945535155004 133.92624836204413 52.434087984501794 Oyster-Closed 0
197.06988444623858 10.330569953653473 200.7487328554198 80.73319487778207 10.226618250333559 90.68771307076898 6.548353826899984 20.285533896702248 Oyster-Closed 0
386.578918741674 382.23123490695673 351.8886821712222 379.40008427494564 356.7617627391446 319.7115524871788 391.45072600003186 322.54265100000123 Oyster-SemiOpen 0
188.84636574206525 216.85387754808346 142.7586207248387 304.6528276110878 0 216.82002034762965 21.51492590892667 129.02423004008529 Oyster-Closed 0
349.90988446850315 163.90661729315116 375.10716996309566 277.95531510765716 183.4776758763801 320.282879806669 158.28591207191494 206.23910466995605 Oyster-Closed 0
205.11303799998495 415.99999999999534 205.11769894886675 362.91609082780224 368.1305565662333 362.92715097160567 368.1288557501066 416.0081167843118 Oyster-Closed 0
339.14068043805673 320.75450327054176 333.4778232234239 405.6250107743361 191.05176902929452 396.1188699334305 196.71814336816533 311.252135827059 Oyster-Closed 0
391.4142682544625 323.0026098270241 331.41128985069736 318.1051843663976 340.24460632624323 209.9174416638906 400.2444281695316 214.81473443248262 Oyster-Closed 0
333.70723773759164 174.917670549109 377.07541204305016 155.19544572376577 407.26902479739874 221.5856815067658 363.9010075133956 241.3076545825107 Oyster-Closed 0
0 32.013394 21.256792 32.013394 21.256792 178.554067 0 178.554067 Oyster-Closed 0
272.74885803669895 14.294059313250116 269.88292209103383 68.98121458515377 174.68307870998615 63.991952293620436 177.5491865516451 9.305014299048274 Oyster-SemiOpen 0
267.0928852509278 105.07259161620638 251.43477941683523 48.27608457041698 391.57019327980015 9.642294518179849 407.22856919137485 66.43838760414779 Oyster-SemiOpen 0
238.00935909450345 216.04650580367493 189.0656091728306 191.01525849295072 246.3628153222271 78.98796965811282 295.30533818542244 104.0188487877071 Oyster-Closed 0
241.08903791244666 198.94587532545273 120.73621907683628 207.59935968984496 110.97137140811174 71.76982013141779 231.32064176350832 63.11645566582885 Oyster-Closed 0
141.438091178803 253.8607982419153 66.10072018016581 232.88871356673332 81.56076895453589 177.35972736625723 156.89660228024877 198.3315869235634 Oyster-SemiOpen 0
