0 415.9999999728742 0.009163125589111587 273.9226458645 139.54501479163082 273.9318651282457 139.54081910408058 416.00350163068555 Oyster-Closed 0
388.7793832399839 218.39130977570528 314.4511336147443 251.81270784914466 258.2333986192243 126.79042504714863 332.55899913832036 93.36971415291825 Oyster-Closed 0
0 132.993547 77.285596 132.993547 77.285596 324.590515 0 324.590515 Oyster-Closed 0
221.29439333983464 387.94980599171924 90.87236288818531 389.44956039881424 88.09655751249011 147.45130877360464 218.50499434787343 145.95162762581674 Oyster-Closed 0
136.04898708254768 415.99992532047503 136.05106264908682 361.12340033126947 213.32038275708692 361.1260472880773 213.31975330736168 416.0011245665904 Oyster-Closed 0
396.7910032711334 422.22814943300006 263.04124999999476 415.99999999999983 268.88123538320724 290.69859605283057 402.62051428423365 296.9265020240888 Oyster-SemiOpen 0
307.0044820865478 315.13210316888456 320.02809016070387 218.4498031859642 413.0889911147897 230.98433314776727 400.0678040023231 327.6644268208829 Oyster-SemiOpen 0
224.15314784779184 136.53398577674412 339.55809028847216 143.9043729909285 322.33372278352545 413.5734525951404 206.92880737579617 406.2035330921864 Oyster-Closed 0
270.59938314287865 148.58244258167124 216.93610553412873 203.4826807092785 145.52066488533455 133.67801163851317 199.18333579831597 78.77842024266221 Oyster-Closed 0
0 70.8477386977119 128.83856413330432 18.83003306667447 212.11919191947163 230.53844018438218 79.88310732714308 282.55468437716263 Oyster-Closed 0
