224.07833532184304 313.2221711746141 135.597776850238 471.35935070062936 0 387.7750556505889 74.67316644748644 229.64631503859277 Oyster-Closed 0
344.4976828410836 196.3655297172237 385.17676971310357 382.15748020724396 192.75972356004058 424.2691863856345 152.09225659097865 238.48748321308307 Oyster-Closed 0
389.1243792627138 404.37561909722615 276.5272261795726 391.31243067466005 302.22143262005557 169.92630213667968 414.8081294767544 182.9889575308947 Oyster-Closed 0
171.86623500001224 246.504304000009 158.9029254735069 180.60616452668035 349.8964918627207 143.03413434800723 362.86147306863495 208.93021249152085 Oyster-Closed 0
177.8624166667796 405.3585120009799 176.76386136063593 386.4932579962065 246.36921325222647 382.4408442437978 247.46819581990349 401.3056300109677 Oyster-Closed 0
0 170.293094 29.288263999999998 170.293094 29.288263999999998 263.401058 0 263.401058 Oyster-Closed 0
279.9825968914338 0 279.98336328633377 128.2083933656861 13.980807654621458 128.20719687515273 13.98208886814973 0.00008217604054075449 Oyster-Closed 0
214.55143044074066 0.921046177458908 260.4086736649988 0 303.8821813618488 57.0531741169286 258.02498373399067 81.72488303195061 Oyster-Closed 0
415.7180669999907 0 415.71810681511124 36.657380887811804 274.6704433676896 36.65733545304744 274.6704860000027 1.7533801604905592e-11 Oyster-Closed 0
414.0251247052802 145.6036143867292 261.77378368769496 143.83202590606913 263.15010567092395 25.665065806847092 415.3987688554953 27.43663883927374 Oyster-Open 0
0 129.072993 154.27129 129.072993 154.27129 346.64431 0 346.64431 Oyster-Closed 0
