0 318.7604032665562 39.516932819802605 222.58573426521457 213.27159289562042 362.36715808593124 135.8940335548723 458.5356144624873 Oyster-Closed 0
124.131289508583 183.22666072423388 11.368682653494034 161.6615479258518 37.82793736351596 23.319277235235536 150.58766078184635 44.8841018685043 Oyster-Closed 0
215.24643495235796 9.866567380566279 213.1937854504431 80.42183781218193 23.548379201060015 74.90368135159831 25.60146735600574 4.348820209408397 Oyster-Closed 0
398.0053061371327 405.7501922920343 353.25122260994976 403.66621509842577 356.43877789800536 335.2489721643833 401.190896000011 337.33290399999964 Oyster-SemiOpen 0
196.6623934144991 215.72123863646763 144.70981094989475 298.72673290571834 0 196.31211816297753 33.025482261644356 113.30953416722012 Oyster-Closed 0
360.5332000836461 175.4893576683333 376.6560691581253 291.85568832799373 182.63426638326928 318.72922132177746 166.51691700000083 202.3680539999812 Oyster-Closed 0
201.89192000001276 416.0000000000124 201.8958916510419 370.4518305509182 361.62179058402035 370.46234988466495 361.62033468516165 416.00802289258314 Oyster-Closed 0
340.90186405444183 331.52789162104034 328.38168895744093 415.46894265988703 188.55111563772516 394.61251088365805 201.07437127262165 310.67520681875146 Oyster-Closed 0
401.15180921861975 338.2101182520179 335.59453998362005 335.15714262179716 340.60803196862616 227.5570166380147 406.16160000001037 230.60990300000034 Oyster-Closed 0
342.70233072316114 185.6896614710428 386.58141563050594 168.73915019202548 413.0724150403403 237.3105483365522 369.19345715112286 254.26082713762733 Oyster-Closed 0
0 8.635796 37.608222 8.635796 37.608222 163.867784 0 163.867784 Oyster-Closed 0
295.3265046210254 36.275955070200055 268.0403497712068 90.77446920607562 189.8882866777276 51.64546541681844 217.17446910815852 0 Oyster-SemiOpen 0
406.99330374032434 21.549729934894003 423.0773748900974 79.47918552155728 283.0538263677299 118.35553072914163 266.9703709088499 60.426615920911374 Oyster-SemiOpen 0
245.68007947525984 217.84966527407974 197.77452365796853 189.76628718228307 260.30477696445087 83.10601430801833 308.20919498709554 111.1889754631791 Oyster-Closed 0
246.6358549261895 65.0114214263772 248.840748986564 199.56945622341755 128.86261090201515 201.53354098054706 126.65958127121121 66.97723877634627 Oyster-Closed 0
89.21614861180205 170.46896477709373 164.117804704616 189.39859102445558 149.78431039732095 246.1097937781849 74.8827292916867 227.18036978489366 Oyster-SemiOpen 0
