4.393268846393767 127.70663311121385 90.10233710879402 129.41908028213584 86.52415483063305 308.49726405076984 0.8150900000073307 306.78487399999995 Oyster-SemiOpen 0
414.4182581803034 269.79814450790354 336.9986194623816 269.3477619848102 337.64491384256326 158.4744308634771 415.06132199999047 158.92480400000005 Oyster-Closed 0
22.43090341412244 415.8545227482964 21.52600642222751 258.34422152612416 225.03928532336795 257.1723739319732 225.95349009225538 414.67373699239624 Oyster-Closed 0
212.73673772132315 411.368076080061 215.15106069773174 317.7248370594118 362.6536430413398 321.52567975475586 360.24386632407186 415.1644833771295 Oyster-Closed 0
90.17787278605829 416.73689490857936 86.82167137794386 344.28575733278325 187.83913678264435 339.60675351875307 191.19765028172696 412.05547782175415 Oyster-Closed 0
336.03845720154277 0 336.0386742810624 92.11079249558617 186.30928113486152 92.1104466439033 186.3096369999912 8.186747750087093e-12 Oyster-Closed 0
99.06474478404198 76.60051778306767 101.73120542662582 24.804880754010615 233.28434596931038 31.577147034278678 230.61822830838355 83.37240685065493 Oyster-Closed 0
408.83045419023983 137.58344382050504 339.8761655166163 133.426506903313 347.7867555926023 2.216489564061652 416.7400957964928 6.373401127309755 Oyster-Closed 0
30.674373948426364 162.66811213077742 29.815432590359706 61.2599184345983 264.9765118276591 59.265572536726566 265.8377809367812 160.6718778667682 Oyster-Closed 0
331.96819679164764 110.43676553672445 357.3109415272156 180.2029716101506 180.05165130227397 244.58541185128382 154.71126223458486 174.82116805759046 Oyster-Closed 0
9.491346884784434 40.91595484585727 7.035725715653825 3.139059082657841 178.71426659910867 0 181.16997565809288 29.75599312949386 Oyster-Closed 0
326.69647999999506 414.08525499998433 326.39053034210156 361.0851843551653 413.88622964782553 360.57985444269605 414.19375769773615 413.5783257571013 Oyster-SemiOpen 0
