6.935894837399246 157.23078822601784 91.34932315424885 140.5238192283766 126.14688503483558 316.3280259931841 41.733626519908285 333.0343888919987 Oyster-SemiOpen 0
350.601579 102.282183 416 102.282183 416 209.374852 350.601579 209.374852 Oyster-Closed 0
69.96541810375493 412.90154635683837 58.946124172198324 267.3639148395032 258.9163688240478 252.2229388406904 269.94342203877386 397.75250973291736 Oyster-Closed 0
272.0793965247394 391.20080703997814 254.95091001688706 298.9646664353029 400.38245665305294 271.96155185703435 417.51395998928274 364.19371607445544 Oyster-Closed 0
143.07650453702445 407.36227542226766 137.7951730932582 337.64307041773213 239.80902762198457 329.91650751563384 245.09248282298722 399.6334101784404 Oyster-Closed 0
320.91239063612375 0 320.91251097845816 62.11521576180104 163.82947494787004 62.115058896881514 163.82963599998038 1.820310958068607e-11 Oyster-Closed 0
88.73663184557881 87.33667415569755 80.56704018253367 36.04983111987677 211.34163840301335 15.218407939946559 219.51145828547305 66.50487233650563 Oyster-Closed 0
406.0852700967662 82.39040786515197 337.6263643974489 93.09313075317147 323.0724940000364 0 391.53092650412145 0 Oyster-Closed 0
39.888951416807686 185.85511892690988 17.944768532233866 86.67028637448867 248.27107817740762 35.70984321182228 270.21706767450087 134.89297580670166 Oyster-Closed 0
324.92437343029815 71.78390030839483 364.3635261119889 135.00350418811038 204.2622705095855 234.87490150506338 164.8248795935724 171.65686062584098 Oyster-Closed 0
5.638772251651972 67.60685508005032 0 31.088459044022574 149.07127778376525 0 159.33884616577052 24.3922753255514 Oyster-Closed 0
415.9998200932532 337.30702742218034 428.6371657395357 353.15240535649883 393.5012962349101 381.16797643818944 380.8641907015626 365.3228214002988 Oyster-SemiOpen 0
