45.37550700000793 416.00000000001535 45.3907959311 282.92853584299513 242.46996510819372 282.94710599241563 242.46287446663337 416.0108262939548 Oyster-Closed 0
186.67090315865426 415.998471945544 186.68474083404362 244.49595418720475 403.1409147901104 244.51144251077596 403.1379061878142 416.0032950408509 Oyster-Closed 0
306.21384668899555 416.0023365528902 306.2202359643379 195.085649222574 416.000194100161 195.08881424170525 416 415.99999999998533 Oyster-Closed 0
189.71420200002467 279.2271000000075 169.86402542384894 212.10639487375093 344.27154373018493 160.5294177187842 364.12312562500665 227.6478716094766 Oyster-Closed 0
2.1559867948380997 217.62116882860883 35.87559577070351 213.13733397986203 48.837975957456365 310.6071165364865 15.11838842281577 315.09084978218795 Oyster-Closed 0
261.16126921510295 14.753003526860997 266.20698695910687 157.45717851435725 3.397607702703681 166.74546771994372 0 24.04517980930227 Oyster-Closed 0
165.46001938065092 25.134502183780874 202.6979187790057 0 271.0937211982382 77.99251225741907 233.85597544366829 108.53180413499325 Oyster-Closed 0
394.8981435470596 34.548227855249294 391.44226510344015 74.05226515022909 219.3534385522653 58.997006568456705 222.8095489999796 19.49330999997928 Oyster-Closed 0
393.27786814799765 36.59686131763667 408.2606205407028 156.58875030664436 246.38054822047343 176.79929967273128 231.3998209619349 56.809286027300615 Oyster-Open 0
192.77378354908797 343.08333696197013 46.46707510116903 395.9293358413008 0 187.6504185419526 117.52424256689847 134.80726037643893 Oyster-Closed 0
