228.95921942628775 333.5385828327724 139.75903104953977 487.24717855912746 0 399.3094414316443 77.40296521239361 245.60973654522422 Oyster-Closed 0
161.63368040633577 415.9989715114754 161.64557366796726 237.34633670508012 369.6860215459128 237.35941581061633 369.6849242326134 416.00122024030827 Oyster-Closed 0
396.2473190547789 420.65722137437143 282.2326080173916 412.0162460320911 298.57934190275046 196.44517869430985 412.5826955947705 205.0857711524621 Oyster-Closed 0
171.4333389999847 263.51955599999826 160.50140911716517 196.3581680955193 348.01122243088685 165.8366397926718 358.9450962959563 232.99573607304447 Oyster-Closed 0
186.10037599999487 416.0000000000034 186.100748161738 403.31110001251574 241.00366569472317 403.3123545705883 241.00354499054447 416.00100186101196 Oyster-Closed 0
0 183.594739 27.520872 183.594739 27.520872 274.364281 0 274.364281 Oyster-Closed 0
278.74356187166995 8.10840206233476 274.6634442683353 148.36975314786264 3.3645703220536234 140.4744702313181 7.44717031311302 0.21673713183853163 Oyster-Closed 0
200.0762986693553 12.036171757338531 243.95770893327426 0 294.9492577793462 76.69796316854755 251.06793271190327 101.66326772835485 Oyster-Closed 0
418.0262328018689 22.904765095606052 414.28201378226004 68.79061709283704 253.05707932015866 55.63430135841771 256.8015288447932 9.748610127458843 Oyster-Closed 0
412.3217963595016 170.2061122964035 253.83081848371148 166.51725647136513 256.5894913000848 48.07712709345349 415.076773725541 51.76593918703772 Oyster-Open 0
0 141.111674 154.585335 141.111674 154.585335 358.17297 0 358.17297 Oyster-Closed 0
