341.0506380874067 23.848330681464432 337.01704522258296 81.5338544750828 249.84185943894408 75.43799851967147 253.87565524184902 17.752716188792537 Oyster-Closed 0
374.3035358594025 26.173797806600476 373.37839866029753 39.40416370274486 327.47817350150217 36.194546677651196 328.4033259999851 22.964198000018644 Oyster-Closed 0
194.83073800001512 415.99999999998715 194.83180780212933 379.639449816479 250.94866192611516 379.6410091884276 250.94830799213014 416.0008375525883 Oyster-Closed 0
97.49524600000586 416.0000000000229 97.49644657371391 384.4758836817536 163.7390202262868 384.4776920443742 163.7385539743409 416.0010900893099 Oyster-SemiOpen 0
366.9290188422492 245.08477862929615 424.17928019405736 277.3662132019736 359.86471045318467 391.4055028699994 302.61526729628895 359.12524836333614 Oyster-Closed 0
387.3893815253323 406.66448253993997 368.37111177733095 405.22369470553673 373.8655846933689 332.7217424692328 392.88295500000095 334.16249600000117 Oyster-Closed 0
390.7425540799304 362.41004530922237 381.7552006081387 361.7291677374204 383.8066584305452 334.6573701516486 392.7938620000059 335.3382419999988 Oyster-Closed 0
208.75967531784408 75.44703907540837 269.49548832132496 42.60410367319398 323.2992781514149 142.1011034099928 262.5637417878934 174.9436749465291 Oyster-Closed 0
122.75061529472441 107.20208082741684 71.121112841367 141.98169774066338 21.771776434190542 68.72442024423825 73.40077718190878 33.94503475535086 Oyster-Closed 0
0 103.495734 38.209103 103.495734 38.209103 182.802277 0 182.802277 Oyster-Closed 0
49.73931171066215 113.14118112441204 85.03607774360717 138.05179244741137 28.480545481790614 218.18340651083275 0 193.27314815099245 Oyster-Closed 0
165.36857194600816 200.67139077899932 115.91991626919116 277.039641382202 26.674566770296224 219.25609823304822 76.12300993082317 142.88930020890308 Oyster-Closed 0
125.65858904392007 177.4837847945291 80.38168456301719 155.1366169490009 114.23453107187015 86.5515192273416 159.5107573286041 108.89848742830527 Oyster-Closed 0
147.87752701483987 214.50249080933406 114.93838842880723 157.03030000844004 200.64875787498386 107.90917744474518 233.58789607188373 165.3805667023274 Oyster-Closed 0
0 114.60222800001273 0 50.54989476223632 42.46704117299305 48.13808317971113 45.83749800083024 112.19022126202135 Oyster-Closed 0
100.54524307186512 406.11465776327833 76.09822874074962 326.65432877654075 168.5160438026469 298.226832420684 192.9643711861827 377.6847619497228 Oyster-Closed 0
0 332.870399 48.114463 332.870399 48.114463 416 0 416 Oyster-Closed 0
26.685845155196148 299.04117942179846 69.2855299885814 294.1553593682747 83.09518264521103 414.5381695801452 40.495529578169226 419.42380641621793 Oyster-Closed 0
103.92373747437523 254.8103036633782 82.97225017879464 294.6598340781638 0 247.17938100026853 13.608647096752975 207.3307396352768 Oyster-Closed 0
0 250.116152 66.712775 250.116152 66.712775 321.187327 0 321.187327 Oyster-Closed 0
158.78143928810823 238.48783422111015 193.72143357394089 175.88821520388137 255.5740119460752 210.40861591179495 220.63503016274626 273.00736118787887 Oyster-Closed 0
354.73831860091013 266.13443276112133 325.998984952701 337.23529324937846 220.77278448889774 294.7061890044458 249.51284531344936 223.60733053057004 Oyster-Closed 0
264.8925425435118 281.6641109822344 275.5463512574315 320.4366644304196 193.99115625471677 342.8408819041848 183.33839919337697 304.069230395317 Oyster-Closed 0
194.343469723015 379.98398863658224 209.00199279981098 315.2101529714098 310.99157559762534 338.2850147848223 296.33551298299426 403.0567262568388 Oyster-SemiOpen 0
229.69065398429666 285.39521787271275 184.2010595014617 342.790595402087 111.4021297168947 285.0994363392554 156.89110645581604 227.70533510459305 Oyster-Closed 0
128.8945389912842 223.1460918882935 154.9038728580017 243.46317661860726 82.94320640509613 335.57239903429416 56.93439489761295 315.25589624753223 Oyster-Closed 0
