380.10468664914515 0 380.10476192803253 65.10047036705292 298.2736637313137 65.10039221896844 298.27374576313014 0.0000070003687660801585 Oyster-Closed 0
415.2243170000038 0 415.22432626550653 29.222532382403614 373.1733179797084 29.222525445362848 373.1733251508085 4.3482327593251826e-7 Oyster-Closed 0
163.16901195124592 404.7678307718138 159.98104706931554 355.0150566714314 219.7886900378544 351.18372074305523 222.9775807216829 400.9354940024889 Oyster-Closed 0
67.80744287888956 398.5473753936751 69.8510055724837 348.93244694504546 140.49403213031837 351.8410362721943 138.4516695942475 401.45482113808004 Oyster-SemiOpen 0
370.1067947114898 233.94786509093586 425.53986732496924 278.3764562241781 338.73991099186605 386.6558165966854 283.30828475919407 342.22888502157974 Oyster-Closed 0
382.34450089562233 396.9407445438347 343.15444515160925 391.71768466490835 353.42874691478573 314.65094572205396 392.6169150000169 319.8738780000023 Oyster-Closed 0
387.1819428124618 360.64698751687985 359.97300459219696 357.0206655647909 365.16735989328663 318.0573882258399 392.375660491045 321.6836667963924 Oyster-Closed 0
245.9907074232251 47.25054090178201 313.26599312417966 26.042932432561127 347.05056053365115 133.21421613097712 279.7753786096946 154.42163286177492 Oyster-Closed 0
158.08405614188086 73.07111209338383 100.08816874286276 100.19242773791197 63.93794452436123 22.889223270419453 121.93346399565417 0 Oyster-Closed 0
20.085166513803415 11.620592293924785 14.533638777986198 5.161718799133549 28.053509057885094 0 33.6050363363247 3.913170280733142e-7 Oyster-Closed 0
27.570828961561347 152.67056512106052 0 123.83935169667066 47.11773303230075 43.27287792121153 86.52113253297284 72.10383912130226 Oyster-Closed 0
85.18607634914952 70.74604830799818 115.15180913788936 102.82114819302001 40.804918863384955 172.2765921964196 10.83954200948574 140.20183679064704 Oyster-Closed 0
0 135.211349 16.204232 135.211349 16.204232 195.237817 0 195.237817 Oyster-Closed 0
179.92906078693704 169.91309346884663 117.07791085285862 240.7711631195363 41.073250065692264 173.35736260867526 103.92364525109224 102.50033738206993 Oyster-Closed 0
145.59408582299875 142.7345389286658 106.48240455506311 114.5028791970766 152.67991492244983 50.50309433476958 191.79122860648567 78.73456300579278 Oyster-Closed 0
162.59453871781443 180.7695910662369 137.6744387254148 121.69494935931665 229.53390538930398 82.9458740913752 254.45422952118315 142.01984193987172 Oyster-Closed 0
15.627041088500846 69.07608436364062 14.76730120171851 4.173485667934074 82.08030382038851 3.281814252956475 82.9401852629162 68.18426986136807 Oyster-Closed 0
78.27379807233956 366.69984914310425 63.11344517420366 286.3030490617255 161.18755435014464 267.81220449593707 176.3496002871907 348.20677040935766 Oyster-Closed 0
0 284.818179 24.488106 284.818179 24.488106 392.810604 0 392.810604 Oyster-Closed 0
25.404707055116887 250.0723242761398 67.6735037297367 253.6004434438596 56.22274298754928 390.7643346657592 13.953963859468786 387.2363517430667 Oyster-Closed 0
109.14780550853902 216.87525031465628 81.69250430272223 254.78277135119396 2.536859346437268 197.4562571349952 29.99194038889982 159.54940217159847 Oyster-Closed 0
0 198.949169 67.647918 198.949169 67.647918 272.52872 0 272.52872 Oyster-Closed 0
199.88436527301383 150.55422572907486 259.16785178664213 174.25247343375872 230.10264535557144 246.9568702342825 170.81934347740025 223.25894861370207 Oyster-Closed 0
350.051184042768 254.71645395322795 310.6761442874558 323.74330343133073 217.18521834868807 270.41810652100844 256.56026686710175 201.3929887299511 Oyster-Closed 0
259.1835322103616 261.79236307784845 265.37654654375365 300.976888089054 182.4434357691316 314.08099998721207 176.25135668200528 274.8973089445763 Oyster-Closed 0
174.89860409806352 352.05784228237684 197.97418912798094 287.859542082929 293.73057269996207 322.27153520642224 270.6572664194573 386.4679061067792 Oyster-SemiOpen 0
226.27333374389855 261.35085505274725 170.02796641776877 312.7986251150834 110.3341082761035 247.54424454885918 166.57828997963225 196.09744108749808 Oyster-Closed 0
139.86733328386617 188.35947042707556 161.50787622869393 211.2212840595743 73.07306670603793 294.9228648599742 51.43313482129088 272.06164287380466 Oyster-Closed 0
