383.0194738380451 42.324264819053624 373.0325943263815 113.93145860902229 284.63288102477964 101.60226192827989 294.620094754242 29.995483265916256 Oyster-Closed 0
418.52579918911215 47.2765283246165 413.67666126250333 82.04531385381924 362.1323988774202 74.85647495209021 366.98161840107423 40.08779386924023 Oyster-Closed 0
211.5039749999887 415.99999999998903 211.5048082601752 384.41962873919493 261.9493907772048 384.4208937696281 261.9491199941949 416.0006974326029 Oyster-Closed 0
112.75269162118275 415.99997768264114 112.75403067091611 376.7756348912204 181.0922079520824 376.7774754215936 181.09180164147983 416.0008950073006 Oyster-SemiOpen 0
416.002694624367 410.43138399999987 337.56629730221175 410.43138399999987 337.5688330846933 303.00919400000004 415.9999138952953 303.00919400000004 Oyster-Closed 0
416.00041207901813 416 389.3571321843774 416 389.3574714260467 375.927038 416 375.927038 Oyster-Closed 0
416.00016542323283 407.728648 401.4994060999961 407.728648 401.4995606976008 375.9423029999999 416 375.9423029999999 Oyster-Closed 0
246.93772835220443 89.48694832036253 306.4749482401021 63.296531881620815 352.93346187632415 168.9058853262164 293.3964686008476 195.09595344091264 Oyster-Closed 0
155.91764519676508 95.63593306423186 104.91910376633314 123.54369184169774 61.32736951768675 43.88466058676907 112.32546860428556 15.977049757228981 Oyster-Closed 0
10.615369999995892 0.9287249999999472 30.260717184970417 0.813554482112707 30.38852315486656 22.614206506439622 10.74317597490517 22.729377000147085 Oyster-Closed 0
11.050552058917674 75.16015544049635 72.72883148548863 74.7985782029815 73.15327049325788 147.19853396840722 11.47499101073845 147.5601086175428 Oyster-Closed 0
85.5565159986254 89.85096639049569 119.78422807149036 125.44568155198154 54.8866308467077 187.84841899035806 20.659312989926548 152.2540904517113 Oyster-Closed 0
11.972815496235853 147.14748521645123 28.615732928559737 147.04992259668987 28.977480293633562 208.75622232895404 12.334562870579248 208.85378401834498 Oyster-Closed 0
194.82733727949017 199.35289855902636 139.3735758432049 262.4396458220117 54.355659784505406 187.7118472039938 109.8085937183314 124.62627630966969 Oyster-Closed 0
111.46993157241741 135.07662751560494 153.20875682685073 78.42040790784598 198.1037766043337 111.49410832945897 156.36533367445008 168.14998316720803 Oyster-Closed 0
151.07430829612713 174.69988013396627 185.2411296097489 115.22851631903806 268.16117357276016 162.86492374961304 233.99532722617369 222.3354520783737 Oyster-Closed 0
84.54909173589112 82.83882032676951 22.28756539718961 99.35200964000913 4.524471075692418 32.377432309928075 66.78559534750457 15.864297616740053 Oyster-Closed 0
112.99575375357745 387.60857537129687 105.23915666749963 303.48761581772544 196.8625063615582 295.0407908622803 204.62117660687727 379.1594292282309 Oyster-Closed 0
17.15130200000567 294.4764910000005 60.20032715521302 291.9697447752201 66.79677509174144 405.2298248631301 23.74775661298918 407.7364836318703 Oyster-Closed 0
50.88095380985396 270.95641214618075 93.26734566708183 268.58360903227475 100.84876103466377 403.9892304969954 58.46237698733239 406.361938583463 Oyster-Closed 0
130.66248920464204 239.80197736533097 105.66488629618107 273.17588321394925 18.860066918179655 208.1625385627984 43.857394730537635 174.7893374038659 Oyster-Closed 0
12.27392887426322 210.7352158225741 88.49943306944624 206.29609795425264 92.96080167987748 282.89611753748784 16.735308129802434 287.33516049459183 Oyster-Closed 0
184.64932884033988 233.93896061771454 225.55241767059488 181.72825125237713 285.515263197638 228.7006977723558 244.613052149929 280.9105983635039 Oyster-Closed 0
251.38009856037024 277.9575260888399 299.84492448562014 230.4626159120453 389.28240778016334 321.7138732041858 340.8192007456819 369.20716249321765 Oyster-Closed 0
293.18516395681945 299.04909247782984 295.64376310674197 339.6482679246982 210.72838374376443 344.7880854427688 208.27081772355086 304.1898891163411 Oyster-Closed 0
210.025998842415 379.7080834240297 235.17382177442778 322.19499253697296 335.13290697132106 365.8917590166825 309.98750122563433 423.4027991278738 Oyster-SemiOpen 0
253.78689973058135 295.62060544853006 205.18080225141603 342.5174014092522 135.95166528440677 270.7735615394497 184.55656303415162 223.8778721516382 Oyster-Closed 0
156.9329148426441 213.60965614192008 181.69291394683387 238.93364136375016 104.60610393914612 314.29393138144223 79.84675005382815 288.9705798375787 Oyster-Closed 0
