260.9412809388705 253.9762319843856 262.158261381599 405.6329719202368 57.33359248801571 407.2654600568998 56.12570961188976 255.6176788032834 Oyster-Closed 0
262.80015200000344 398.00119800001255 253.37634570724913 290.37259638841215 395.99296777603377 277.8864982538914 405.4208466820819 385.5106452616702 Oyster-Closed 0
416.00110871132347 393.11376099999995 364.38487599999644 393.11376099999995 364.385773330363 334.163142 416 334.163142 Oyster-SemiOpen 0
98.64639499412078 49.83345270845835 102.11470679261765 5.135258064116208 243.5348336106872 16.108493656627108 240.0667335316757 60.80645302621687 Oyster-Closed 0
336.9613295411182 0 336.96143018471776 66.68525993915259 208.22954693758948 66.68510207784384 208.22969500000545 8.879313531975774e-12 Oyster-Closed 0
399.9047908193388 89.30215747269615 349.7231808306133 91.83198530018178 345.0937820000072 0 395.27500029411385 0 Oyster-Closed 0
280.39210921042104 135.64985858630885 45.254359201018815 157.14110272311308 35.968887716171594 55.52197842012122 271.10263411581036 34.03091590824094 Oyster-Closed 0
337.5344666118144 77.65860060620095 371.16019775256063 143.59563676065855 208.10195352966912 226.7442976077238 174.4781455541306 160.80891133925368 Oyster-Closed 0
415.45461765886284 223.261594699286 361.5099008831821 229.5915006119199 349.57548558817143 127.88405129889529 403.5186081771026 121.55423628264084 Oyster-Closed 0
0 125.39717695352283 106.0838348384641 116.65713047685173 123.00801171205967 322.543180379089 16.67665068891074 331.2828883274887 Oyster-SemiOpen 0
