244.0305984362276 272.0274082218782 217.15579007478664 421.26096192555633 16.269743161090446 385.08145982303995 43.15135927790834 235.85663072455267 Oyster-Closed 0
220.62057948113943 415.99978244222854 220.6257488859883 312.2477101022248 367.5450383323114 312.25390891134657 367.5447183381002 416.00115225095 Oyster-Closed 0
328.2582170000169 416.0000000000181 328.26009719088324 371.07018699662376 401.73728039093476 371.0726164941494 401.73654283598444 416.00130775473264 Oyster-SemiOpen 0
119.53785879733914 40.889203900505535 131.20192074460283 0 268.46273979193575 34.68549192181357 256.79894052035525 77.91982732796373 Oyster-Closed 0
361.7065106036898 16.04763430431374 355.58498153555047 99.55709217626692 227.06456079431518 90.13555121337416 233.18654299999253 6.626673999989617 Oyster-Closed 0
413.75922694486144 135.65356547828154 367.57012654473147 134.8473390593369 369.632138144123 16.738686209286435 415.82049596127035 17.544906080840995 Oyster-Closed 0
283.4874582308694 158.72264970503204 48.43973946771075 139.05926300840505 56.95908310344748 37.25520047289321 292.002647623729 56.918409671820484 Oyster-Closed 0
349.8725509929827 112.50389050447086 370.96966520206115 183.79931717300025 196.3501972019003 235.46524408039716 175.25543843908235 164.1718508858878 Oyster-Closed 0
400.98450012729154 270.3456806375161 346.83337354923424 267.20946605064336 352.78159634448093 164.53053983428845 406.9306963309209 167.66669752169102 Oyster-Closed 0
9.321681472261844 98.18286641235375 115.45404436222088 108.03556686043584 96.64162031833257 310.66940046372906 0 300.81704565459233 Oyster-SemiOpen 0
