241.44612059995416 79.62602214837622 216.41231549510485 230.74890779836315 20.170033941674774 198.23809256601953 45.20674477967259 47.11878517240953 Oyster-SemiOpen 0
361.14493374578524 0 361.14538561410154 115.27689519816369 197.10640077605785 115.27639879413302 197.10688874849802 0.00004718895909110915 Oyster-SemiOpen 0
50.131677178684185 446.8998741025831 0 349.16879965028596 131.44518947447796 126.27770852240462 243.8822344923028 224.00046551356542 Oyster-SemiOpen 0
239.25105900000926 411.65484799999655 237.93262133689495 335.7774811089634 393.33606950083777 333.07451394291934 394.65828629476164 408.9482076996707 Oyster-SemiOpen 0
297.79182478187795 304.71172808889565 168.0609165810638 266.93387517552094 216.66710284960936 100.04566904075047 346.3902140220853 137.82229524098318 Oyster-SemiOpen 0
414.8213008826933 33.70754694112847 454.2292599736611 139.08961277710225 314.55122703862435 191.31940845356084 275.14498034696226 85.93873416724313 Oyster-Closed 0
385.1115009583664 350.7308419586854 288.7678377730808 334.4303573003543 322.00845035136444 138.01373736694265 418.34384258508726 154.31349661354142 Oyster-Closed 0
402.31748191542647 321.4374121661446 378.5420269634087 319.6398485375107 387.84399009115805 196.63536051803075 411.6181431000514 198.43287543300778 Oyster-Closed 0
96.89257499999803 409.10562100001914 101.11410466761299 288.7313241407806 256.8046101083164 294.1883951024233 252.58907808905496 414.55708427686983 Oyster-Closed 0
0 162.346566 59.974105 162.346566 59.974105 291.042018 0 291.042018 Oyster-Closed 0
8.760382547090558 24.346091138336114 130.3605910853439 33.54059152719719 120.08970171818873 169.37499810158332 0 160.18059978420013 Oyster-Closed 0
111.22312349815184 0 111.22313143947758 17.423804760558756 9.803140845480812 17.42380217702299 9.803146559508605 2.3142633839984252e-7 Oyster-SemiOpen 0
202.95663194590088 0 202.95669284215182 57.23444856139818 110.86742667208455 57.2343757864283 110.86750400001984 0 Oyster-SemiOpen 0
