213.70273234902197 64.2985379349536 223.37235326936207 215.22069512241345 20.555003757097438 228.20997962784858 10.889518870604661 77.29162338891861 Oyster-SemiOpen 0
327.2429939996073 0 327.2433578918535 96.1930016737476 166.13397746557894 96.1927091098378 166.13427586944817 0.0000159962719745039 Oyster-SemiOpen 0
75.06622371482081 461.48010638616176 0 385.2435476707909 115.0779123950415 130.2157383697912 235.9381350522417 206.44603878495195 Oyster-SemiOpen 0
258.74464400000215 388.1981149999883 243.47240277841047 308.3156296482609 393.76377711226814 279.5862565461518 409.03870636392094 359.4651521046016 Oyster-SemiOpen 0
302.1523430336456 271.8836375286501 169.54715949463207 251.74017311153557 195.19125595067453 82.95874883662941 327.7891298365648 103.10163167697439 Oyster-SemiOpen 0
380.2480629092497 0 439.311220861724 67.58048426533482 308.5540635898433 155.93338988652008 249.4916970161721 68.52582099780898 Oyster-Closed 0
395.5005049564352 295.57693439935986 297.5163453399764 291.68651540918086 305.41354727390353 92.90562265403507 403.39052467684814 96.79589188689381 Oyster-Closed 0
397.8801773541236 253.66812719950815 380.486290335808 252.55354902672457 387.67955651578814 140.3116189105065 405.0727942367157 141.4261767842557 Oyster-Closed 0
118.71701091071009 414.97205269343675 96.64218784458717 299.51840126675336 254.4762719781611 269.34416815590697 276.55540252894934 384.7925248697519 Oyster-Closed 0
0 199.991815 51.898458 199.991815 51.898458 329.348821 0 329.348821 Oyster-Closed 0
0 53.310044999999995 100.657173 53.310044999999995 100.657173 193.571225 0 193.571225 Oyster-Closed 0
73.6106801452188 9.608386910837138 78.55749372393257 35.479657651510465 0.24341981525867595 50.45387842285691 0 24.58266741324898 Oyster-SemiOpen 0
75.47363109129219 62.33314339501446 73.63261264324683 1.5207026736680311 167.70638938058983 0 169.54756142952465 59.4849745103664 Oyster-SemiOpen 0
