216.04641579673262 81.1368911472682 211.59335313663905 233.5747894945697 10.694161224921118 227.70147145334795 15.151235269488097 75.26761570240328 Oyster-SemiOpen 0
331.7751869947715 1.9299663875835462 331.1192252954752 114.77272576974445 167.880648573082 113.82266739239702 168.53751710599317 0.9806442203507563 Oyster-SemiOpen 0
66.12732480622435 462.3376226627455 0 378.0459187903666 112.55771845877098 140.18458706927854 232.83338662491224 224.46951320194137 Oyster-SemiOpen 0
247.95300339931055 411.07071127794717 239.86523411445887 328.875434432033 388.24388884096334 314.2771401478852 396.33510635496714 396.46850611826875 Oyster-SemiOpen 0
295.66455947207214 296.2336649253275 162.85857681062043 271.24934413634753 194.64737016359504 102.3087362181457 327.44525130448164 127.29225803938463 Oyster-SemiOpen 0
393.69950651896943 6.133169279536441 447.902347218107 100.45760730159425 305.0204991106111 182.56058272690598 250.81897150811346 88.2372934708482 Oyster-Closed 0
387.8110507222591 329.79182273711615 289.7454932421315 322.6606248074307 304.18675775219526 124.14980296425291 402.244306946086 131.2807026878742 Oyster-Closed 0
392.5235770509971 290.01955757445756 374.35461573990324 288.5365724560299 383.6549878561091 174.61015759323965 401.8231363670857 176.09311023407372 Oyster-Closed 0
106.11930500002563 415.9999999999866 106.1270119204346 294.57437994098945 258.05106626561246 294.5823763587785 258.0491397819933 416.00240378711266 Oyster-Closed 0
0 198.22225 47.621465 198.22225 47.621465 311.481196 0 311.481196 Oyster-Closed 0
0 54.011193 101.733814 54.011193 101.733814 190.313771 0 190.313771 Oyster-Closed 0
77.94098015897907 12.876728989259897 80.56157033957061 39.49689070660753 0.15124827401450602 47.412674144555965 0 20.792575571314213 Oyster-SemiOpen 0
170.17079389033825 3.797379352630939 176.26367528778792 65.68929707802329 83.28866078928695 74.84185055836956 77.19601000001057 12.950175000022272 Oyster-SemiOpen 0
