259.29577207606417 269.2557133224905 238.7402922407564 418.63417264838887 37.17205261172421 390.89247305255566 57.73489512446031 241.52278959162348 Oyster-Closed 0
244.58180054342665 411.9564110695454 250.830803625533 304.2805509211225 393.2884375007452 312.5454948292871 387.04454559441365 420.2165316083121 Oyster-Closed 0
416.0009136694025 416 351.10843500001283 416 351.10980860835843 364.98905800000006 416 364.9890580000001 Oyster-SemiOpen 0
114.9280564296896 43.14100615677067 124.65405685297446 0 265.0979029947157 31.375118661418558 255.3721607971056 74.68188249677209 Oyster-Closed 0
355.815641119254 8.637608522848572 353.1051640052938 92.20948327711065 223.3873377796881 88.00181882334932 226.09825599999385 4.430487999987476 Oyster-Closed 0
416.00029856140463 126.100138 365.1734877162453 126.100138 365.17384854551347 8.147434000000015 415.9999965891293 8.147434000000006 Oyster-Closed 0
288.62624225388936 153.06493949229932 52.67446757596554 152.58878257113722 52.8832618210472 50.424523596427306 288.83081582822706 50.90067632267446 Oyster-Closed 0
351.88521954557655 105.17059716251617 376.48198282594603 176.31568568346947 206.90182088095753 234.9381624981022 182.30733811987375 163.79502792986787 Oyster-Closed 0
414.8469962733252 261.0775054483436 360.6576580911533 262.3564363223196 358.20381949419607 158.3560659662853 412.39118402004897 157.07715755825683 Oyster-Closed 0
10.320927561708231 109.06902694076811 116.98017696415991 110.25747964801769 114.73959716536774 311.3290543821878 8.080349086099886 310.1406444120578 Oyster-SemiOpen 0
