318.37063883074006 346.0970194706157 208.17004249465754 316.05984264328265 253.88349077233943 148.3810815854143 364.07622957674903 178.4171319774042 Oyster-SemiOpen 0
274.41055199999755 415.99999999998533 274.4126564054459 382.4260781279272 388.9733142624282 382.4316490022645 388.97256390804614 416.00421572636947 Oyster-SemiOpen 0
392.22249351270875 42.03609089198023 370.54003006744824 158.20134084423938 236.0315753281866 133.09419538202582 257.7149820151426 16.930142126618104 Oyster-SemiOpen 0
177.32697367651053 8.259014119452956 175.86398066691982 39.671340515559436 55.152061960940046 34.04914454802719 56.615122999999585 2.6368920000078186 Oyster-SemiOpen 0
289.0405201813046 132.45511607993893 231.70431975623796 269.20375792438995 73.27123649669011 202.77565957055765 130.6087042053914 66.03021500542094 Oyster-SemiOpen 0
316.96248 102.843333 416 102.843333 416 226.84881699999997 316.96248 226.84881699999997 Oyster-Closed 0
384.1176589068273 400.7599784679762 304.1067302062693 382.8726319238093 345.1084933979655 199.52366797420794 425.11153933281093 217.41008314724363 Oyster-Closed 0
401.85223597339063 387.4637076769854 382.6990778022264 385.091099308506 398.64368975494654 256.40858401424094 417.7954631226785 258.78110587017494 Oyster-Closed 0
145.64182798162074 415.9997824526103 145.64783303106378 328.90490272420186 274.63811661719956 328.9124762645543 274.6358067560359 416.00372302047253 Oyster-Closed 0
164.00572928368638 163.7641834547052 274.7457835054556 245.97692592551263 121.4289028269377 452.45532761900245 10.693979267518444 370.2484147873145 Oyster-Closed 0
44.03904445542139 395.7590838885606 5.204764207701373 389.10819237729044 19.437917661889514 306.02686468924855 58.27013499995883 312.6775709999968 Oyster-Open 0
269.06023880055363 19.04761734962647 253.6136587335277 101.80195284462508 162.21450675551023 84.74149493398026 177.66136999697483 1.9874449740902713 Oyster-Open 0
189.2665860569141 52.019699563716394 188.19116818795374 176.5261669199407 6.148097529207007 174.95103643999468 7.225664616689755 50.446570800277975 Oyster-Closed 0
3.0517878197933896 174.83552917400468 125.1032550560667 172.70539818809652 128.0952917918985 344.1260645216952 6.043831801354827 346.25611559160416 Oyster-Closed 0
60.504680514692154 8.689925727234447 80.7304570951128 19.684902383574858 60.60730243034777 56.70231580282857 40.38153507887182 45.70735257826458 Oyster-Open 0
