101.57508584568859 254.169951978414 52.34816972514818 283.3636642530519 0 127.75798070218526 9.286123754362052 98.56524052163729 Oyster-Closed 0
226.42625045533714 195.43009765403994 131.1559648339644 171.23465552058744 160.57103811200795 55.41925278116288 255.83911542570058 79.6144183018129 Oyster-Closed 0
369.9764066621501 406.9999902475796 322.8781454441887 379.77667109843856 367.155512131405 303.1934408932001 414.2517587951843 330.4160247173513 Oyster-Closed 0
379.22970468696076 391.38510259991295 373.09150257138026 352.89017935910397 412.1439514760459 346.6645840149676 418.28255034648464 385.1590095177122 Oyster-Closed 0
416.00691725307115 396.35189500000007 303.11777842454467 396.35189500000007 303.1220642215849 192.159577 415.99983294924823 192.15957699999996 Oyster-Closed 0
401.10324684673105 202.48683242443377 391.1850522498862 191.35456549165733 413.6394692227441 171.35026156164426 423.5576232304593 182.48247351410944 Oyster-SemiOpen 0
268.3581528784962 48.184262956324076 306.1616677344973 36.04784209398216 319.2422157103574 76.79199143726659 281.4387142206979 88.92838330281225 Oyster-Closed 0
285.2044443239138 369.58052926282244 265.68319167208756 350.3697590292377 304.64883066697803 310.78279177167263 324.1697538323169 329.99324385464683 Oyster-SemiOpen 0
249.27072179241077 277.09063709141407 277.0954666014768 273.8692770944815 284.7195896010344 339.71287015058846 256.89485519209484 342.9341723210133 Oyster-Closed 0
86.75908571424225 231.0087690505335 182.4634502653389 162.81090472022836 310.44927109060154 342.3976967241142 214.74809007627482 410.5917808017384 Oyster-Closed 0
123.72458551247473 214.6632988160507 91.22148121378632 205.83269536496 105.9865729518715 151.49090023589682 138.4891269386062 160.32142532010786 Oyster-Closed 0
40.48649442575697 151.43400838151533 71.51141235633986 133.175656441225 120.30498925302527 216.0823234675722 89.28028211341007 234.3403926841726 Oyster-Closed 0
27.372161999224772 128.70118859117665 49.500439690455096 115.33475248975641 64.02333425461984 139.37687313610456 41.89509041524434 152.743264822642 Oyster-Open 0
80.51831173471146 78.09300721061834 145.83502736560695 73.43615489284008 153.06066375863156 174.78015712504023 87.74395527849993 179.43695640048225 Oyster-SemiOpen 0
416.00034206411146 197.600423 380.3807943444299 197.600423 380.38119281571926 95.20698199999998 415.99985454356283 95.20698199999998 Oyster-Closed 0
296.817746796296 212.35063056838408 286.4387274957371 162.89815129989717 359.98739309641314 147.46263465566625 370.36683587150765 196.9145119778032 Oyster-Closed 0
284.9034487752215 161.29990258345745 284.8254581750698 114.22880289662484 344.23197456661364 114.13033939407228 344.31030446320074 161.2010978460083 Oyster-Closed 0
237.23429865802973 77.60949484434649 304.27861754782134 82.60035393876726 290.9080143021638 262.2056412679362 223.86370433244156 257.2149173300786 Oyster-Closed 0
71.39631078454113 113.42641352401512 30.016884797987586 118.93104053242524 17.359066712208005 23.779223704271953 58.738090969549376 18.274620692663447 Oyster-Closed 0
388.9599718507998 150.51771597507198 372.37686800090523 167.60565746534598 329.9112289187142 126.39587036798962 346.4942129999945 109.30805600001537 Oyster-Closed 0
242.4482896704758 10.647322297913888 277.93094492365344 19.472559775814904 268.6372213968825 56.838734134459294 233.15457113863158 48.01350701091367 Oyster-Closed 0
316.0044077885432 0 316.0044092413118 13.559696007724465 277.2009798420586 13.559694301436862 277.20098143405994 1.0921203805407799e-7 Oyster-Closed 0
273.65565839480405 41.547627911306314 287.17324126718086 6.34071698343553 326.8539248443085 21.575976357512758 313.3363896627343 56.7828476216971 Oyster-Closed 0
258.71499566107013 12.656331243109705 253.20731484531643 36.15930744732437 210.96365131068887 26.25992053129936 216.47134548162285 2.7569547928323654 Oyster-Closed 0
106.45203408451562 43.06125576074974 134.3638642222868 41.05041452271923 137.2638553234101 81.30401534025839 109.35202570544425 83.31485214601726 Oyster-Closed 0
55.02393938906971 418.8202952456913 13.315638069158013 302.0681810937854 139.93298039620277 256.844750830653 181.64347342724432 373.5921749534401 Oyster-Closed 0
60.801280130373925 415.4037765051234 60.09897460562934 374.9748824357206 233.55385107053007 371.95899808787755 234.2585406764665 412.38543218648005 Oyster-Closed 0
57.7309141599726 297.6140289826527 62.99783033449057 280.74260442604975 99.90639418037608 292.2629033899779 94.63967661925926 309.13415882437084 Oyster-Closed 0
78.09209918477791 311.97549850614456 88.40338510521542 281.5415533199951 169.03731241732748 308.8560422513176 158.72685710290534 339.28928364256694 Oyster-Closed 0
394.2209371532481 107.488431650827 312.5768445860849 119.58917803083867 300.0582670337353 35.12381357730888 381.70139593706335 23.02314480977012 Oyster-Closed 0
404.0244823881658 67.37620914672064 393.7208916176751 69.48974461887715 387.6866177974989 40.072451438801195 397.99018000002616 37.95891899999902 Oyster-Closed 0
