83.12420004442902 245.2916648910513 28.92649584969331 269.50229630085005 0 106.96177837105309 10.509881460973702 82.75183176039141 Oyster-Closed 0
214.2663261173766 189.59660042590025 125.32065556498128 154.8159523647006 168.3209873438791 44.85486320199296 257.2648648543109 79.63514071165758 Oyster-Closed 0
328.4251201493971 407.25719724952245 286.3049134385801 376.62782070233584 340.68825319748794 301.86067207968574 382.80681649635517 332.4891844441229 Oyster-Closed 0
385.18000187477446 381.2898403342839 361.7318811514633 348.174223077918 403.21517787553967 318.8077231952313 426.66314033995513 351.9228203406251 Oyster-Closed 0
416.000126498795 346.127736 403.2136094204543 346.127736 403.21380116174623 301.37019899999996 415.9999994950449 301.37019899999996 Oyster-Closed 0
340.9407670311848 391.332193052969 336.4819821786987 353.0628976364235 384.65959134906007 347.45105112379053 389.1188958611601 385.71973398186736 Oyster-Closed 0
416.0074235212305 395.110822 276.9599893110026 395.11082200000004 276.9656851903492 191.38666800000004 415.99933275691365 191.38666800000001 Oyster-Closed 0
415.9253774226745 351.15051250775747 431.6640565730777 366.09270440965315 402.5448335046203 396.75634499020214 386.8063545869554 381.81435897763583 Oyster-Closed 0
386.2061922590583 203.15840950726832 378.08482384536546 189.46720596505946 411.4708763641502 169.66439925484926 419.59224291901046 183.35551703734754 Oyster-SemiOpen 0
275.5203627894334 43.55933502748177 315.3616883802497 36.232416496825 322.72447482675125 76.2685839450204 282.8831537644037 83.59548652945787 Oyster-Closed 0
249.54355789171314 365.79808986004537 232.49084957856758 345.99034962665974 276.70222249413564 307.9360915775928 293.7547053612652 327.7434906199148 Oyster-SemiOpen 0
252.37596183805363 338.07001755790225 224.33641232458103 337.20876176872144 226.37070947897155 271.00479893866986 254.4092741118875 271.8660396947222 Oyster-Closed 0
69.82746096447227 218.1995891255272 176.6102177062021 158.3544410088049 280.18838357226923 343.15137148532074 173.40786574118465 402.9934038706706 Oyster-Closed 0
109.09437577998324 205.57037168309435 78.8422277944228 193.1917746189569 100.74744175876913 139.66112341336054 130.9991268517515 152.03961414349342 Oyster-Closed 0
34.97525271163977 137.85374111939063 69.11327642547258 122.75196653090578 106.68398395457552 207.67791563243807 72.5460876944926 222.7794784108694 Oyster-Closed 0
24.978538189137907 114.67865554726114 49.374703119665355 103.52440143613612 60.64393325974015 128.1714649438615 36.2477885172957 139.32568670513422 Oyster-Open 0
86.16560118972848 63.15824093308295 150.96439303455554 68.77287407173566 142.01033463329804 172.1100157456163 77.21154878701782 166.49544298422748 Oyster-SemiOpen 0
370.64307257021574 99.78417198512925 410.0829346205064 97.01737913383664 417.0365429825142 196.13597012314924 377.59668583081293 198.9027277385832 Oyster-Closed 0
284.23882636126655 208.99401173589467 276.1456961404474 159.92806898531657 349.59987046662354 147.81280983101328 357.6934545113072 196.87816860669915 Oyster-Closed 0
339.09197300931555 112.16853539433755 338.84489989330905 159.62623623910252 280.8291335445938 159.3238455180863 281.07653465676776 111.86647578605293 Oyster-Closed 0
241.20478379521956 70.2744247729193 306.04973814324694 83.80238877749565 268.8477874332966 262.11861482609606 204.00292644407455 248.59101158470247 Oyster-Closed 0
70.92569784736042 101.42772807128648 29.01287431849414 101.38018721612109 29.120652803907433 6.495412032414758 71.03315856084737 6.542952730034715 Oyster-Closed 0
382.0748113640111 151.44374710608182 363.1545049251472 167.66900934185023 326.34209354441555 124.7433140878344 345.262238000003 108.51816699999672 Oyster-Closed 0
255.58281243520833 3.993509725664848 288.7406921239817 16.78139625061481 274.34002549034267 54.121015159922464 241.18215470669384 41.33314229885599 Oyster-Closed 0
329.17409800000314 0 329.1740988580059 10.367740546895893 289.1941088426429 10.367739491329655 289.1941097846393 1.3889385759146978e-7 Oyster-Closed 0
282.38539300043703 38.16792398796093 298.3620447720532 2.5965199687157936 335.9747260488366 19.489986120980042 319.9981163439952 55.06135521771812 Oyster-Closed 0
270.7422831588192 8.447230889201599 263.97183816770485 32.2106452276276 222.91372062372466 20.5127459645913 229.68417535427216 0 Oyster-Closed 0
115.27106354103671 31.63547894059259 143.1581955202455 33.35789102894483 140.72240970720668 72.79491257866921 112.8352779841407 71.0725036099355 Oyster-Closed 0
16.507051876262267 421.10563106309866 0 301.23114223244386 94.49280810342316 245.7450934115416 145.90669891549624 365.6147936647001 Oyster-Closed 0
22.70324901881031 414.94210060224134 20.561230802195496 368.88023526636226 191.1645108016346 360.9451470043325 193.30907137659233 407.0043274615358 Oyster-Closed 0
74.16025369320414 273.9376560889434 74.82569017990318 290.97418697149584 33.85523448605454 292.57393134737333 33.18997829811997 275.5375738791878 Oyster-Closed 0
51.68208262809276 300.13430217484387 63.9578145472733 269.35725858667115 139.95466186987687 299.66433574623 127.67971089475395 330.4407188114232 Oyster-Closed 0
393.0583404344652 112.51963806729093 310.08181973161845 113.67426530254146 308.8653537586797 26.219605586394685 391.8408648208133 25.06498595067002 Oyster-Closed 0
408.14059691534203 69.33207788659361 397.5375034552526 70.07593784661603 395.4372024562181 40.137861863351475 406.04026500002146 39.39400299999925 Oyster-Closed 0
