306.2005009134118 310.4056129908968 198.01587395919705 287.7454574946527 233.40700546812513 118.81265180897252 341.58473898993543 141.47205831651496 Oyster-SemiOpen 0
258.2779979999905 409.3114460000047 256.67182346915797 340.1240342986524 384.6580222917837 337.15208109875164 386.2670418999078 406.3366069464412 Oyster-SemiOpen 0
358.1081714199245 0 358.1085961229146 112.95500292569142 221.46256743092454 112.95464951709137 221.4629154947179 0.00005854661030122881 Oyster-SemiOpen 0
17.033586 0 149.41309 0 149.41309 41.615393 17.033586 41.615393 Oyster-SemiOpen 0
136.23530437819136 248.46258518307792 36.82959591670806 151.11552688744115 165.2991393597331 19.937088912304915 264.7022869847897 117.28166203215328 Oyster-SemiOpen 0
329.590961034417 195.99929779161914 277.69018469463845 103.41678950243255 407.47401871741386 30.663480224769348 459.37464919975173 123.24435982275139 Oyster-Closed 0
374.59282706304293 351.42868237917634 295.2824967159613 337.56688802769065 329.27936301843147 143.0997268745836 408.5828025242845 156.96089233636087 Oyster-Closed 0
392.1273831072176 331.7148799002917 373.1042504381803 330.38479667456045 382.3047542428649 198.8250233104947 401.3267270000142 200.15506600000057 Oyster-Closed 0
137.9754620000058 412.1115190000072 135.5984068279031 309.70272937667437 264.4218243220348 306.7116407994062 266.8029553407141 409.11644097858584 Oyster-Closed 0
103.89375914967604 458.851203519703 0 388.23576229291973 152.53417409671965 154.66669900751486 258.9274795557685 225.2767606144673 Oyster-Closed 0
35.096737829335325 419.0698845461302 0 414.67236389724343 7.3203122441482265 324.81915731090555 45.45814599998266 329.21653799999984 Oyster-Open 0
236.62865799993233 0 236.6288347558293 80.79629198214525 145.71007651289256 80.79619216913918 145.71016586081168 0.0000101045486400819 Oyster-Open 0
157.46558484388515 44.69397960236915 181.4622952853024 164.5532067129419 0.31437298345190356 200.81649096432398 0 80.95935934603813 Oyster-Closed 0
0 190.108162 108.38206100000001 190.108162 108.38206100000001 369.683296 0 369.683296 Oyster-Closed 0
31.812327168179763 27.400518406015813 51.62838105208721 36.192020767994585 33.86763890086149 76.22456133054274 14.051595480454125 67.43307659082889 Oyster-Open 0
