322.966401353111 342.58012095367036 211.35188223054865 320.6491498843629 245.07569706996583 149.05798534184905 356.6820426411141 170.9881332195086 Oyster-SemiOpen 0
284.1003260000216 415.99999999999187 284.10277599537585 377.1192197881647 400.92193236109597 377.12507626204507 400.9210699082905 416.00426367273747 Oyster-SemiOpen 0
375.21284825163457 32.521735973419325 361.4683779019688 150.51621602645668 226.15179309812083 134.75297190458647 239.89729143345176 16.759649523121638 Oyster-SemiOpen 0
160.73019729438602 10.299881748837018 158.28900998755853 48.395591255163886 27.30271856334366 40.001682177966984 29.74401199998465 1.9060830000111684 Oyster-SemiOpen 0
278.98764853388275 130.44533300679797 230.68842391912403 271.3059836902679 68.99030735480119 215.8612415696471 117.29139622073853 75.00399527257399 Oyster-SemiOpen 0
308.999366 87.439625 416 87.439625 416 218.57914000000002 308.999366 218.57914000000002 Oyster-Closed 0
391.98818370646404 392.9936579394421 310.59220378470854 379.95509211121276 340.731647224522 191.86308750169033 422.11982874263776 204.90101783761543 Oyster-Closed 0
408.7338101154746 378.2932831974802 389.5484876761875 377.28458909876576 396.4405916920623 246.2365220231817 415.62454605286985 247.24518030563777 Oyster-Closed 0
157.3342080000075 416.0000000000077 157.3402795239017 330.9448474387789 283.3580884715557 330.95231217285504 283.355544234375 416.0040337086003 Oyster-Closed 0
168.80218034195786 456.6639170809143 34.12006945172834 403.42518834591004 124.09276875480282 175.8844149040387 258.7586980245542 229.11957345618225 Oyster-Closed 0
54.02508296486849 411.6710710042207 14.990811417257646 407.8159630249528 23.32230340449314 323.4894398014437 62.35436399999526 327.3444349999996 Oyster-Open 0
251.2805792155268 16.102591513892975 245.9199425642655 99.758380814722 152.97038648135276 93.80182579663396 158.33137589740363 10.146345771166658 Oyster-Open 0
174.20135748125176 56.73145183933441 181.9194881294934 181.68162727174484 0.986652720697748 192.85439741377604 0 67.90644382343841 Oyster-Closed 0
0 188.600858 123.43543 188.600858 123.43543 377.305874 0 377.305874 Oyster-Closed 0
43.34046213561669 22.30331993132971 64.26594258343903 31.74929691208757 46.84007848962938 70.35231143423495 25.914607862254343 60.90635087097781 Oyster-Open 0
