78.1855969041535 230.32053586261722 22.076961873404798 245.99767157434638 0 72.6877916459479 29.757894164769823 57.01104134326789 Oyster-Closed 0
215.37767969242486 201.78329763313604 130.96156911241633 153.4405058246806 189.72373248047006 50.83452687815408 274.1382411755403 99.17676860326205 Oyster-Closed 0
293.69610657248995 432.1102305149658 261.708927791944 392.85749309230596 328.9696113645841 338.06120229359374 360.9561853662235 377.312817901211 Oyster-Closed 0
386.4769131967587 419.38052199723825 347.0197639200669 415.3079444310804 351.8438997652556 368.5886947843391 391.29977396946197 372.66120601989275 Oyster-Closed 0
403.0430188517821 402.9049428125973 380.47017894320015 401.32623805435105 384.07654524130703 349.7811968915179 406.64862107356385 351.3598749610861 Oyster-Closed 0
312.46551700001146 415.99999999999017 312.46608959293735 389.48629564466944 353.35984432658006 389.4870958728653 353.3596559971047 416.0004151016332 Oyster-Closed 0
401.52437944858684 424.7153630642091 255.66339344809967 414.5134086206103 269.10364863092764 222.4816814663408 414.94933752574434 232.68311452574704 Oyster-Closed 0
372.6581780000197 415.9999999999764 372.65848081152217 399.74594312399194 402.97870073670856 399.74634208170016 402.97857465026755 416.0002246108945 Oyster-Closed 0
382.5114645365138 248.0812828291486 376.86062890254834 232.7974434751812 412.39301019854975 219.6613847666341 418.04389861008895 234.9451054955459 Oyster-SemiOpen 0
295.9821392897975 69.45525253549445 336.115849360478 67.81995511274563 337.8165321836532 109.55784325683636 297.6828225129357 111.19313525135053 Oyster-Closed 0
225.51622510538436 382.8924712740222 211.74245542437347 359.88905003644584 260.3450571686917 330.7937488286015 274.1188087146875 353.7967618663972 Oyster-SemiOpen 0
232.3767077931334 354.9791703246752 204.66426521860558 350.20734940840725 215.87046125191046 285.1420796312897 243.58190494254086 289.91381317495564 Oyster-Closed 0
69.67993304751144 203.50494448611025 181.80619691687025 161.35448207355157 257.86948296925766 363.6715808788216 145.74439870058995 405.81977984263324 Oyster-Closed 0
109.94286912572352 197.06986471019832 81.30702150258003 180.0473718187518 110.33698338103204 131.2149611435041 138.97247197930483 148.23731718535555 Oyster-Closed 0
46.24451536936613 116.5180200125889 81.56803354118529 106.78104738589317 106.6749788421912 197.859997223513 71.35151081586082 207.5968434829634 Oyster-Closed 0
39.627559974655014 91.64302094356043 64.91554244082727 84.3479600825008 72.56017575837177 110.84729314838339 47.27220092119751 118.14233606835145 Oyster-Open 0
105.30787013595182 54.069424608133644 169.6076969245405 67.26871287374078 149.10060306602827 167.16629866001 84.80081103558405 153.96714145433555 Oyster-SemiOpen 0
414.0788239386857 245.14960796815348 374.74991189215507 242.39857439644027 381.4553124208178 146.55281230067519 420.78293960151495 149.30380109594097 Oyster-Closed 0
280.2624106838157 234.30768321264415 281.64525869034696 184.2825165698233 356.63440049699057 186.35518646613207 355.25226628021846 236.37964891931716 Oyster-Closed 0
282.7396388258567 182.70216808235398 293.48977996043686 136.94791650361384 350.9844382420524 150.45588495337225 340.2347560218441 196.20973790624205 Oyster-Closed 0
258.09161551410944 89.95031507961234 321.0663242344781 112.78972170113795 259.5736945776007 282.33258916087345 196.5992991177627 259.49385447316473 Oyster-Closed 0
86.63192682171939 87.16310049815233 45.09853355124142 81.27308907955211 57.2907881439678 0 98.82391600490155 1.1908325419258934 Oyster-Closed 0
385.72191148080674 195.99987942173794 364.9877413676113 208.66520982619485 334.7997100770299 159.2475244409743 355.53358500001195 146.58231199999992 Oyster-Closed 0
281.39018164049776 26.85026168362989 312.88366024494826 44.68410112263759 293.62778584758416 78.68861992203384 262.1343331455755 60.85481391592105 Oyster-Closed 0
314.1388724753815 39.76979070159737 314.6611184205067 15.004561626535262 356.7240218146144 15.891566994076035 356.20180215491564 40.65677109891702 Oyster-Closed 0
303.20232103897433 64.78038040830654 324.8889323528165 33.33819516965398 359.46785684367205 57.188199616194254 337.78132324396574 88.63031599529408 Oyster-Closed 0
296.1819626130673 33.34800975207647 285.28502906766516 55.10227888578174 246.6903068112224 35.769793040427416 257.5872492269882 14.015544858271674 Oyster-Closed 0
139.8623626458393 27.11100381538251 167.34611768390823 32.7315233775795 159.36531500497222 71.75666542209932 131.88156278286624 66.13615555869569 Oyster-Closed 0
0 251.77702799999997 123.628971 251.77702799999997 123.628971 365.03998 0 365.03998 Oyster-Closed 0
0 401.7155895903146 1.1536665214553068 343.51629239626146 169.30673059722176 356.2641866363673 164.89596601883386 414.460223592165 Oyster-Closed 0
23.598631037966697 261.2669273661081 32.754859638942435 245.930246010052 65.98267198913163 265.7653600602457 56.82660145229602 281.10190399579113 Oyster-Closed 0
39.75544280385293 279.91588457336337 57.09851048062046 252.42833739733325 127.9356879286679 297.1160449260298 110.59328334860402 324.60300976130793 Oyster-Closed 0
402.2908556310176 157.3558052598662 319.95567633665996 146.94222986574331 330.72649108173573 61.790396406021756 413.06021319188585 72.20387403518009 Oyster-Closed 0
