329.0348612628877 422.01500679430063 261.0684935152094 394.6664880643689 302.93279069345226 290.6569677518332 370.89466000001266 318.00444199999606 Oyster-Closed 0
335.2172328822162 200.8440700726584 401.56405268512026 195.37244893419975 408.7653041896665 282.6839516299812 342.4184969815069 288.1554701852165 Oyster-Closed 0
273.15345736573 107.84160273157684 328.6531628263692 110.7521863396799 324.2412088074052 194.87739467953207 268.74150610678043 191.966843555539 Oyster-Closed 0
278.8824797034649 91.65041959325262 294.6623913874828 33.767194203845115 390.88288012663907 59.9981665035497 375.1034186741017 117.88100693949175 Oyster-Closed 0
239.12364743593935 290.99288236853977 172.13676737772767 274.67879787849245 194.2303305136993 183.97646321607607 261.2146963617997 200.2902265585949 Oyster-Closed 0
263.80019842951515 203.07554725598152 310.69211715225174 223.24688378042777 271.87580539533155 313.471996894484 224.98414911597138 293.30111010930807 Oyster-Closed 0
1.5854380000091624 272.51361500000013 51.62594978703419 272.22254446842544 52.17459001923635 366.5281838716066 2.1340783300620387 366.81924662472693 Oyster-SemiOpen 0
282.2588309263883 153.94842682245547 214.98976676577877 195.53381665846362 161.70803932497802 109.34623050729881 228.9758241803138 67.76136460487379 Oyster-Closed 0
8.411610893334 139.6822545832572 52.506589588945644 145.6567392008697 40.016127410315676 237.8379314317022 0 231.86353900783732 Oyster-Closed 0
0 99.11078263049643 23.612225597080396 48.02344109188354 92.21036029682728 88.11691157258089 62.35137160960949 139.20393070652148 Oyster-Closed 0
180.75583388765517 355.26939709479376 104.42987725469357 338.29560046339293 126.59569851799824 238.64956188216033 202.91770731350334 255.62290099918803 Oyster-Closed 0
219.08747632132508 265.9665520532128 239.79641266000908 336.8288875967346 105.82774879365024 375.9687257667616 85.1220772879933 305.10917425532136 Oyster-SemiOpen 0
175.0221096155874 11.295694368966757 219.45422307669287 56.02227690068974 156.3949882285815 118.66565138657204 111.96310022512625 73.93929468054876 Oyster-Closed 0
107.65686358651146 4.386654550089986 106.31893460730134 37.222141867883884 56.61321009105086 35.19677963851188 57.95116600001711 2.3613290000065565 Oyster-Closed 0
27.303474202988582 0.2582027006832792 68.9820988179963 5.905600884150775 61.45402418958474 61.46381214253217 19.77540199998839 55.81642299999836 Oyster-Closed 0
137.4433441725305 252.09364942678573 127.7493264339173 330.0977431078027 39.93798113071534 319.18454738074064 49.633477183946525 241.18213281884385 Oyster-Closed 0
147.8944408587522 262.7555277815652 126.38258074886835 204.84832719369604 241.50364412277122 162.0848861918129 263.01610132453425 219.99078654593364 Oyster-Closed 0
146.67360227527752 5.976470771381268 144.90824091538525 49.3021156011293 107.27477483110124 47.76865625943396 109.04017344771273 4.443050468966424 Oyster-Closed 0
141.95737999541234 44.62733357375945 132.58347171298374 109.51115900461083 49.393457084599504 97.49226082029324 58.767649885743594 32.608786643452135 Oyster-Closed 0
83.72388033122843 151.6980574588863 62.111093597341096 185.05048474039674 0 140.2587865115367 14.60024127761426 106.90671731228194 Oyster-Closed 0
62.00498519630855 255.01006438630876 0.9192114897559804 253.82106836529007 2.442420706636767 175.62996598882563 63.52631491082502 176.81894325869206 Oyster-Closed 0
263.2584510000015 415.9999999999935 263.2587322516665 402.1907517651871 300.4218275873791 402.19133759439836 300.42173099718275 416.0004015265546 Oyster-Closed 0
267.1978139171915 57.05749172595834 260.93105650833604 24.070205543303135 310.2304873139765 14.704567815298502 316.49728330396465 47.69179442820848 Oyster-Closed 0
178.30478716396829 149.7190587008805 128.54582311271952 143.88189836680448 135.69119397221584 82.97570460554128 185.4495012961379 88.8128245366528 Oyster-Closed 0
