295.81414110251353 385.25822893532074 239.08591614026955 352.60852151983147 303.6338541092482 240.48303903742237 360.3585882835214 273.1314416441548 Oyster-Closed 0
400.4992855793789 168.74348697231008 385.4136112403867 242.75175114377953 314.2384456316395 228.24372860235786 329.3248102924881 154.23639442966135 Oyster-Closed 0
263.16960272753204 67.75650693994606 317.84376986984716 72.51856971920056 310.23251959375193 159.9031066167848 255.55835824193855 155.14108536270737 Oyster-Closed 0
271.54404379837433 57.48863092599463 279.0017768052785 0 375.12150766987907 7.768754689240077 367.66396374683245 69.16409748523944 Oyster-Closed 0
221.26815523555342 265.02013823654147 157.62792445034938 247.83974214459516 182.00620245534083 157.5490578966049 245.644318462495 174.72915098981352 Oyster-Closed 0
251.86824149257154 166.11980839900613 295.5086333051113 185.27540467258956 251.47191538666812 285.59135627783644 207.83177098240412 266.4361761366142 Oyster-Closed 0
0 283.810294 33.138954 283.810294 33.138954 370.486171 0 370.486171 Oyster-SemiOpen 0
250.02761456212465 54.055324973142596 266.3389344586649 138.5012046896133 175.99187546152461 155.95126757296293 159.68139356546817 71.50614681732252 Oyster-Closed 0
0 146.529896 32.120822 146.529896 32.120822 233.122635 0 233.122635 Oyster-Closed 0
11.007540645681729 56.26965838388533 71.48824621716267 66.42119717229966 59.79200798217062 136.1038613118616 0 125.95238382071668 Oyster-Closed 0
151.66549996308459 222.11701105435608 204.68125713097834 267.4918750631605 127.83550766896951 357.26374412842364 74.82100598729085 311.89023032144866 Oyster-Closed 0
198.80583949699576 241.8840212637967 226.53168963550706 305.32375807648384 88.57328391274132 365.6035543018855 60.850436455399176 302.16636594886955 Oyster-SemiOpen 0
167.7487016175437 0 210.16990026556232 31.044771575961214 144.64689639092467 103.16712749972119 102.22584719169026 64.62795191456513 Oyster-Closed 0
98.64831300000878 0 98.64832167311033 30.0856596145683 49.914084237658244 30.085648786351054 49.914095000007364 1.3809968426914591e-11 Oyster-Closed 0
20.068411612464843 2.288029062037701 60.4270285514649 9.062217684091348 50.63623403416568 67.39277514183878 10.277620999971987 60.61859899999825 Oyster-Closed 0
74.45423023618787 328.87484732812817 13.335516086601274 293.0061343303131 64.03767526278898 206.62611320921087 125.1540552838087 242.4939419920716 Oyster-Closed 0
132.5581421905299 247.16639881781325 106.3202799001374 196.08499400287977 225.21091845613773 135.0203854758011 251.4489745517676 186.10068647242272 Oyster-Closed 0
101.8572689206776 0 138.8272726825635 0.44622733564525857 135.52952350980922 39.006576720303 98.55951971141258 35.844839755526934 Oyster-Closed 0
123.82169899783912 99.0269116236789 43.647430588018324 96.06155794089501 46.09515262709829 29.89151736413003 126.26879348674629 32.85685911270147 Oyster-Closed 0
69.91375176513247 146.01599920387233 50.564247345002514 184.3244913875854 0 150.49812699561107 2.942143024316465 112.18999928075874 Oyster-Closed 0
45.23783614869899 260.85258366640346 0 258.31002291798984 3.084451165916107 175.25926644510037 49.76133961030064 177.8017847123553 Oyster-Closed 0
235.92414100001042 396.10267800002134 233.7958109275678 368.0118763316475 296.1200617868526 363.2907829267993 298.24892752130836 391.38099048412164 Oyster-Closed 0
301.5105950000034 0 301.5106013590703 22.34441206490096 256.57957097396866 22.344409064841518 256.5795744675088 1.7308082400054918e-7 Oyster-Closed 0
165.21023700466685 135.61068064521183 116.85275422037375 128.3408172495631 126.92233040836436 61.36382702782558 175.2792039500746 68.63364133974424 Oyster-Closed 0
