349.50557253199077 424.58936625389634 279.0624095063613 400.4603190056457 314.30550674442566 297.6033048556824 384.7439679999734 321.7314519999969 Oyster-Closed 0
430.8741842597701 230.4998298725354 407.50332726933266 297.587909238705 329.2618249209554 270.3335250135072 352.63326894143756 203.24667009078775 Oyster-Closed 0
275.1048902337461 113.42143471798317 330.56951373409174 113.0916027275824 331.06968987038636 197.19823345413943 275.6050663837086 197.5280616763944 Oyster-Closed 0
279.09468678648045 94.97559318298127 294.4859337582675 37.85993182797263 391.8635759000099 64.10044261067684 376.4728003039236 121.215700061491 Oyster-Closed 0
251.9284160856405 294.2174992709406 183.52954405274795 281.6079947172949 200.5842142877882 189.11508339172394 268.98041051051405 201.7243343519485 Oyster-Closed 0
270.72989581714137 208.2852667822003 319.4382945027173 226.3168587577775 286.58256736520343 315.0589762119968 237.87437037993732 297.02777679805496 Oyster-Closed 0
12.859300000014628 276.0943209999997 64.67726021266571 273.6813368212798 69.13120048920973 369.31164482309805 17.31324489323015 371.7245628660842 Oyster-SemiOpen 0
286.56321320175994 157.10467200774514 222.8295840097453 200.04647821627643 164.55515451316023 113.55826006171039 228.28756088497175 70.61702498947008 Oyster-Closed 0
6.699451942724409 143.8387150276495 51.36899129781159 141.75835075337045 55.67458933522357 234.20287558429524 11.005052239972429 236.28320768739775 Oyster-Closed 0
0 101.80546638194535 23.10657304574488 51.63345383501948 94.60883574787658 92.21496317751762 66.13339527764401 142.38663634302142 Oyster-Closed 0
198.0073476354737 355.36747285294217 120.2470520811803 342.6700967787496 136.20101402276487 244.99664498314138 213.95729302423206 257.6936846302333 Oyster-Closed 0
119.98798542561781 374.63772530877475 102.77650497531431 301.07789832992853 234.07992448878576 270.3604811928532 251.29332670047734 343.91741785807784 Oyster-SemiOpen 0
171.58621754888736 14.844017571460393 218.71987946792797 59.34898775281622 159.55218455648355 122.01068990457269 112.41874536662363 77.50594926929065 Oyster-Closed 0
106.12690695655328 6.181157851551206 104.10790954214099 40.846364041840275 51.56560624734993 37.78611593277583 53.5846359999814 3.12094999999497 Oyster-Closed 0
23.822356911707175 3.413013532678984 65.87676317759542 6.641005733132047 61.580202648390696 62.616672191291634 19.525797369333304 59.38868555983568 Oyster-Closed 0
148.657021163639 255.81605931007925 139.05275526774858 333.33196579865296 51.989475900583784 322.54444590900044 61.59521643320113 245.0302197739411 Oyster-Closed 0
158.9141086262971 266.57101958188724 136.4690592480547 207.71145479642612 248.03573465988302 165.17037629104271 270.48135612510305 224.02863112935879 Oyster-Closed 0
105.86593601529603 6.51455230213494 143.35046797357427 6.231755518748281 143.69461616406988 51.84833052732204 106.21008421875013 52.131126973332826 Oyster-Closed 0
144.76378127315184 50.67866616635956 133.32259147833247 114.24211126703615 48.489607982501184 98.97224568372297 59.9310796767204 35.40916932218833 Oyster-Closed 0
89.45519823843642 155.66149381743344 68.90058003198283 188.44347402759948 0 143.29418448972916 17.44574487684804 110.51257641863873 Oyster-Closed 0
73.16282226477051 257.2711591139478 11.904819918996509 259.6470367955127 8.887773463004123 181.83530371281407 70.14386800722059 179.45946390896495 Oyster-Closed 0
286.9131880000168 415.99999999998755 286.91335435843575 405.9906455766702 317.7687746363699 405.99104916262604 317.76871999840296 416.00029176720693 Oyster-Closed 0
264.38144952764924 59.35961753800745 260.857068719346 25.341506690176576 309.33266301713957 20.31929818504641 312.8570947880253 54.33734418923544 Oyster-Closed 0
183.09934480336597 151.5873997285276 132.996277577633 148.6490969913821 136.47423055288164 89.35172417709194 186.57663389882146 92.29000672343851 Oyster-Closed 0
