198.66756023958806 415.99996812761987 198.67930848111428 298.1910658165983 397.89335814848164 298.20740416510097 397.888909844718 416.00921227302985 Oyster-SemiOpen 0
261.99473545759975 276.9628214962113 91.19677941753253 240.41297377601092 126.1755360083298 76.98907546955863 296.9646137083546 113.53792131161279 Oyster-SemiOpen 0
386.9195129814434 311.26739239396727 251.9503039579722 296.4786686439855 273.13226765981744 103.23539786552854 408.09105182308485 118.02351041535671 Oyster-Closed 0
400.50434375794794 280.58161719810033 371.5680546453368 278.89643123023865 378.5813214181653 158.49746548936477 407.5162362864248 160.1826107659064 Oyster-SemiOpen 0
254.93485363700165 173.0255904681241 215.55272246597815 66.6199426601492 396.6213468220485 0 436.0041679056485 106.00841540416843 Oyster-Closed 0
308.5553528443925 3.250559215516799 311.004916925991 73.50006555678345 98.28845643302702 80.91618422045548 95.83945365340333 10.667020702442933 Oyster-Closed 0
0 58.248142 173.825626 58.248142 173.825626 190.553354 0 190.553354 Oyster-Closed 0
0 159.796319 117.433869 159.796319 117.433869 364.47183 0 364.47183 Oyster-Closed 0
0 269.334409 207.741813 269.334409 207.741813 416 0 416 Oyster-Closed 0
96.38809895241866 10.64773422792075 97.5434497385213 43.784300309937926 0.8562732106656767 47.15526340591227 0 14.018783642210305 Oyster-SemiOpen 0
