390.24283098128944 391.94515001210897 318.314394714027 405.9980895495456 296.5153598104698 294.4324450087764 368.4390539609485 280.3799776454429 Oyster-SemiOpen 0
154.3723323026934 264.78534015988885 130.39098849155926 232.39261425460163 217.732087945511 167.7369146438181 241.71318020624312 200.1289605429017 Oyster-SemiOpen 0
420.2861228803049 303.49849747892927 277.8184118755453 340.4041955145623 230.83595422654616 159.04016047434337 373.2945785537049 122.1356053794798 Oyster-Closed 0
134.029316819182 407.62890533153734 131.8498896420533 370.181008503652 264.9434147415668 362.43494627528327 267.12443002522195 399.8811469868209 Oyster-Closed 0
272.47761631630055 399.56603292432266 269.7054483677821 351.9569887537327 331.83953482907964 348.339811870926 334.6126165000642 395.9478775556115 Oyster-Closed 0
28.220396000037 413.7924069999803 26.694937292904797 387.5787628612838 157.14721131691113 379.9874454774096 158.67379162773068 406.199870782963 Oyster-Closed 0
77.24335334876741 209.79097859328334 64.91528070680943 251.83496825025554 13.359687722189847 236.71882007273297 25.688018104116054 194.67527502192613 Oyster-Closed 0
144.34218692232753 175.9733824487435 174.4445422566787 265.2422316421931 69.7324508461752 300.5462779111834 39.632555024662 211.27953312687555 Oyster-Closed 0
185.78288366572815 263.4660537056733 234.35066965246006 352.13630511316904 125.4975365851642 411.743750109475 76.93361762363566 323.0768214268729 Oyster-Closed 0
131.37392265666858 403.0100626412929 122.49179152275246 384.6260580660671 167.9021076283425 362.6918780209029 176.78430415855473 381.0755698823248 Oyster-SemiOpen 0
270.37275776868773 400.0753787524512 212.99002441289122 388.6577618398621 236.9631334706537 268.21345746688064 294.3418103971635 279.6306557059633 Oyster-Closed 0
28.748852135911875 278.7125902779257 86.66427232119167 299.91776183932234 67.93265356848133 351.06844297296664 10.017401163317118 329.8635926808926 Oyster-Closed 0
17.283683914793073 400.78033918170263 9.204041315970244 343.0652499167969 91.74282718307586 331.513121046203 99.82374759846061 389.2266254504571 Oyster-Closed 0
128.01144527407814 363.27144258139685 103.20368818224597 390.43939904074733 57.17373616369514 348.417012773493 81.9810791603777 321.2495810195017 Oyster-Closed 0
130.70339782386873 343.22480126473704 105.54558576268755 357.9783939177356 72.07148884353592 300.9081372690871 97.22856716485694 286.15481820933724 Oyster-Closed 0
0 237.681052 13.025 237.681052 13.025 348.506538 0 348.506538 Oyster-Closed 0
37.862319530107925 159.6159231974666 52.57376302740158 119.59145061338909 98.59887877951769 136.50789469918493 83.88773319958273 176.53211666850632 Oyster-Closed 0
71.545801599681 214.11074844315638 26.783917000026122 198.10695700000463 44.52317942243826 148.49522911809146 89.28437124583434 164.49888359820565 Oyster-Closed 0
284.3202190554948 269.01376062352057 320.1468769172134 270.29845393259814 317.34933247444496 348.3022419681427 281.5226759001562 347.0175757429731 Oyster-Closed 0
196.2557855795385 282.3121575548663 238.7375716253191 263.9964508919493 268.9300848688654 334.0149952463099 226.44852711329804 352.3303249677622 Oyster-Closed 0
239.1576164909966 282.9601630334223 218.13870649798628 269.70874135279104 234.84843778450522 243.20790680437415 255.86711568152896 256.45923139826334 Oyster-Closed 0
144.60880229724353 177.65089847105452 174.0750050243878 168.35919772965275 181.88026806436028 193.11016370245395 152.41408474282434 202.40182482078686 Oyster-Closed 0
0 144.874640168333 1.2422988071739383 106.85475617145416 50.66081865657543 125.39675301857224 36.39544046398805 163.4164084595356 Oyster-Closed 0
0 110.5348805478913 7.578854768049496 86.37282669533244 45.29454732163504 98.58111174166898 37.473430655460106 122.74307730396646 Oyster-Closed 0
0 159.484355 36.066199 159.484355 36.066199 208.196483 0 208.196483 Oyster-Closed 0
216.16959399996995 129.10867599999116 231.16731246071868 87.39226531584842 277.4220224891724 104.02122516911925 262.4245522988167 145.7374250949323 Oyster-Open 0
177.21115061960154 186.18478343323832 171.95552387704083 177.74603136716922 189.3532481582879 166.91138229233556 194.60887204889514 175.35010738780147 Oyster-SemiOpen 0
373.2866177658325 311.2766742184144 400.7021878951273 305.52998929001234 413.32612755798255 365.7432119832961 385.9105896186411 371.4897917442638 Oyster-Closed 0
256.0838301308868 293.56413690604677 187.19071132656973 292.99122479131853 188.31126152544675 158.46623145275538 257.2007569083398 159.03912867716753 Oyster-Closed 0
182.1371578801627 164.26937109879884 154.51125338649945 141.64486734903033 187.43013691490341 101.45041425241571 215.0558344474921 124.07478173640762 Oyster-SemiOpen 0
