213.0952817100988 400.3844824849123 204.05411655149146 289.52508009087796 412.5218553358136 272.52302641550875 421.5692246271756 383.3757108129405 Oyster-SemiOpen 0
281.94743890947575 255.68480617295 113.39980209241548 211.59628087651527 155.87747343764931 49.230084431698515 324.41760814322697 93.31755487253062 Oyster-SemiOpen 0
406.6203820364499 292.76437376431244 277.3993982463144 284.0602759676755 290.0680216227811 96.07359130426079 419.2796213729016 104.77734766100131 Oyster-Closed 0
416.00034235364365 261.705836 394.5744994802553 261.705836 394.57499261754856 156.470195 416 156.470195 Oyster-SemiOpen 0
280.4145000118333 150.86252921695018 245.24055695385323 42.8241563612348 412.24098092590066 0 447.41548914265877 96.49130664264138 Oyster-Closed 0
337.24809699990146 0 337.2482618299764 52.850048985227104 129.0887025293523 52.84999121015089 129.08880500000305 0 Oyster-Closed 0
16.554512836330105 22.940263834748947 204.1173270672116 29.473346889456995 199.3933798957005 165.09540955560044 11.830566999968141 158.56239799999963 Oyster-Closed 0
7.250627276283922 138.3460052993539 138.40667065098387 131.4732183122674 148.56242793427373 325.2654947154184 17.40639842935707 332.13802034819986 Oyster-Closed 0
225.50954036552503 243.684271983661 224.60373178127338 399.788327077522 17.935159622524225 398.5790747071064 18.849975802317203 242.48418233092085 Oyster-Closed 0
119.74988899998061 0 119.74989336533326 14.75383852009191 41.159152833308326 14.75383687992987 41.15915600000153 2.141785522497532e-11 Oyster-SemiOpen 0
