359.26612686637964 415.94478410086066 286.92885624451446 419.8841577923565 281.73915494646644 324.56270247637025 354.07197986241226 320.6234492347918 Oyster-SemiOpen 0
138.8586184003616 279.83898070748006 117.66252306406386 244.3631091355863 208.98278644084348 189.8064911329421 230.17884729684738 225.28156939428607 Oyster-SemiOpen 0
400.27368835969173 347.6876220058926 257.0381157980919 373.71549697411666 222.91035461007777 185.90347313373198 366.1347641182474 159.87656094892108 Oyster-Closed 0
108.72806246772234 415.9992253310831 108.72969794846722 388.1014599070195 233.09262138015401 388.1067728805103 233.09221595370764 416.0033017090212 Oyster-Closed 0
247.07676500002344 416.0000000000026 247.07785040589806 382.1483060624601 306.2194497809869 382.1499512017816 306.21906798967393 416.0009409752259 Oyster-Closed 0
3.003392081667698 415.99931275285184 3.0044947019378014 390.56783333108456 109.11263245537702 390.57143839682516 109.11248899000566 416.0019372146996 Oyster-Closed 0
67.06802987982155 216.16141626366033 50.21871226144867 256.1539360307804 0 234.7563879554993 16.276662122931157 194.76430693346288 Oyster-Closed 0
135.31025236974529 189.6356583925345 155.66864761894612 283.2995569571653 50.97588549888678 306.0502586090219 30.620026289445377 212.3885903394039 Oyster-Closed 0
92.69193024608467 410.22701693534634 70.17630587691747 306.34346744594745 185.2235792298561 281.4131268259831 207.74189615495197 385.29295558390504 Oyster-Closed 0
106.15869375534749 415.6815119701955 99.13979685828599 396.04052280916545 145.9382774640835 379.3211225068928 152.95733343500615 398.96176952122687 Oyster-SemiOpen 0
254.17247966451396 299.7115985953025 304.45000361826897 334.22957652992187 242.69516411434233 424.1576067929285 192.41859900585405 389.64082037193526 Oyster-Closed 0
69.49284091290974 306.5678496918795 46.93149018643817 355.4116474096763 0 329.1195845690879 12.563883786304359 280.27665317480796 Oyster-Closed 0
75.57404677158411 340.5402185984445 75.93739292153987 399.28051506463737 0.030879034911777126 399.74797888361377 0 341.0090998576588 Oyster-Closed 0
105.92070814945328 375.5687299506839 79.17116821879608 399.70079482409193 36.26924536341903 352.1559590262199 63.01816685447193 328.0243838339884 Oyster-Closed 0
109.73691146464262 355.38256185188783 83.93528463410621 367.7533472957054 54.75779454093208 306.9090245692056 80.5585670686014 294.53847979431504 Oyster-Closed 0
29.86720910146323 160.60683481864564 48.72127265205927 122.93339417168542 93.84019030899799 145.5127842654463 74.98642273350197 183.1859733364641 Oyster-Closed 0
60.826901188229385 217.71060150737713 16.688127999965218 198.14558199999243 37.53567265723177 151.11730096063235 81.6737969327005 170.6821532368436 Oyster-Closed 0
267.76985921164305 299.7180414364983 303.4853183210689 303.50247002600963 295.2100769323879 381.5847756306747 259.49463141678643 377.8004356556442 Oyster-Closed 0
179.51611614471767 302.83810478946486 222.60496568384406 288.14839348542245 247.52563964243745 361.2344956444611 204.43695406431652 375.9238774325383 Oyster-Closed 0
222.1458735721062 307.62736693968566 201.82182522559378 292.36853401630407 220.1973901745696 267.89695467914794 240.5212243511196 283.15566834280554 Oyster-Closed 0
135.3581824819521 191.66680795376507 165.0565409651499 184.70364019533034 171.02918095710993 210.17563406592592 141.33083480324422 217.13876947556125 Oyster-Closed 0
28.184738790234405 164.26052277577975 0 142.55259395268703 1.1028570826929354 105.95038508654194 45.9156829072017 127.65821266726475 Oyster-Closed 0
0 107.28577137217542 6.8630236016942945 84.5333874759904 42.8424099041149 101.08328483357968 32.37661712673798 123.83558615358974 Oyster-Closed 0
0 158.019957 27.64915 158.019957 27.64915 207.396898 0 207.396898 Oyster-Closed 0
209.85633399997096 151.09150400000436 229.19098221911554 111.78210969281845 274.02345319442975 133.83263597895572 254.68909425023594 173.14178306753445 Oyster-Open 0
162.58843677890036 194.84222894722072 180.50077092069478 185.73190024830555 185.1275611444289 194.82831156792076 167.21523769390114 203.93862430504817 Oyster-SemiOpen 0
353.4248549451695 352.56741533277403 380.9359870875887 348.8577541997682 389.18168654826513 409.9935577070311 361.6705696922181 413.7031421325579 Oyster-Closed 0
238.2455282299743 317.68868042226626 169.52279518029536 312.31015786949513 179.94652367490562 179.16417420234498 248.6653191872283 184.54254348598388 Oyster-Closed 0
173.59957497548749 182.29936818999872 147.39994239608495 156.73365128819174 183.07038028094394 120.18044357660816 209.2698317402319 145.74598746332842 Oyster-SemiOpen 0
