174.25569028711834 415.99997950868584 174.2672339029341 297.3221425654064 382.13485579571716 297.3394531472143 382.1309997055323 416.00960727776345 Oyster-SemiOpen 0
250.98429130672957 274.5131764715417 87.44312144691503 221.98791317814732 138.8540312967998 61.939189039405775 302.38731090676447 114.46305344726831 Oyster-SemiOpen 0
371.7527718895726 315.1559173488132 240.7598857640951 287.7085418989095 281.2361652881518 94.58202471499874 412.2190136406898 122.0282425578553 Oyster-Closed 0
393.1508959399325 284.36705071524017 362.2603832419409 281.48738272877824 373.44177442156797 161.56514572855613 404.3308154399674 164.4447439864088 Oyster-SemiOpen 0
259.0622446928937 167.7273656070491 226.1775154045572 60.85822168220618 414.95297095366914 2.7700286934046727 447.8385896476466 109.63762917021607 Oyster-Closed 0
328.1856509634381 0 328.1859458556537 70.26277994973276 113.19214421758807 70.26267659765385 113.19231405034589 0.000004169254431464071 Oyster-Closed 0
0 38.078868 184.960563 38.078868 184.960563 173.074717 0 173.074717 Oyster-Closed 0
0 147.926895 115.111373 147.926895 115.111373 323.308722 0 323.308722 Oyster-Closed 0
192.57326997050404 260.5236860347994 189.85491849284517 416.2691920700161 0 412.92067197992804 1.216527165248408 257.18413929632584 Oyster-Closed 0
10.320876 0 114.46536900000001 0 114.46536900000001 30.642569000000005 10.320876 30.642569000000005 Oyster-SemiOpen 0
