264.52327645739933 415.9999069310909 264.52619815071375 332.2594950383505 336.9387386714079 332.26192471263613 336.93780758557114 416.00037864080264 Oyster-SemiOpen 0
131.196344973534 272.34043330414795 113.50926501079448 235.24544803434478 210.10537403880517 189.19203080278453 227.79263388828622 226.28619471746552 Oyster-SemiOpen 0
382.62434527957157 365.3134805615335 237.67774376019952 375.21256788435903 224.6789676704284 184.82870297711386 369.6136075303293 174.92999458614761 Oyster-Closed 0
86.377754672023 415.9990098814372 86.37931492746429 385.9737480367587 208.73367108632738 385.97820118738514 208.73340798221034 416.00216169615567 Oyster-Closed 0
223.55933699998423 416.000000000009 223.56021317170598 387.0825909588999 279.99450440800865 387.084044004512 279.99420499115513 416.00087554428904 Oyster-Closed 0
0 396.6355983859074 2.095803960601188 370.3866622095472 113.86158509893721 387.5388078263902 109.83309665974957 413.7867050965316 Oyster-Closed 0
66.95885220767741 202.06249972237146 46.03074035107056 240.53359811229438 0 214.49139642255787 19.083773312249832 176.02068400481477 Oyster-Closed 0
137.51070412078843 181.98200160965814 149.16736359153583 277.16783739199207 41.8837566292932 290.3024136198079 30.22946790588685 195.11875811716442 Oyster-Closed 0
71.08446447186725 398.2667249112283 58.22129486119593 292.6991412471536 175.5554397074011 278.4047288625936 188.42182008179225 383.96859281530567 Oyster-Closed 0
83.84968560944253 404.9409105002261 78.68146709883513 384.7777316941203 126.80862347160655 372.44487242534245 131.97706491527788 392.60770773689114 Oyster-SemiOpen 0
243.1302238813405 302.94065091526755 288.5738157455453 341.3766612724393 217.61955771005523 425.24625392115394 172.17719000356738 386.8115853910228 Oyster-Closed 0
59.42077084453558 292.5918124447556 31.83480008128754 339.36737696741903 0 307.84358454999744 5.960673613190011 261.06879876581127 Oyster-Closed 0
0 322.017616 55.71677900000001 322.017616 55.71677900000001 384.645534 0 384.645534 Oyster-Closed 0
88.11385309380057 365.1696581199069 58.70404491316731 386.4466273271915 21.370577646677702 334.8533629361177 50.779592836690426 313.5768065097058 Oyster-Closed 0
94.01852876338307 345.3447927338906 66.92045388751285 354.80885464689135 44.67607883813616 291.1275121174676 71.77322272479068 281.6636272040486 Oyster-Closed 0
36.40622364954106 143.22210115849265 59.16587802266076 107.3008458073033 101.32600803614696 134.012654372558 78.56659877382117 169.93369512510802 Oyster-Closed 0
60.6226503667458 203.26493567143035 19.16687000003367 179.46214400000258 45.055743827528204 134.37615193895456 86.51100883329491 158.17875498571942 Oyster-Closed 0
256.65736831706454 304.02177395328215 291.5044130279566 311.62026421607186 274.684851841208 388.74000323869194 239.83786455303198 381.14169480623144 Oyster-Closed 0
168.77729568565337 298.71774141935225 213.27238553215284 288.9109459652364 229.95478350017584 364.588416211034 185.45976804982638 374.3949915782333 Oyster-Closed 0
210.6052790194626 307.7914663789548 192.0832373644298 290.7562317657882 212.9697758607981 268.0502380290901 231.49165479855583 285.0853383997353 Oyster-Closed 0
137.4078965212684 183.84923916471712 167.6650770499764 180.2433870088792 170.7775577052962 206.35896532607325 140.5203807662292 209.96480119064316 Oyster-Closed 0
0 116.48855485018589 8.771520826412598 82.26468892033428 56.13160080561647 112.47058333291926 34.30366482052705 146.69426019353713 Oyster-Closed 0
8.472595024530165 86.66864282663009 21.203064773500955 64.73484859323042 55.7210349055531 84.76900023683781 42.990641518212215 106.70272842028093 Oyster-Closed 0
0 138.264024 32.641593 138.264024 32.641593 187.955736 0 187.955736 Oyster-Closed 0
215.7063960000196 150.40026300000707 239.10947910652249 112.88238655802215 281.076006685802 139.05963536786933 257.67319424823654 176.57727438858203 Oyster-Open 0
167.54628378225607 198.99755898741117 163.95781706662092 189.51440205732445 182.8233322503329 182.37605755928396 186.4118124976485 191.85918229949343 Oyster-SemiOpen 0
335.52327022007375 365.20696593508507 362.52768218015626 363.56510586782963 365.66188592597246 415.1014078999598 338.65747651171114 416.74323882889206 Oyster-Closed 0
225.22083984423443 320.27766321112546 157.94100676195376 307.50621777203673 183.08959640247122 175.04968708038157 250.36563945113085 187.82076681133347 Oyster-Closed 0
176.38269332295386 178.16245814218132 153.00097277804161 150.42319858303688 192.47544658893094 117.15116025908357 215.8570541631343 144.8902341660076 Oyster-SemiOpen 0
