365.9769175026304 237.47468230408478 402.18941152376283 317.4837555522328 276.8452807889771 374.2016566800187 240.63624331549 294.1955122659622 Oyster-Closed 0
416.0002616822785 307.19054700000004 401.09485818099347 307.19054700000004 401.0951032298326 235.861488 416 235.861488 Oyster-Closed 0
416.00105727301343 374.328216 368.56920737661494 374.328216 368.57032245797745 272.1985119999999 415.9994376254508 272.1985119999999 Oyster-Closed 0
408.40302615372275 45.69316082836148 387.8124870349893 47.38222410555271 383.96820826770636 0.5183323775431578 404.55870321088514 0 Oyster-Closed 0
0 181.0486303897195 46.86468060173138 177.17987488674186 53.22029765341358 254.65929754586736 6.0538217140383495 258.5279946513366 Oyster-Closed 0
58.43043397225847 132.8541826949005 130.8994992718617 155.60638634848954 103.1194232933558 244.08462681536326 30.650511600790196 221.3327695579693 Oyster-Closed 0
176.43545465701027 202.12105801638359 219.907969883654 257.98318094797037 137.3513768543853 322.22039671793544 93.88032522772119 266.359612842896 Oyster-Closed 0
70.92746977593924 410.6053852329603 64.84001046273625 336.0301504257312 118.70880636724542 331.63406116476176 124.79746296331723 406.2079892897901 Oyster-Closed 0
108.10120599998845 407.5709099999886 105.53052945363015 376.07430000648407 165.45766480275051 371.18401860589046 168.0289319687472 402.6799895439872 Oyster-Closed 0
415.38502191846055 130.80213091642963 361.47892479289294 135.22405715138916 354.6412457851693 51.86574372145285 408.5466107895045 47.443847981396544 Oyster-Closed 0
251.9769008522162 162.82574594530863 206.21247894813496 143.01551949058506 241.2224592685743 62.14052778972117 286.9861988405064 81.95058629346573 Oyster-Closed 0
344.7455595070278 0 344.7456358128984 59.20405844441461 253.37179842523983 59.203994411449784 253.37186245375415 0.000015162806681962753 Oyster-Closed 0
348.1857720828957 67.7592841835972 380.18320173741085 133.6079302810513 288.692792438429 178.06321731973824 256.6962029780225 112.21528490147782 Oyster-Closed 0
337.3375309294315 243.42525617369495 287.6281412919343 282.17023990591883 226.0164538082281 203.12897161433878 275.72455259108756 164.38475324211106 Oyster-Closed 0
144.65449043138142 386.3415427079833 96.57644270773017 339.4678567953061 162.25076832874402 272.12033590515887 210.32742033215254 318.9927182978322 Oyster-SemiOpen 0
19.53966603436129 366.295315253832 0.6339752580461209 363.77973125515274 10.868314944225858 286.883419849127 29.77319328061276 289.39894989874 Oyster-Closed 0
229.84354599999278 396.9509209999827 225.18464926852903 366.23639116904354 291.0056483010776 356.25446203075546 295.66509846985355 386.9683160450392 Oyster-Closed 0
83.84555012628334 102.01204810198547 144.88214079560566 79.08562012322336 178.63183431863217 168.93459539577628 117.59537743488545 191.86076465163217 Oyster-Closed 0
117.42482580800788 246.73879382200903 92.4197480360126 208.4840132841224 162.9174754430751 162.40673677077714 187.92246820549917 200.6609617676055 Oyster-Closed 0
88.4265712185661 153.54890367636852 27.83893364612959 115.37906557182845 82.08021671650931 29.283105328621314 142.66714827791657 67.45265257681287 Oyster-Closed 0
181.36350466179283 79.9120888425248 166.5766086480471 26.37147889765701 231.71133139273297 8.382551342356269 246.49831313273899 61.923020203906226 Oyster-Closed 0
208.76070187802907 146.70117562409132 161.28910815032214 110.6392263979142 219.60908273701352 33.86903566717944 267.08015878709193 69.93069353363411 Oyster-Closed 0
268.1425210850721 144.5579082061462 250.73903181614514 221.1155019731747 157.55407494286555 199.93206725210257 174.95833761391987 123.37551890894507 Oyster-Closed 0
304.92073171093944 263.7343592492248 273.7926002799868 301.3489956724801 216.7787601032578 254.17192846771184 247.90653100000782 216.55791699998485 Oyster-Closed 0
264.5107448654635 336.06500495171264 209.39874418862019 333.17041356346743 213.37800828461695 257.4347991323198 268.48786482862124 260.32933472993506 Oyster-Closed 0
218.66928573778205 417.3967264776123 164.22111541085178 390.84757479777 205.1083229224423 307.0168885319964 259.5538278604254 333.5652780393483 Oyster-Closed 0
287.4993389909614 164.01598516078522 359.64396204359946 147.45559482231818 376.8519192634303 222.41713469104812 304.70737491861655 238.97730768893936 Oyster-Closed 0
273.89626999997927 113.31575899999193 245.7174241592511 67.18566761808518 304.7365132303894 31.13384346723577 332.9153405752986 77.26373486896277 Oyster-Closed 0
