334.77333398583505 317.4076782993557 344.6306412494887 407.16401144471973 210.72809569362653 421.86073959416484 200.8750677533535 332.1082889189908 Oyster-Closed 0
364.6977544901674 325.11823711179716 389.8768765773675 329.2606809445001 375.5016358494213 416.61789698121726 350.3225431123283 412.4755728955252 Oyster-Closed 0
312.68782999998075 415.9999999999909 312.68943597317775 361.83014962350785 371.6985984611456 361.83200624894715 371.6980879933508 416.000747444566 Oyster-Closed 0
0 146.098899 35.025775 146.098899 35.025775 229.094639 0 229.094639 Oyster-Closed 0
15.275488826413493 196.5545119298473 63.757930604042485 119.0931917142197 129.93499605157558 160.51115203687755 81.45361744008915 237.97154449293686 Oyster-Closed 0
270.41833355544804 24.37968474115063 267.0038830593767 43.76808941766301 220.34801729843457 35.551599238821524 223.7624859999887 16.16321999998255 Oyster-Closed 0
161.02506032002202 222.26392931153413 187.06188990848023 291.1089139897006 93.54208945353821 326.47093360894723 67.50721658873226 257.627604662558 Oyster-Closed 0
22.96464670974092 317.7352647227711 75.77661471639658 328.66747644783146 58.669251342533244 411.29202831626867 5.857373847979034 400.36011276086975 Oyster-Closed 0
110.21936687136622 381.96795832887574 103.93547119360665 417.64258572483055 39.0526409999984 406.21607000000125 45.33716866375107 370.54227259358066 Oyster-Closed 0
404.4279743755942 227.7855145156415 358.81542865068695 225.1290311703186 363.6262153685384 142.54063577110762 409.23750699998345 145.19708199999886 Oyster-Closed 0
242.7805748725732 208.1031342030328 202.32951432619302 176.14695322116174 255.48690373581485 108.86247755440651 295.9373510572441 140.8182838072269 Oyster-Closed 0
267.44136757123124 103.73213093935148 293.5752312223376 39.03396180997755 378.3709420273808 73.28561185126581 352.23762559990064 137.9833168013099 Oyster-Closed 0
358.6148988053792 147.23452036541948 369.00485672874856 221.91488112730656 271.7136263954235 235.44820660227793 261.3250340333725 160.76906709164135 Oyster-Closed 0
304.190566288682 313.64187505602325 247.9928182535441 336.7811983286754 208.46856681434292 240.80018717979357 264.6637891358332 217.6614521000867 Oyster-Closed 0
85.6352245383714 390.7325427583921 51.49524969753111 329.6179880068663 130.4850200112778 285.5015873339556 164.62504140295277 346.6144755202344 Oyster-SemiOpen 0
173.94719500000065 415.99999999998755 173.9475149392092 402.4065011715169 215.19451988747824 402.4072331422946 215.1944019954317 416.0005306808705 Oyster-Closed 0
105.04981501800648 193.63785837473526 98.61505176742503 96.88563371787515 161.41101985169007 92.7094212975307 167.84648865081544 189.46091105899464 Oyster-Closed 0
93.07113190774908 246.76864330414065 80.29628082478303 201.14543525138865 158.28869870385824 179.30830718932543 171.0639751207127 224.93084642339866 Oyster-Closed 0
84.97613637121685 33.87793579829194 154.18395766888352 44.18003642235315 138.94062089268482 146.5810960556329 69.73280775952298 136.2790772387007 Oyster-Closed 0
193.32992400778676 105.45351662793739 196.3119400342548 49.03995086500639 264.2943189602738 52.63344256308159 261.3125829666642 109.0467389327345 Oyster-Closed 0
205.46792004986128 178.7413045496643 168.2252826784097 129.013709377263 242.1633971487463 73.64072704076966 279.40581300301346 123.36780213917541 Oyster-Closed 0
262.93460986280115 196.4975634149198 223.27128845735206 262.3645212360781 139.3697272563113 211.84372259093786 179.03299976648123 145.97787734676817 Oyster-Closed 0
268.5216667652967 323.39000721755076 229.5249978739048 349.58081107484463 186.50366548581587 285.53400848955914 225.49917600000117 259.3437380000119 Oyster-Closed 0
212.42009063047954 380.47679035226435 159.20496345567153 364.1425878691941 181.90279425370682 290.21351322496275 235.11570420355565 306.5473563511287 Oyster-Closed 0
115.96833044685627 415.9999564540842 115.97069037414985 345.28364922001685 187.23973912352085 345.2858153281715 187.23906767564404 416.00045827260857 Oyster-Closed 0
276.0052010233085 222.24586284971235 349.0297595868542 223.84988066893175 347.27386215317165 303.7798929421501 274.2493039388428 302.1759047822555 Oyster-Closed 0
275.3143729999756 167.66848399998594 261.9946063560892 113.31635872320194 326.5096315841911 97.5064476268968 339.82967541479957 151.85815541320926 Oyster-Closed 0
