368.96467656563254 261.0983861838999 394.43508442267193 347.0410975119864 264.58602823624096 385.5121322678067 239.11947291758042 299.57269018517377 Oyster-Closed 0
416.0003238939098 345.67423299999996 399.5716237501256 345.67423299999996 399.57198887200866 268.14098999999993 416 268.14098999999993 Oyster-Closed 0
358.3184087366717 303.4312420922843 412.7975270087336 299.782815838198 418.5992445738957 386.3984189188916 364.12013785673116 390.04674885513873 Oyster-Closed 0
416.000011685901 70.653658 408.99407978434465 70.653658 408.99409527587704 26.910686999999992 416 26.910686999999992 Oyster-Closed 0
11.378137509524095 151.5021988868993 58.46952609429354 152.32279562527995 57.089938887485914 231.48812075878735 9.998550399479427 230.66753508694163 Oyster-Closed 0
73.69146613270641 113.28775064304038 144.40610817324705 143.65776592394235 107.94865008353008 228.5422543658347 37.23425179933838 198.17265630489675 Oyster-Closed 0
184.24822247200063 198.33492502919444 221.24529927775438 260.7778598859742 133.4326051266944 312.7987175335759 96.43717306127655 250.35720742665075 Oyster-Closed 0
61.99331783915841 316.18116550474235 115.6179348302685 319.30655081757766 110.63068609240509 404.8579973896338 57.00607676893196 401.7326970712165 Oyster-Closed 0
156.49188677389975 364.8661822933811 156.70392759965762 401.1730088810749 90.63153799999418 401.5577590000158 90.42031093616606 365.25174866213496 Oyster-Closed 0
416.00044590443576 160.65255 374.82428539178363 160.65255 374.82457292017716 78.68763999999999 416 78.68763999999999 Oyster-Closed 0
263.02592385838943 169.73274825125387 218.81761261884458 144.83794769033074 261.5315922929258 68.98907371257515 305.73927395481587 93.88365307157632 Oyster-Closed 0
272.9528438563575 62.329257440813706 287.37117545530054 0 376.242631111214 11.99289864116952 361.824535396343 80.91945610978067 Oyster-Closed 0
367.9796513033871 88.9658096448343 391.2560568507615 160.03393316221826 296.7169857433182 190.99543937611492 273.44159588736875 119.92817417384899 Oyster-Closed 0
339.2115426820783 262.92751927795666 286.4492846290632 294.81450436007884 233.37781414779602 207.00615341876744 286.13833435762353 175.11984781681593 Oyster-Closed 0
134.63061761022254 377.72437113668525 91.4192904134834 324.1042754404161 163.07608538418208 266.36884384682725 206.28663620567386 319.98751691075984 Oyster-SemiOpen 0
21.79724147789966 322.49171253519927 7.095691154212545 320.5223490570212 14.934704065672122 262.0143063073946 29.635824000008142 263.9836410000013 Oyster-Closed 0
217.8015209799887 401.14793509702554 215.57668757318243 371.7829194023505 280.9421510525426 366.8315332827055 283.16758060095526 396.1958897287219 Oyster-Closed 0
102.90963229245244 86.64811253199007 165.03327298830118 70.56139381136849 189.13142410084765 163.62161966877918 127.00784461059811 179.70817055006623 Oyster-Closed 0
121.19144134721864 234.44820138064358 100.887853936194 192.26658545162573 175.023633022407 156.58440491497473 195.32735733765003 198.7654484951052 Oyster-Closed 0
82.07032998757131 25.208476184949557 151.895051268486 25.36027666147253 151.66852432923042 129.55670058946478 81.84380288945613 129.40490116286662 Oyster-Closed 0
200.41878434222963 77.08478336046716 193.25486030411048 21.15796240453914 259.9537766127505 12.614202814434686 267.1178257116517 68.54087341041684 Oyster-Closed 0
222.10987052098426 147.22194572898886 178.0043060010721 105.00173293846763 242.926769056372 37.18150052260735 287.0319523167891 79.40137873811433 Oyster-Closed 0
281.0955778113348 154.41442852434267 253.06617084484606 227.11769870335377 162.919890905403 192.3641636003462 190.94974406562324 119.66190948225584 Oyster-Closed 0
305.22556724833703 278.6558301709236 270.29492971635773 311.25937978060716 218.54063046912052 255.817440463044 253.47059800003262 223.21446399998996 Oyster-Closed 0
258.09436463730526 345.03528860047334 203.44972194332877 336.7270875913491 215.04215488793488 260.4998975486111 269.6846345892809 268.8079336725504 Oyster-Closed 0
233.74656899309775 317.55142188309975 234.23224513102468 400.7217948534965 165.75977523227994 401.11984925947104 165.27589966297091 317.9512550536432 Oyster-Closed 0
297.929867045892 177.22493430062815 370.58037195840734 168.19439148324128 380.3011650683693 246.39251350715847 307.6506881800815 255.4229234947802 Oyster-Closed 0
289.3865949999963 123.84980299998296 266.9900832552885 73.24366323061076 328.73092729521886 45.919642406774734 351.12751013998786 96.5255302496717 Oyster-Closed 0
