398.46944532845373 288.7763714549131 347.0669174409413 281.8262091938817 362.4741323289454 167.89670935995474 413.874353746065 174.84671516526842 Oyster-Closed 0
0 139.210809 144.650735 139.210809 144.650735 334.448808 0 334.448808 Oyster-SemiOpen 0
30.650223222386558 385.27332133364195 43.12038930775816 265.00653099427205 250.6685797627033 286.51998654908704 238.20639608132115 406.77952958503727 Oyster-Closed 0
232.78412644859054 399.38363525898524 228.15148978626894 333.0897640314819 359.57923104802103 323.90616971010553 364.21442226081854 390.1972749056796 Oyster-Closed 0
251.48916643275516 0 251.48929046210833 57.156444756347554 71.26873908642665 57.156307600555266 71.26887017919216 0.00003915973521620818 Oyster-Closed 0
110.62292529621482 395.86084939274286 114.35550647809214 343.13181152982963 207.52686646923758 349.7250717659474 203.79600099372692 402.4524967971729 Oyster-Closed 0
392.34313139799633 0 392.34347747313586 120.59072666571362 252.08123813717611 120.59020905870742 252.08175100001972 0 Oyster-Closed 0
413.8494512118341 155.7519712256248 391.39241015367224 155.49066208320863 392.9815815138609 18.936672863366955 415.43812399997114 19.197978999999748 Oyster-Closed 0
297.3927561817982 66.83717613443459 291.2465998719417 107.6813413993362 159.72035846293875 87.88876456707129 165.8668339107062 47.04487100069282 Oyster-Closed 0
81.24478038505913 145.98057472747954 106.13099501895704 33.63447530833026 322.367540263047 81.53163692021414 297.4841123054539 193.87547141412298 Oyster-Closed 0
18.297653654582973 78.16597638422036 79.75524025318737 87.20765908434697 67.86218864145121 168.04446167451331 6.404620999968756 159.00285899999713 Oyster-Closed 0
