416.00066108766623 279.487736 365.2386138624315 279.4877359999999 365.23979935629905 169.13069399999998 415.9996738324444 169.13069399999998 Oyster-Closed 0
0 183.5072792523092 139.73739311361714 168.6725901636549 161.56727353568567 375.0002280269858 21.340729465275217 389.8341868764595 Oyster-SemiOpen 0
280.7701494295361 301.56828655008553 281.8739854705709 415.53337434172516 78.09853470056623 417.49635050028195 77.00207369131022 303.5385456480468 Oyster-Closed 0
283.47350239750085 416.69691469746346 277.27221240838117 339.48763636967567 408.86541753749407 328.91992569272713 415.06974191482004 406.12582133401105 Oyster-Closed 0
211.00388797178675 7.591145828800627 214.06964995155067 82.96388870238187 3.0895017168113554 91.54419316228089 0.024464965077640954 16.17227429871301 Oyster-Closed 0
163.63437735264233 415.999812038856 163.6364669423856 368.32825937422183 254.7112243316551 368.3316923704927 254.71063375992526 416.00173660179564 Oyster-Closed 0
189.56599805597216 44.58643657877873 244.65662440714732 0 393.9518152499986 58.697645097804745 338.8619382208781 142.60584815357194 Oyster-Closed 0
411.47593606770533 153.54835502019665 373.50248978248055 158.11576539577425 356.591046921887 17.51397686247964 394.5637187522261 12.94661258056755 Oyster-Closed 0
274.4667544986587 78.36342437489255 273.7027511403576 119.06449621526858 136.49076714657713 116.48761752563834 137.25523967896152 75.78693274904361 Oyster-Closed 0
72.65638891740673 183.2260011000644 82.19987292486985 71.08952114539993 306.2485706265252 90.1547166419604 296.7083214022241 202.28845402864897 Oyster-Closed 0
1.4569850000334554 125.21294899999975 62.32613585717991 124.50470572899106 63.264478590368526 205.146056353705 2.395327939233539 205.8542913008688 Oyster-Closed 0
