416.0011060622128 272.885611 368.27081296366305 272.885611 368.2717545679552 162.181961 416 162.181961 Oyster-Closed 0
5.663753720338718 155.10794828024464 147.3338508133529 152.47983271966095 151.28174513749036 365.27355416523557 9.611649958500493 367.90154584083933 Oyster-SemiOpen 0
66.84684195948648 405.04892886629113 67.8993007289464 285.3137285672835 275.5970858763394 287.13582553461106 274.55219661319643 406.8636170089816 Oyster-Closed 0
270.7673150857481 404.3337922567894 267.3044606291587 327.2126674673252 400.06588084293253 321.25151595081223 403.53183744653506 398.3693937648227 Oyster-Closed 0
20.080039 0 231.346545 0 231.346545 69.238165 20.080039 69.238165 Oyster-Closed 0
150.76688288357764 408.0860478785526 149.54767428905325 355.63689071893134 242.77853841222168 353.46959592870957 243.99934428276902 405.91711545923863 Oyster-Closed 0
378.74270597742725 0 378.7430516038912 114.28083090252147 228.81220125191976 114.28034183390605 228.81267496289001 0.00003798083787045935 Oyster-Closed 0
377.958597 5.951252 416 5.951252 416 142.677723 377.958597 142.677723 Oyster-Closed 0
287.90263831879565 66.1857111131537 285.7125666552238 106.90808642570974 149.73235144495266 99.59399945104644 151.92280828649382 58.871935276506164 Oyster-Closed 0
80.32619874721422 164.0976411227636 93.8944859564217 51.78173447168611 316.2616024609706 78.64231719063343 302.6962269937212 190.95582207904087 Oyster-Closed 0
7.981873000004271 103.27151400000024 70.86657675430615 102.31515054537816 72.0973743222603 183.24244305101539 9.212670632514346 184.1987967184604 Oyster-Closed 0
