338.074196902071 325.8288255749605 285.28237584360977 284.5356574052869 357.70915321816574 191.9539191823515 410.49908894876353 233.24595535387945 Oyster-Closed 0
175.11510368611926 415.9996354035723 175.11942128549344 349.24117368536366 308.9906932077065 349.2484974068453 308.9893812457376 416.0039343529081 Oyster-Closed 0
187.76670561102583 414.2882112893471 114.60625109602552 451.5849100126278 59.30712635909367 343.133898287412 132.46296985986555 305.8385797952363 Oyster-Closed 0
0 376.606061 61.155477 376.606061 61.155477 416 0 416 Oyster-Closed 0
0 289.946252 58.38055799999999 289.946252 58.38055799999999 390.608632 0 390.608632 Oyster-Closed 0
61.96296221179364 15.136722203714687 60.43282104630998 102.70296366488388 0 101.62218000652626 0.12536826386349276 14.056256691736682 Oyster-Closed 0
0 98.466781 13.775734999999997 98.466781 13.775734999999997 180.658082 0 180.658082 Oyster-Closed 0
360.27166434242827 31.519543919828894 359.17542443365164 44.05003709854944 288.6245306380042 37.877753031447725 289.7207950000011 25.347284999993416 Oyster-Closed 0
332.51915327676033 56.34568648058636 328.792994671061 37.57261636986663 398.87782464364864 23.661875293579765 402.6040175856324 42.4348897515277 Oyster-Closed 0
345.89515095544266 66.88820680294344 344.8158607566256 44.07518650540291 401.9631379999846 41.371480000018806 403.04248790608835 64.18444242227118 Oyster-Closed 0
332.0718074202123 174.54489303072427 265.0217591605906 221.21492642915752 152.87487962954765 60.097889651426804 219.92290628855335 13.428830216872795 Oyster-Closed 0
