328.73901990597733 336.5186232887328 280.96128761793807 289.85119932394326 363.2755224047178 205.59105808911136 411.0518117941865 252.25712769444726 Oyster-Closed 0
160.09448859336044 415.9996470516392 160.09874633136496 347.50561139756053 290.994688061488 347.5128073288275 290.99343861420857 416.0037863464864 Oyster-Closed 0
384.2225173475854 416.73027592315424 377.002938690679 415.92870675581116 380.2397109777303 386.78486717099463 387.4591410000139 387.5864279999993 Oyster-Closed 0
171.88383096783946 414.63390978796724 94.94939343437363 443.8875608010484 49.507818626851076 324.4026856607979 126.43681921515235 295.1501505723085 Oyster-Closed 0
0 354.732923 46.365711 354.732923 46.365711 413.971409 0 413.971409 Oyster-Closed 0
0 266.257054 49.852508 266.257054 49.852508 370.393611 0 370.393611 Oyster-Closed 0
10.960374101487105 0 87.0790229999875 6.089157999999623 78.22232829272616 85.83753715378641 2.103684722147591 77.3839993762394 Oyster-Closed 0
0 71.611825 25.859558 71.611825 25.859558 158.659479 0 158.659479 Oyster-Closed 0
393.1834983183435 36.980756067733765 390.6799632825896 57.38356984427251 308.15239923217086 47.25686696464586 310.6559880000277 26.854117999982883 Oyster-Closed 0
357.0149064749312 74.74982278391924 350.0424913682873 50.66319192913963 413.25682983652587 32.36440683168313 420.22929093451967 56.450965192648724 Oyster-Closed 0
412.84242003907275 83.30382778907554 365.176033069416 80.52759973565315 366.4515288159564 58.629737834829264 414.1177839999946 61.405961999998766 Oyster-Closed 0
339.50128593734553 185.82117157343546 267.6772117275432 225.14014896416947 173.81772764937705 53.68935696859169 245.63931212801617 14.371220488460459 Oyster-Closed 0
