0 218.093086 128.119819 218.093086 128.119819 365.545459 0 365.545459 Oyster-Closed 0
6.016578252994805 224.16250969488772 0 123.00441281746501 80.38061071842458 77.49573722341854 120.57002268553697 178.6522495397501 Oyster-SemiOpen 0
264.8473883205261 350.95430268236277 177.13605068647303 388.9494709133274 125.87363912604633 270.6239497012943 213.57964083589104 232.6300899610878 Oyster-SemiOpen 0
362.88993019886766 332.2318752244172 379.5197545971969 403.9702631789929 213.903698725102 442.3452922085517 197.2786172682172 370.6109886641324 Oyster-Closed 0
149.9085709617102 367.67391210754266 142.7224010176178 421.556675469569 56.90207303232819 410.1121815181154 64.0895859536613 356.2310143373604 Oyster-Closed 0
126.29190907484372 415.99971419006465 126.29374227376684 374.418334529343 225.65250814282626 374.421286227898 225.65210902905164 416.0012614735427 Oyster-Closed 0
312.9918022773163 30.034467230164054 287.9235714127899 177.39448586586954 136.75358962787868 151.67675131344686 161.82331003389118 4.318000889917333 Oyster-SemiOpen 0
174.15584677297375 172.63432168623865 264.5555909647737 163.42666117443036 279.640405039856 311.5151845592198 189.24068181653274 320.72256331931476 Oyster-Closed 0
379.9189430613769 400.76375435749213 279.97444212598566 384.9171139199728 302.8138283872722 240.91992707001043 402.75062196043655 256.7659645825061 Oyster-Closed 0
66.31855655277468 212.61957881573252 116.71229100904748 164.93875130944156 172.77766847251405 224.19001855497254 122.38466395368596 271.8701055445963 Oyster-Closed 0
350.40440776486867 179.54385960582795 277.80925083769034 223.50306716386498 224.49713743499888 135.46478033379947 297.09075448654767 91.5061692514472 Oyster-Closed 0
70.08098277977115 83.65679082484759 142.2595101476545 33.915274952834864 201.23919078540348 119.49831144423358 129.06109483125329 169.2393559881404 Oyster-Closed 0
181.6890718456125 11.64294793563206 179.10986786015565 51.89237166708711 60.60967250966496 44.29859809319813 63.18899000001329 4.049334000009217 Oyster-Closed 0
124.7724663451736 50.78535522955395 77.39972358280284 108.8154848117036 15.20037467693328 58.03927399354673 62.573040668819885 0.009315020835960742 Oyster-SemiOpen 0
60.8864499301053 184.14529903024345 104.52638480306996 130.26391890645445 202.22116897460364 209.38479650178223 158.5824857410298 263.265006489339 Oyster-Closed 0
189.75613355134556 375.3178938457384 128.60834349755532 389.44604965349754 101.03346292220158 270.1138809101252 162.17725346072984 255.9861990240989 Oyster-Closed 0
315.8228780423524 23.58637680120045 392.34858795052423 57.17450618071025 358.88036536171785 133.42618352163714 282.35476190855115 99.83823832529274 Oyster-SemiOpen 0
419.85024949042054 48.21386844854551 412.5384553633048 91.19398392942334 337.2345111764589 78.38310164102138 344.5464466045014 35.40317045027778 Oyster-Closed 0
302.60941363978054 242.61744920164656 304.00255417370863 177.59087561300518 407.3137039869871 179.80361543398297 405.9218363261971 244.82895830472856 Oyster-Closed 0
284.3193599999868 335.98681800000526 239.55699411063688 305.6435193073063 287.433082827818 235.0284500315689 332.19410629709455 265.37112390761314 Oyster-Closed 0
328.9116145052212 219.87809599300806 331.4092749999836 264.39521699999216 286.840101488433 266.89502449435327 284.3428853611549 222.37831680331666 Oyster-Closed 0
309.1491850000093 190.27142499998956 305.6574336955273 118.61178248178774 394.17622513793685 114.29854847256242 397.6687781109649 185.9573579567064 Oyster-SemiOpen 0
408.50077658519876 169.7552227101879 382.68905276917576 168.40252429673205 386.7879701370657 90.19728691349285 412.5991820000345 91.54997100000062 Oyster-Closed 0
394.11464023176813 72.93480377768917 416.6491445356842 110.44767355161825 358.68621126744983 145.2657885439796 336.1519812632105 107.75315630581497 Oyster-SemiOpen 0
46.63281886593904 85.8036757684621 11.5186088507362 81.98674622368172 20.458522021162935 0 55.572528000029706 3.561249000000722 Oyster-Closed 0
0 208.349312 46.754899 208.349312 46.754899 277.822552 0 277.822552 Oyster-Closed 0
0 360.758706 66.199972 360.758706 66.199972 407.028919 0 407.028919 Oyster-Closed 0
61.67316593250507 382.735155407019 58.401864853181905 337.0678354970446 144.19713984573536 330.9231622193539 147.46957739269055 376.5892170097542 Oyster-Closed 0
242.8241118097976 139.06168206071948 243.63486499882129 174.19962344641027 163.0109381475486 176.05922282039876 162.20058715618143 140.92168381014625 Oyster-Closed 0
