147.4001549153545 254.46642912422004 115.68901211195043 415.37915327861293 0 391.82904821580337 27.904234395118692 230.92178480746944 Oyster-Closed 0
0 108.180453 83.681961 108.180453 83.681961 250.00074899999998 0 250.00074899999998 Oyster-SemiOpen 0
284.71652957958213 327.3862068460703 204.47996266291375 382.4238781789636 132.82566454084736 277.9755272716051 213.05840218277808 222.93965970490171 Oyster-SemiOpen 0
376.9371573887365 287.4988263474844 413.448874648795 364.58679512165844 252.2689063149228 440.90330772072764 215.76231556132552 363.8196825838696 Oyster-Closed 0
93.80967299999611 416.00000000000443 93.81162287310508 371.0695936453823 176.58382749234443 371.0727808164228 176.58316697333794 416.00188788055436 Oyster-Closed 0
152.96469810676354 415.9997156690582 152.96663269321652 369.25019162461405 255.07088413517704 369.252928032423 255.07059505011057 416.00084636301125 Oyster-Closed 0
338.9528490000084 415.8162820000033 336.74468601305125 373.5638346334118 393.13879577312764 370.6172801888432 395.34773875079554 412.8688994957168 Oyster-Closed 0
269.00088832423353 3.2824423289487905 276.79717799021455 152.40533810516897 126.03578210047999 160.28558156034973 118.24107283938429 11.163933444730233 Oyster-SemiOpen 0
162.65626767504 170.1949815950768 250.6964485403696 144.4208039740879 292.2463285081503 286.33799299473435 204.2064102914046 312.11143993062365 Oyster-Closed 0
394.24343507849335 354.07690299785435 300.04423202050384 348.0410609224041 309.3575224289052 202.76304674691139 403.5504050025447 208.79869377326352 Oyster-Closed 0
64.93802421261717 235.62374919415686 105.23595830395789 177.5526412810681 170.6374794980402 222.93396137481687 130.3405910589354 281.00414121372387 Oyster-Closed 0
335.47153686061574 123.32260575187043 278.4970638960658 200.2309446791356 205.43717559662036 146.10839676208752 262.411368201796 69.20083422704965 Oyster-Closed 0
45.17625755449262 108.597553265557 107.22215190988572 44.25476168433697 180.52060624467413 114.93586422828356 118.47542812663232 179.27798395038522 Oyster-Closed 0
143.5214314532168 9.84198173759744 146.08183561523765 58.81852007983526 19.82524116400964 65.41861046511761 17.26506247193538 16.44230763024989 Oyster-Closed 0
93.02666175013292 64.52377809729167 58.30132668871738 132.30683997497655 0 96.2887112341908 22.72004848776851 28.5059699574238 Oyster-SemiOpen 0
55.484449386531196 209.4460984717089 87.37224859448543 146.58382489249976 196.9312794007128 202.15532173040967 165.04510457243668 265.0162062695352 Oyster-Closed 0
215.130004673254 367.4008278091112 156.8749962967231 392.95867857630174 108.71170415103188 283.19524885646877 166.96331315831412 257.63824565457696 Oyster-Closed 0
274.5869577756639 1.3790282250313735 355.11743340121757 20.276344359450047 337.3669753545655 95.91925390978983 256.8365250000352 77.0219980000051 Oyster-SemiOpen 0
399.86754559802284 13.963570980261526 398.88599123943277 42.07297337738081 316.64501286207087 39.2011012246351 317.62661900000603 11.091765999976936 Oyster-Closed 0
394.6137662470901 127.35446396039983 410.0233399001918 190.04000403530733 306.19111928466737 215.56169765533022 290.78271445567225 152.8771655502769 Oyster-Closed 0
300.9205695329656 308.1496298079856 252.06357542721526 287.0258218369777 286.42758046333984 207.55760532158416 335.2829479999964 228.6810160000069 Oyster-Closed 0
322.36137813875393 185.3952610731312 334.3369670000029 227.8997480000138 291.51518425874383 239.96332723918673 279.5400032876605 197.45918502076108 Oyster-Closed 0
299.17273899999054 160.3729240000135 280.39300330826154 91.82406662167847 366.5767367318185 68.21344306352549 385.3568549519805 136.7617082258957 Oyster-SemiOpen 0
401.08095423754276 120.36590012691472 365.86056409687444 121.18774170870907 363.9118189943583 37.66432436505174 399.13178427208913 36.84248786333969 Oyster-Closed 0
361.5085990841617 27.215416948187155 390.5630375685687 58.74675575326576 339.88054764922344 105.44746512168484 310.8262345735857 73.91624841948769 Oyster-SemiOpen 0
22.548424664058984 116.04913447548554 0.026936159323668107 116.18008292764804 0 16.337681350295377 21.967784961365396 16.20673364879444 Oyster-Closed 0
5.028883580747788 329.0534901614514 0 310.90752297311354 12.15114542900119 221.56503251609587 49.01335502505026 239.7105679947762 Oyster-Closed 0
0 381.813811 93.986887 381.813811 93.986887 416 0 416 Oyster-Closed 0
91.36689534936522 402.36896427146644 78.41396822819661 358.93912868872894 160.89661321676977 334.34443679799875 173.85022737912368 377.7730257920272 Oyster-Closed 0
224.5920289966307 124.94368002392304 232.95083643214457 158.77792624546157 153.35520009979155 178.44080195331503 144.9968245868913 144.60693234915598 Oyster-Closed 0
