279.3142057337427 0 354.47656056977576 10.551736534638497 298.94940207329273 207.06946978336302 223.7871637015087 185.83262027949542 Oyster-SemiOpen 0
124.01559999709207 340.7122262400569 55.426049722733296 366.9909797568044 0 196.50660651692237 58.68665597380823 170.22898210362666 Oyster-Closed 0
17.0658036722416 110.92306655671963 125.12954135946347 60.358478105345974 232.35657983691635 289.50638604063374 124.29424016803387 340.068668612878 Oyster-Closed 0
229.4375032282769 136.7241194898932 108.28432721864738 104.94048255344791 144.11082571200677 0 265.2619165974138 0.16587460140491941 Oyster-Closed 0
2.9212304514476273 62.71985666325504 76.22030884523338 59.306004737935595 81.82973474886239 179.74401965915268 8.53066142940952 183.15782787216872 Oyster-SemiOpen 0
412.60111347881684 63.38055458391056 370.9810449824363 67.50528232546765 364.4032890255112 1.1327670819607096 406.02320297385086 0 Oyster-SemiOpen 0
51.27833199998713 415.25745399999033 49.37864294868632 333.4208132386158 179.9468407464592 330.3893526401985 181.84993392693286 412.22253546331484 Oyster-Closed 0
18.786171999970975 302.6932860000018 79.56419779428325 296.67135790236495 90.92647681235758 411.32481209207515 30.148492643427744 417.34652091870805 Oyster-Closed 0
189.65022453176425 0 194.66182583232512 62.31966664853169 94.44799978257652 69.92261027320345 89.43659899998238 3.8674839999790147 Oyster-Closed 0
363.55993200001103 0 363.5599443982501 35.55403710031858 315.3470390778166 35.554022675581756 315.34705399997983 0 Oyster-Closed 0
416.0001616231348 157.226758 391.3486713209568 157.226758 391.3488557930614 94.91680200000003 415.99998987843355 94.91680200000002 Oyster-SemiOpen 0
274.8504748703963 353.3061820913877 225.15258137555793 365.5767915306641 204.0658052137078 280.18302731784576 253.76128314510424 267.91273622732666 Oyster-Closed 0
451.5072443048339 358.5531848506602 323.4434440002551 436.3488237943132 218.72000928749912 263.97793560137904 346.773270440488 186.18640626616255 Oyster-SemiOpen 0
190.4548100000393 206.93932299999955 250.15967848034052 205.74901118044787 252.6114690165523 328.7145661122363 192.90660219053825 329.90484349371786 Oyster-Closed 0
274.9537972313665 243.258803964679 166.04619553459997 271.3637298776726 128.15681062476142 124.54057643440859 237.0597466839463 96.43624658690813 Oyster-Closed 0
283.7943804356837 202.47415072555418 323.86439520149725 106.5445523721546 434.94234714304184 152.94015021625174 394.8744739501999 248.86793021963226 Oyster-Closed 0
