36.37445318992468 212.34506289980644 154.25952788655195 249.84827730762535 106.29985704446881 400.57723098684534 0 363.0756052893049 Oyster-Closed 0
0 90.398034 100.029659 90.398034 100.029659 227.241101 0 227.241101 Oyster-SemiOpen 0
280.82245799508746 350.2039352941965 197.59285371960505 393.56956802290637 137.06632195821294 277.41836529221587 220.29104085409926 234.0542591056449 Oyster-SemiOpen 0
377.6899591650181 327.78082181780724 398.3249924493175 401.620312859438 238.60033008638857 446.23867602284173 217.97013453675754 372.40331670504753 Oyster-Closed 0
79.39396999997552 416.0000000000205 79.39620001722506 367.60094267803925 164.84751732668155 367.60431207033236 164.84671296882516 416.0019456584804 Oyster-Closed 0
145.34124683709524 415.9996406501964 145.34294592104197 378.36851713783415 246.20626829952016 378.37150847592244 246.20589349509828 416.0013356044056 Oyster-Closed 0
302.89364060671505 27.65317891130194 283.9415062424814 175.33466484799118 134.33920893936374 156.13454848804176 153.29289949953454 8.454375656670212 Oyster-SemiOpen 0
176.8924490938589 178.75792731952944 265.45080170374786 162.53419276031062 292.3680094382289 309.4512477796705 203.80975843157648 325.67448217953154 Oyster-Closed 0
399.67915906085545 394.4279105520513 298.67092747489005 386.754040064171 309.6852518220294 241.8508700355521 410.6856915643257 249.52445330880005 Oyster-Closed 0
72.23220653389944 220.24952097444287 118.7832743530671 170.77403348597565 179.4995646358111 227.89730341632938 132.94933102492723 277.3719840607298 Oyster-Closed 0
351.83618256404225 175.11632047989556 283.73561449977205 222.82003421128627 223.88888084617065 137.38691308001606 291.98811899998327 89.68384950731168 Oyster-Closed 0
65.75032261223896 91.3459297619013 133.155794284914 38.19905025508772 198.73157983052442 121.36711954984936 131.3266321621013 174.5134586698212 Oyster-Closed 0
171.66805043787463 13.007995868158169 168.31255919927935 57.29168198309984 43.41783947435397 47.827802310905646 46.77346989814396 3.5442863119560712 Oyster-Closed 0
117.36800187477274 56.08846254313815 74.00581130546198 115.37741735794812 8.080994240415748 67.16203595038041 51.4431327246275 7.8732923271107484 Oyster-SemiOpen 0
63.76742231645039 191.4700451300216 103.70134575759585 136.4403566613339 207.71416755370956 211.9155167375374 167.7816229617165 266.9439545786561 Oyster-Closed 0
208.32154910246027 377.99027275005955 149.24851780928657 396.5291704999762 111.85189429340971 277.3844363683386 170.92106132182016 258.8461813951467 Oyster-Closed 0
304.87444189170856 21.979147433815328 384.6424905435015 49.81327056434336 357.5005753043697 127.5968425945284 277.7325926901285 99.76286323394373 Oyster-SemiOpen 0
420.11080976574885 42.69692372287071 414.5829073837958 85.77080478024988 329.20383968378883 74.81343793687873 334.7319023274322 31.73974576979358 Oyster-Closed 0
308.17039539050893 240.7892171122671 306.9051232715501 175.6249895960569 411.5954612373571 173.5919388875808 412.86195215191765 238.75493804706488 Oyster-Closed 0
299.2242077851115 334.91492463605607 251.61866444740008 307.45496789262785 293.50293059525575 234.85520140251123 341.10694800000056 262.3146059999929 Oyster-Closed 0
340.24760888572564 261.3701871188364 298.5156904194446 270.6934665363414 288.2433251379225 224.71676614199643 329.97445320882616 215.39357707510013 Oyster-Closed 0
312.0859789999922 188.12022200001724 305.59705821640455 116.31672766266037 393.2912811985734 108.39191307293568 399.7809372445481 180.19459411795967 Oyster-SemiOpen 0
412.92169158705656 163.78849776024856 382.66333062822014 163.08424347398642 384.52155839718034 83.26196047341593 414.77936100001534 83.96620800000021 Oyster-Closed 0
387.251536251315 67.13953755237588 412.2876774687502 104.03864865946454 357.43621723205797 141.2545309514107 332.40032264486945 104.3556382755228 Oyster-SemiOpen 0
42.49116511853572 94.30912688841714 4.632673767275264 91.92459158001041 10.370301429495157 0.8326122683910208 48.228507226544025 3.217138637431377 Oyster-Closed 0
0 215.68182600000003 53.355527 215.68182600000003 53.355527 298.828216 0 298.828216 Oyster-Closed 0
85.66415512508684 369.0380632021189 84.94730651573627 415.8379044110712 0 414.5245704096058 0 367.72614599999224 Oyster-Closed 0
80.68172702771699 390.86412872621406 75.47827367602076 345.1092466379752 161.10733636577424 335.3731293035645 166.31188108386777 381.12671779994525 Oyster-Closed 0
242.22221340314718 139.57446966241224 244.48722229732812 174.78519945828492 165.2525014214225 179.88133488383605 162.98790940941035 144.67100684397866 Oyster-Closed 0
