268.42521135749485 0 341.48273811806575 6.461253547771759 288.161019346735 192.48738660096186 215.10358928206188 171.5470873783533 Oyster-SemiOpen 0
110.4310879140321 340.5976318293842 37.71982284819751 363.17180221413463 0 197.05900184569833 58.84957164881416 174.48576519311166 Oyster-Closed 0
38.67151561794526 94.38619124031729 161.32111629590145 66.67557864768094 213.40364181411132 297.18604910320755 90.754474149835 324.8954950855365 Oyster-Closed 0
202.46289792594325 143.03734199065525 99.91639923154435 100.21911919744113 158.40712496272317 0 260.9517315628982 2.9598004094313306 Oyster-Closed 0
0 67.817597 69.394001 67.817597 69.394001 185.223284 0 185.223284 Oyster-SemiOpen 0
403.6498769736427 0 403.6498922615283 37.43821880310433 359.14423661947876 37.438206681149794 359.14424825846436 3.29659366275901e-7 Oyster-SemiOpen 0
39.70813599999747 412.9910969999994 33.68324612548531 333.4305738420454 166.3008216445087 323.3887789761555 172.32884103855395 402.94591073707045 Oyster-Closed 0
8.115335999958916 309.2252510000015 69.43267066764747 303.82619756940994 78.74568853796882 409.5726108337508 17.428384581406135 414.9714830280814 Oyster-Closed 0
176.89957200000208 0 176.89965954494255 64.37579638619403 82.18043152498285 64.37571563204833 82.18051072683738 0.000031412292164670966 Oyster-Closed 0
350.10517900000195 0 350.1051801752037 13.809844850393526 319.4505657693262 13.809843560280866 319.4505670000035 0 Oyster-Closed 0
392.0120350957659 66.5082217592477 420.17432908049886 72.6359116171476 407.05185234133023 132.9446067346701 378.8895674659361 126.81695036626438 Oyster-SemiOpen 0
416.0000851189616 246.02852500000006 401.5950758908366 246.02852500000006 401.5951496609596 219.298099 416 219.298099 Oyster-Open 0
264.0015342793522 340.1659342997165 213.14510046195937 352.373433813554 192.51647170229626 266.4442906405427 243.37051546293515 254.2370970839552 Oyster-Closed 0
449.65196813996226 296.7488569618537 333.33828615701714 413.4568499782321 203.24158961762078 283.8126342847439 319.55004209182516 167.10989568239688 Oyster-SemiOpen 0
180.7470309999735 198.40073500000017 240.4622094860606 197.90551493948715 241.46429178267135 318.72708862704405 181.74911372019415 319.2222951298185 Oyster-Closed 0
265.19819675802864 229.15545904489397 153.652167480177 257.2281887834043 119.45933007755593 121.36286264126353 231.00119249390264 93.29064616987776 Oyster-Closed 0
275.2646208746155 186.18199426980541 309.1630845975451 84.2630494489138 421.2626517905628 121.5464925919424 387.3661124034079 223.46379760755036 Oyster-Closed 0
