292.68830368707495 0 367.9298147598165 17.72750106830064 302.95202385434095 216.79210842708335 227.71069176058518 192.23300971242418 Oyster-SemiOpen 0
122.60231863033187 337.4135719670964 53.84282977598559 360.821283269506 0 185.69392598747297 62.97382922077668 162.28720733074445 Oyster-Closed 0
24.36959230345019 102.66467460727193 132.86247231360903 57.022927253506396 232.32036013196557 293.42792257319525 123.82864263111333 339.0675799733441 Oyster-Closed 0
236.43074662077197 139.45169668886697 115.10274494728219 102.42780013787552 157.39548660070795 0 278.72130771232696 0.8626888191005275 Oyster-Closed 0
74.46505492647702 176.0547509502631 0 166.4580854651551 5.359856434581161 49.64267943553093 88.02537609551291 59.23924444492066 Oyster-SemiOpen 0
416 0 416.0000647144625 83.88244094251056 376.90425510133355 83.88238160995323 376.90431548998095 0.000042408559619317545 Oyster-SemiOpen 0
46.38283099999899 416.0000000000083 46.38872066476688 331.2572914304695 178.18653967145656 331.2650381499492 178.18429189645394 416.0041631218775 Oyster-Closed 0
18.714233000002423 292.0315650000013 79.61376518624093 288.1298309196606 87.30867929258602 408.2108399121826 26.40916713892875 412.1124287489036 Oyster-Closed 0
200.7895602722674 0 200.78965025141588 66.11077404553755 99.89744056305426 66.11067160146811 99.89754099998027 0 Oyster-Closed 0
374.6199186783997 0 374.61994948009306 50.471640190426854 308.5487542698211 50.47159860158072 308.5487949999806 0 Oyster-Closed 0
416.00013373615366 176.295284 397.49267188343947 176.295284 397.49283423220186 114.44976000000003 415.9999971424659 114.44976000000003 Oyster-SemiOpen 0
273.104974519847 360.75986620307225 223.33053538302192 371.179948182808 205.37663726874598 285.4287497023569 255.1485918333492 275.0089418202117 Oyster-Closed 0
449.01368241628006 378.62429349871246 319.8966666915039 449.6462950541686 221.43609942144394 270.6690061458074 350.541355520716 199.65096595552865 Oyster-SemiOpen 0
193.9322099285746 209.70608251708296 253.78497085910203 210.60731786677408 251.92693180870265 333.98881505953426 192.0741710079492 333.0876062728652 Oyster-Closed 0
124.7177856704111 132.96214601794574 191.62635530541593 65.31281792005791 319.83147004286 192.1102543972141 252.92483548427117 259.75771753774893 Oyster-Closed 0
287.166988134486 212.1253622420981 332.6809240786679 120.70625222644361 441.82889055054693 175.0439670170226 396.317192085382 266.4611676268512 Oyster-Closed 0
