393.47125233055704 0 393.4712832752193 42.02152338491161 313.86791058873496 42.02149218978606 313.86794199999713 0 Oyster-Closed 0
140.76485999998113 0 140.76492239922663 59.7727848570633 66.09102801179324 59.77272986520308 66.09108192815256 0.00001739295502385143 Oyster-Closed 0
67.81981938269018 63.14935564065487 15.106764196170843 50.61898126271996 30.118073680354428 0 82.83091500001683 5.20974856823724e-12 Oyster-Closed 0
232.57082125537636 116.17285955198834 192.99211096614818 154.01854060856397 119.037671090824 76.67844528300537 158.6160009957748 38.83310284149067 Oyster-Closed 0
230.00169799965443 152.6504369035863 205.6146005756491 84.7393852040998 323.075187157825 42.559347995674436 347.462636746699 110.46966406259814 Oyster-Closed 0
346.26123376750184 105.62361942790402 354.4840157188737 123.79554710125187 296.7895180304804 149.90128146770937 288.5668891766036 131.7294840534362 Oyster-Closed 0
404.87544897318 108.32855289364139 416.2861772806791 172.42841372122723 343.2639020511051 185.42626366140865 331.85386662812016 121.32701260739717 Oyster-Closed 0
416.0002918573773 182.074221 377.04217426607283 182.074221 377.0425377987449 121.89237599999998 415.99998913757736 121.89237599999998 Oyster-Closed 0
386.5899966222278 284.6505766024248 335.0299462427138 322.88131465227696 243.51023572210397 199.46403317614235 295.0679246727959 161.23457901072462 Oyster-Closed 0
192.50847422995867 135.60992439522423 167.63504003665003 176.7925089817815 102.21103269180458 137.27877416880767 127.08443046289176 96.09659211930234 Oyster-Closed 0
416.00112257056026 387.804122 367.4337918633464 387.804122 367.43476222629033 319.276793 416 319.276793 Oyster-Closed 0
161.40254408098554 251.12021077799952 101.84355999427135 242.71467511648564 113.9796723343461 156.73629515217846 173.53685024354854 165.14170233260995 Oyster-Closed 0
15.021414601873403 184.01954425122094 69.69841171454027 179.55668052082214 74.89351366152187 243.2000306912234 20.216523163639067 247.66284066591126 Oyster-SemiOpen 0
21.60549000197716 264.6778062188998 83.55040262950934 259.62211810348805 89.086448500384 327.4428547517579 27.141545166352444 332.49845337750355 Oyster-Closed 0
19.831539774208068 242.9463912411162 55.49808728698554 240.03531813605244 58.663617224061454 278.8150670797501 22.997073420294328 281.72611425101024 Oyster-Closed 0
76.3393621236828 255.1665465799751 132.7970620790329 240.16588928297793 152.03460179842295 312.56063626773084 95.57701138692573 327.56101428752595 Oyster-Closed 0
27.223342037716066 333.49965827054933 85.80205817586102 328.71901723121323 91.14133570813647 394.12849778511406 32.562632323311846 398.90903857053456 Oyster-Closed 0
30.701224999997066 376.1055210000012 52.998345201314805 374.28593469127395 55.99057358318896 410.94275628154446 33.69345597337815 412.7623193388258 Oyster-Closed 0
