381.4788469996747 4.438803588006373 380.77174892676703 65.214637372683 293.6154433187912 64.20042148569594 294.32270200000494 3.4247550000048133 Oyster-Closed 0
79.23600825521135 82.57661325896746 41.65023966753142 37.74767511132726 102.732321663123 0 140.31801289931536 31.36386356677275 Oyster-Closed 0
17.533667551633698 0 74.32975494424318 7.760780854191636 62.343871754274005 76.36541832424327 5.547790652108233 66.44264500342528 Oyster-Closed 0
227.27998621774168 135.9601757933497 190.5514193605486 172.8681245401745 111.38384293701165 94.08667678958446 148.11199838226457 57.179140424729205 Oyster-Closed 0
224.9938343665017 173.09913463171745 200.9215624060089 103.14327931718054 316.5183229822178 63.3663839883124 340.5910427219642 133.32134475243015 Oyster-Closed 0
340.55487080481544 127.89432270230277 348.8813124318913 146.69954777757405 292.80176719816154 171.5288049604114 284.47550542443787 152.72373279490054 Oyster-Closed 0
401.6273019650944 131.7279342575836 411.80555073955475 196.75539729757665 339.6596303708211 208.0464651672644 329.4821746159723 143.01970701449162 Oyster-Closed 0
416.00026991616323 205.09485700000005 375.9467909038249 205.09485700000005 375.9472694299584 145.59986499999997 415.999982430003 145.59986499999997 Oyster-Closed 0
392.53933531602524 307.2322254688058 344.7663031863922 345.37842211220504 244.79271482325566 220.1885587621273 292.56340823404025 182.04381284764324 Oyster-Closed 0
189.20621501592905 154.74170107121853 165.51461628905236 194.14964611133826 98.37588378711007 153.78799870349403 122.06744599410376 114.38049738256572 Oyster-Closed 0
416.00095080552273 412.3570750000001 379.36475322217666 412.357075 379.36547982560296 344.20353 416 344.20353 Oyster-Closed 0
165.94956634718983 266.0397647046366 105.56026373457644 261.72073690915107 111.52415932837539 178.35597542513125 171.91152332960337 182.67493424949075 Oyster-Closed 0
15.46368759633333 198.81606017685587 69.55648543822099 191.57073794640988 78.32067553345405 256.9977575984252 24.22789686264514 264.2429835625388 Oyster-SemiOpen 0
26.675206878135214 282.51199241186475 88.98515093514652 274.16675060554553 97.84330736974516 340.29585851371155 35.533390670025256 348.640948067312 Oyster-Closed 0
23.3237615140024 257.4931473661461 59.44181508322799 252.65560925966125 64.64156729066235 291.47313996617527 28.52352367624553 296.3106323383276 Oyster-Closed 0
82.09177663385708 273.63475549298266 135.91804029412742 255.66178160301914 159.63154911438687 326.66990850735056 105.80545538831939 344.6425284982671 Oyster-Closed 0
97.23168365118545 342.5805972160699 103.8268816676864 409.1304554127432 42.27635248500519 415.22716021026116 35.68263608110283 348.67865407666295 Oyster-Closed 0
40.90207199999713 388.71826999999956 65.89322786014236 385.3715407627049 69.9960290000381 415.9999999999974 45.004880415795924 419.34669256118684 Oyster-Closed 0
224.7596900197641 2.6153142992084955 224.5603471043978 19.747157085698596 175.46080586436074 19.175828922835937 175.6601567395919 2.043995382293812 Oyster-SemiOpen 0
