287.23404130807467 47.547855924832696 268.5765619530903 218.2636771227156 0 188.62380980559476 16.084436190169072 17.912588619769103 Oyster-Closed 0
176.13103238158874 384.4375114000613 104.95330151014787 333.45489100249176 253.08823399216635 126.67347621341919 324.26011190392455 177.65308688967173 Oyster-Closed 0
284.90227601457445 159.81123145300782 285.3149864924162 0 387.9025372636097 0.029398543893926758 387.4909880284067 160.07483890669334 Oyster-Closed 0
332.5399249999791 0 332.5399579419973 42.52380013133395 255.49394217583904 42.52377759492359 255.49396636241727 1.026087579777573e-7 Oyster-Closed 0
1.072817700518499 20.470521777913802 45.656560974024615 18.134007973732437 49.92857817722688 99.6493108893092 5.344835404182959 101.98581476492383 Oyster-Closed 0
0 208.35323464983284 22.504249603676726 161.33961728096972 154.35431523244188 250.59325255501574 122.52833384037876 297.60534741082887 Oyster-Closed 0
14.329487999992125 236.23959300000325 103.10859715696643 218.9570709810072 127.17442326184391 342.5652606328926 38.39547877182849 359.84721675666526 Oyster-Closed 0
82.0330310000063 412.1401969999812 78.80146724475344 361.6845026338825 182.4978321310009 355.0441296890464 185.73104507844255 405.4980142906114 Oyster-Closed 0
168.75064986784855 198.0670379949554 172.33489643424764 302.94278530385105 91.39285489152826 305.7070894016294 87.81055701811783 200.83323986283287 Oyster-Open 0
324.28250806768847 162.3611301998205 325.96893864464437 215.6247318957718 262.49338396667736 217.6336486489933 260.8075323615303 164.3705910508365 Oyster-Closed 0
250.72227070003282 346.04106723781933 251.5662707594347 213.2789766366593 416.8385407356036 214.32988240044986 415.999983601705 347.0862906896712 Oyster-Closed 0
325.45842949549115 376.1573364755222 252.0480325270728 442.0997599130003 175.59418877641292 357.0043238336189 249.0016444171015 291.0642111508318 Oyster-Closed 0
416.71569357320914 267.6009447268772 334.04544642855035 270.29642729855743 327.79026043107297 78.37582963204987 410.4554091833561 75.68043312333288 Oyster-SemiOpen 0
