301.5656653389706 86.95948074277102 250.03140833393627 246.62316249481276 0 162.1868437901842 39.978039508660004 2.5280255645179692 Oyster-Closed 0
259.03496932150665 159.16847741432264 321.93495172500843 225.15017503968963 145.85376871243352 392.98042558160927 82.95770134114355 327.00260344832304 Oyster-Closed 0
314.4755512838274 4.261760954904416 415.36139088320124 20.745768409734023 383.85881334365695 213.54516790758873 282.97303855319115 197.06147366170282 Oyster-Closed 0
416.0004668406582 333.041184 403.4257208319541 333.041184 403.4261117591377 189.779645 416 189.779645 Oyster-Closed 0
375.2448748856077 15.289866893820843 372.4333733871172 84.29477305117062 272.6196522353639 80.22767132862182 275.43142189494756 11.222990750915677 Oyster-Closed 0
0.20765799996661372 7.136735000000625 64.6653041977006 5.261219716939359 67.01069820867997 85.86744495447162 2.553051599254104 87.74295421533748 Oyster-Closed 0
0 179.7771614491053 21.49523627860981 140.61652648481794 143.32900515240908 258.0863166299779 105.56968351129035 297.2456733239245 Oyster-Closed 0
105.8201712853297 307.43024946349533 48.09727166420271 367.75149446188414 0 273.7343262419485 7.556913879878266 213.4153159595627 Oyster-Closed 0
44.623262000022805 416.0000000000083 44.626623122599995 355.5512419492505 154.28998366367523 355.5570305220581 154.28888494097555 416.0034665451658 Oyster-Closed 0
164.30946357323046 209.43363231392402 146.40593908420124 311.47226756818037 66.26405392933157 297.410907555473 84.16901670271909 195.3741622146986 Oyster-Open 0
323.19187844224507 206.86658395651295 313.9746390547625 258.65264410929956 251.50586112237215 247.5342620371973 260.72361240398095 195.74883587984442 Oyster-Closed 0
446.471697762041 373.28534704253525 382.1383510243322 463.46533339147703 197.64916052944682 331.87240967146397 261.98094663903976 241.69815405068317 Oyster-Closed 0
291.69825457526167 409.2378143350619 212.30064955588023 461.0740333983062 152.12771672901363 368.9270925958863 231.5210871056188 317.092714504808 Oyster-Closed 0
408.66201015546176 328.4506716654498 323.3052360976326 325.0391550302563 330.973783182395 133.2887468309171 416.3236757368577 136.70012263791952 Oyster-SemiOpen 0
