304.1086328185229 100.84018490811356 230.09129668746755 258.0607098363177 0 141.57264383219078 56.6813316553671 0 Oyster-Closed 0
85.16825206807698 385.2191776661149 34.9774178863081 314.61589695854974 245.0033177958794 165.3314418559562 295.192686826671 235.9302086708863 Oyster-Closed 0
352.4463889367362 15.744781194558366 440.20978290542917 58.66466639506549 347.7423882181065 247.73757591744715 259.97959511731824 204.8187398367252 Oyster-Closed 0
374.9464979999939 377.7054110000025 352.09414531214134 374.09538064594045 378.90401190065677 204.4197511419118 401.7543343802463 208.02961521033131 Oyster-Closed 0
395.8707312063634 33.511744586513416 386.9756849669029 105.78053182963943 283.59488994389176 93.05570546590542 292.49029413593234 20.787271480147812 Oyster-Closed 0
85.04413322921755 4.456893300892262 81.46626614523848 72.72844510972638 3.4278971194216865 68.63856595788197 7.005922894939431 0.36717826845476687 Oyster-Closed 0
0 159.4533360596353 18.36541646000842 125.88048097277718 110.20213230198715 252.3972111934014 63.949190685256326 285.96911791446337 Oyster-Closed 0
0 212.55499300000002 58.046656999999996 212.55499300000002 58.046656999999996 319.946956 0 319.946956 Oyster-Closed 0
93.98792264395524 415.6943646649253 40.21321378332141 457.7266721307219 0 381.20913383896857 34.162652010105376 339.1781905864888 Oyster-Closed 0
141.52663078532714 206.05496139498337 110.81836585976271 307.44863043666504 33.87982538268625 284.14808504003 64.58908777745091 182.7561832379802 Oyster-Open 0
299.54701068559007 221.86874760123806 283.82024088392063 273.32227958505626 223.4561401658284 254.8730818014231 239.18330005299504 203.42020402848263 Oyster-Closed 0
385.1646697871656 399.38578428096804 303.43121431741747 482.8542455305633 149.8717505139939 332.5138534327162 231.60000720074095 249.05083425901063 Oyster-Closed 0
222.28243235121045 412.4249171475444 130.04763406309212 449.6726129531842 92.79190673821722 357.4349213506554 185.02138111525346 320.1884128874091 Oyster-Closed 0
358.2668787997718 353.29425745508865 276.37581154118016 331.5744396660901 326.1372273094639 143.9972704766482 408.02139654423445 165.71609889748024 Oyster-SemiOpen 0
