325.97058526249384 21.522352117748614 398.22741908899843 16.614786779806494 403.2807591954479 91.01769952425194 331.02392975780094 95.92524636865267 Oyster-Closed 0
161.09101110399206 3.749379949842471 159.82658666233328 58.077200706558585 80.3436469696826 56.22717824151767 81.60818244191978 1.8994648260627776 Oyster-Closed 0
96.20013948865017 2.239062005396473 95.23885694598357 43.54126670284687 28.082845504020952 41.9781787203874 29.044182772620843 0.6760219051575544 Oyster-Closed 0
221.51272855369098 141.7590430450422 173.59913068906462 169.72096312668188 120.63138780258669 78.96050433787251 168.54424876553094 50.998853455625195 Oyster-Closed 0
211.1266021551528 176.31446228791205 201.51950829501584 105.35757498498583 324.84108674744857 88.66070858558005 334.44905898007346 159.61656382254935 Oyster-Closed 0
333.7079384889439 154.76664182603864 337.89554308438164 174.05925238702403 275.88568612675226 187.51789045660834 271.6982938182773 168.2254654984826 Oyster-Closed 0
388.94619625471387 169.45122430015022 386.78354053395014 234.40018431065812 312.98912863892474 231.94226561425327 315.15260044392926 166.9941477544763 Oyster-Closed 0
385.81379990545247 176.8312085374166 423.5764408943651 203.2206059484132 383.28779359933833 260.86764236725236 345.5254497499918 234.47860346989825 Oyster-Closed 0
329.935513829867 337.9019032288128 270.18038225055716 363.13806222032287 211.37265410969485 223.90679974423108 271.12377869144984 198.6716108569426 Oyster-Closed 0
159.90508091303127 106.71469022547154 176.53136721552437 159.34897290204708 113.64314245331843 179.21306066495774 97.01737683217289 126.579225993578 Oyster-Closed 0
291.1203979999991 416.0000000000229 291.1219329722626 376.855321578867 374.1411136596507 376.8577110451527 374.1407104916216 416.0012726541782 Oyster-Closed 0
380.0252944146705 357.74972757988326 367.5956378308256 355.4935860390735 376.47595097425074 306.58069559765926 388.9052551844725 308.83680436429324 Oyster-Closed 0
119.47017147274528 259.05004058235914 64.3960958081334 237.02872555202265 97.14750690606888 155.12842361991886 152.22002363667343 177.14938909685867 Oyster-Closed 0
0 163.342328 41.436456 163.342328 41.436456 229.458444 0 229.458444 Oyster-SemiOpen 0
0 248.21508399999996 37.873929 248.21508399999996 37.873929 313.155766 0 313.155766 Oyster-Closed 0
0 231.971564 16.197053 231.971564 16.197053 253.57648200000003 0 253.57648200000003 Oyster-Closed 0
36.37688238332339 242.92210620685339 94.72279398863611 242.02207957447365 95.89070812724822 317.72463269686693 37.54479699373769 318.62464262827183 Oyster-Closed 0
0 314.921813 22.623524 314.921813 22.623524 380.522206 0 380.522206 Oyster-Closed 0
260.953858506502 11.055949961808171 258.39326910077943 28.461761142976467 209.64543743410104 21.29038877420306 212.20603701416985 3.8845887615718815 Oyster-SemiOpen 0
