151.83272358935574 249.97630311966654 122.86080234306792 241.42368956941422 135.07085328689573 200.06688025941662 164.04230896936133 208.6194204109231 Oyster-Closed 0
352.8006797447306 255.83849370022742 365.6827333525871 207.37196046773525 428.48473426123746 224.06270820802519 415.60345898800733 272.5285686052223 Oyster-Closed 0
85.70706804999281 284.769590301866 80.50715158530511 248.52863582962448 138.8999608738195 240.15114474717876 144.10028409395454 276.3916092825809 Oyster-Closed 0
204.91783476268392 301.637877695719 189.62158893941887 260.6570447704059 302.89222530625557 218.38239591084601 318.18896547024997 259.3621125780287 Oyster-Closed 0
382.5132314567818 269.11888706327943 335.21391959038374 308.9532268604597 300.96259054429174 268.28752556719496 348.261193932678 228.4536706487701 Oyster-Closed 0
2.9851090000120166 256.53964400000007 69.76975200608285 255.76265244377913 70.49868820078336 318.4081594052732 3.7140453809552127 319.18513860575996 Oyster-Closed 0
269.74676378208824 263.61675025415263 287.3448023928431 292.58828270119733 238.63316754776315 322.1718989351568 221.03561376082143 293.2007891916555 Oyster-Closed 0
252.45131670100454 336.9430113842539 279.66860072101554 272.3194493630897 344.95185528324146 299.8102359006043 317.7360858067332 364.43251421288517 Oyster-Closed 0
168.29636569280046 335.6836089209383 210.3799707326034 315.6442068853887 232.0105173788179 361.0602571978704 189.92710988930048 381.09935085738357 Oyster-Closed 0
213.01542900003915 320.75528899999057 240.93677522176222 298.1785748996278 289.57263659526507 358.3165603723561 261.6517623989639 380.89275103800986 Oyster-Closed 0
108.43768532260583 395.1985208620042 34.83214251988102 407.50119931042656 21.142734929322614 325.6070158644346 94.74454586895081 313.30465228584063 Oyster-Closed 0
141.36526200131266 349.4518050352792 164.3210935831412 379.1882297159922 121.11120301562187 412.5361892032181 98.15596759322943 382.8003091892088 Oyster-Closed 0
147.24715399999332 407.2359959999917 140.8789878721691 391.95868969474094 184.31728033519903 373.8566029022237 190.68553239340326 389.13366333054614 Oyster-Closed 0
2.0764840000265394 30.16933799999968 49.29876181282816 29.29831307923074 50.05898537451867 70.51338873139633 2.8367074851958023 71.38441202794111 Oyster-Closed 0
62.82331678783521 52.43927841460214 74.2632230751442 15.170703365405586 159.37359980352267 41.29594330898853 147.93385623802897 78.56437794721604 Oyster-Closed 0
207.98957568419428 89.38309419251594 229.68764553579967 35.40627375490577 279.39115096981914 55.38641361534746 257.69330532485037 109.36304068171803 Oyster-Closed 0
397.0987041022818 65.58733191479399 386.19918791719465 126.39398581532473 327.0969636435875 115.7998756627343 337.9967094725289 54.99351103843505 Oyster-Closed 0
140.58767387691478 141.5271469618303 96.55866327671538 127.10914489751144 115.19147309009713 70.21111491476876 159.22003345555277 84.62903766374143 Oyster-Closed 0
147.1363932373897 141.89008613512368 146.92354759833688 94.88432026547505 180.13136927180312 94.7339731163119 180.34437574631374 141.73957900866657 Oyster-Closed 0
230.44910496328885 105.89474958271177 243.7522445677314 124.52290428996257 186.13933001191617 165.6651582478729 172.83636799999658 147.0371619999934 Oyster-Closed 0
51.339415822287265 109.1548983855312 64.19932169218009 147.05993286113886 2.8633557375396776 167.8680937913595 0 129.96335913038803 Oyster-SemiOpen 0
400.40882542738836 124.77522473739866 398.3558738642387 153.56870066446425 299.01902176049407 146.48546986495572 301.0722895116087 117.69232450907147 Oyster-Closed 0
174.55277115489662 165.9017756746584 149.71313177535558 212.60017452022072 30.79907019433449 149.34944172357163 55.63875336739147 102.65195885506233 Oyster-Closed 0
146.8421449999987 0 146.84215766383932 26.856854761571697 66.88437768903168 26.856842996125184 66.884389623272 0.000009217179552099588 Oyster-Closed 0
185.5469185408183 183.93424066429935 183.24177331435203 220.7918765554442 71.29817050318525 213.78957821457396 73.60399171484096 176.9326394522248 Oyster-Closed 0
