163.82358339234634 248.1512744005553 134.33474707459754 237.70591420558773 147.68610780906602 200.01708906029288 177.17451786261154 210.46236630994116 Oyster-Closed 0
416.000575481532 307.612466 370.75664301350116 307.612466 370.7572894927034 247.78108400000002 415.99990499849446 247.78108400000002 Oyster-Closed 0
92.9889131076925 275.0522552759894 93.29176507023658 238.30032142135934 154.48769019550673 238.8043652356814 154.18534919909143 275.55579347856406 Oyster-Closed 0
211.60079462730937 310.3239838729396 202.09053958122604 266.4158962803505 318.84317848361025 241.13008913633223 328.35434258034365 285.0369190029693 Oyster-Closed 0
392.49200530381495 303.6198703318216 344.7722212670269 337.7618185138427 312.2206685949932 292.27096152423746 359.93949565660296 258.1294995056009 Oyster-Closed 0
17.837018000012904 235.39304599999855 73.50858872010213 231.17506636282596 78.94341999997778 302.89887300000044 23.271857513394934 307.1167803663401 Oyster-Closed 0
281.6545605388819 281.25580420200794 295.9474641550405 313.6287373888517 245.0875507831188 336.0793300208319 230.79522000004363 303.7068820000189 Oyster-Closed 0
258.52524739044384 351.13495608179414 292.08026429155507 293.18127641613836 356.86210524630224 330.6829141329798 323.30859399402107 388.63529262102554 Oyster-Closed 0
218.88683549424604 323.63166459899725 237.47516967022966 371.52258338627496 195.6924367282154 387.73570937232245 177.10488854068535 339.8454532766388 Oyster-Closed 0
221.3110960000049 330.01816399999814 249.3912575370632 310.6822363822069 295.73157023212843 377.96485611596734 267.6518140898297 397.3002898582516 Oyster-Closed 0
127.49955350807068 370.8765208166805 72.50987830761369 406.589000928627 20.348974917920714 326.28725818208795 75.33632030805893 290.5757887653498 Oyster-Closed 0
169.33049993337772 380.5474458935731 125.30172632605172 407.90388134025636 104.3767744940451 374.2337410698168 148.4046669123054 346.87766442145585 Oyster-Closed 0
151.99375400001372 406.00790000000774 147.71980765996705 389.4904950130446 191.9098865573069 378.0589938702248 196.18400060350177 394.57613943793996 Oyster-Closed 0
22.16617695590685 9.547019976567723 69.55488447617245 10.610562327572874 68.6334505621744 51.667241153212146 21.244743000006565 50.603699999999954 Oyster-Closed 0
178.71340798220263 49.671354570308395 160.13241806581573 82.29347177329439 80.35797427340731 36.855322221077046 98.93896848959776 4.23331535030618 Oyster-Closed 0
225.09457580715025 99.06807159563664 252.2347866454329 50.528520333026535 300.97653448101846 77.78153398765275 273.83657574850804 126.3208659590321 Oyster-Closed 0
417.6144915624209 104.88085910740875 398.7543403088421 161.82748211087062 341.5024667400721 142.86643356008938 360.362815478009 85.92018196614887 Oyster-Closed 0
156.66378246326713 139.80298351840653 111.85336552049557 122.3166714509099 133.00811465379957 68.1072264876251 177.81810970699007 85.59344723254327 Oyster-Closed 0
159.65421197181422 141.95612134130477 166.38005639329276 95.96379495445181 199.1102180268099 100.75010714950326 192.3845533284366 146.74227396297584 Oyster-Closed 0
247.9535314971654 118.97375916056633 259.40569759465143 140.078751447312 199.660807824097 172.49655157203668 188.20885800000906 151.391744999985 Oyster-Closed 0
69.51198888654471 95.2013039401894 76.91374258957512 135.513335300331 17.047215586215316 146.50492061636734 9.645757329966727 106.19315144195488 Oyster-SemiOpen 0
417.68935152558333 163.80242935737778 411.54614755792863 191.44793168668238 312.58325753770623 169.45715011249402 318.726755162832 141.8120459960239 Oyster-Closed 0
189.79373508684512 170.83266416165554 161.12155596187222 212.1437972507473 44.581704446718504 131.26104339596102 73.25361315534974 89.95074389012859 Oyster-Closed 0
169.09864600000947 0 169.09865600201738 24.358318094286073 89.65007957960916 24.358308905650745 89.65008899999884 1.858815548181075e-11 Oyster-Closed 0
200.38862658589642 190.16830521686563 192.8200021264238 225.6319036268884 82.44480268568805 202.07576572967324 90.0139329705089 166.61282792554627 Oyster-Closed 0
