125.25242392031214 259.07590467681524 97.77169301234608 247.533713072838 114.87664479860905 206.8132414701882 142.3569366529191 218.35532814773157 Oyster-Closed 0
324.7880799342747 280.87683359692477 342.031031782044 233.09518260529995 404.56545478689804 255.65933032978518 387.3233927885267 303.44022363889417 Oyster-Closed 0
56.63877730604145 287.7731062369425 54.39865554257267 251.2357402287833 112.52250977929361 247.67239528315662 114.7630979401365 284.2092644627698 Oyster-Closed 0
172.95145079656504 314.154026040684 161.19545220208238 272.36119909568555 277.94278400043913 239.52427887389808 289.69953189323496 281.3158897655652 Oyster-Closed 0
352.3811978639278 296.6761256739083 300.2624147685674 331.7941940634547 270.9915970080292 288.35874885882157 323.1093789812221 253.24114064987364 Oyster-Closed 0
0 257.697181 37.188058 257.697181 37.188058 317.735475 0 317.735475 Oyster-Closed 0
240.48175053046725 281.89813526146804 255.3059976272816 311.9005631867006 203.5314159599693 337.47746015503856 188.70771912847704 307.4755011094344 Oyster-Closed 0
215.66851394150945 353.74398866601217 249.14392060408136 290.85826294704987 310.5452469966949 323.53764488391414 277.0713605064775 386.4220679310865 Oyster-Closed 0
174.21669066427785 328.6976109155756 194.02303969000786 373.2814784282416 149.71603192973635 392.95950682373524 129.9104846221635 348.3763173383543 Oyster-Closed 0
177.9746620000151 334.12661099999383 208.6413034425059 314.3698241954425 249.83227981724485 378.2933211297447 219.16601067535157 398.04963539666784 Oyster-Closed 0
0 320.117945 64.784128 320.117945 64.784128 401.07308 0 401.07308 Oyster-Closed 0
103.32830957334954 357.0861970127495 123.21185754295584 388.29012224029924 76.41165734897004 418.103281428938 56.52878364339267 386.89994776103754 Oyster-Closed 0
102.64559399997233 415.13938499998204 97.62020355485583 399.5197817591876 142.82882151996455 384.9783733553667 147.85435123403295 400.59771684022394 Oyster-Closed 0
0 26.743299999999998 46.643159 26.743299999999998 46.643159 67.856249 0 67.856249 Oyster-Closed 0
60.662146592279896 54.11678317405608 75.5196729115014 17.489903231952347 156.9839934100346 50.53538550086201 142.12664456335187 87.16211404802957 Oyster-Closed 0
246.61820576455648 127.29709990029404 200.00901176483603 102.5646892817013 227.83070604387467 50.134893182098715 274.43952632503715 74.86717969917572 Oyster-Closed 0
389.79274206152695 94.13205635988037 373.6237323887872 154.43533088203617 315.7622539354852 138.9210908545511 331.9315016439723 78.61818314518165 Oyster-Closed 0
126.83800441986023 149.56010555644303 85.24155892263661 130.67169078926136 110.2976201772326 75.49458750916303 151.89363892804613 94.38289032977316 Oyster-Closed 0
138.45742584247273 102.7355451131306 171.43710564482535 105.91243822628867 166.86818242110894 153.3416761589407 133.88850499999535 150.16480000000035 Oyster-Closed 0
220.13954972420834 121.0586331673829 231.56811626475974 140.51163789434193 169.77019277135696 176.81600757354846 158.34183900002245 157.36318699999111 Oyster-Closed 0
41.780447076551354 109.7426837702236 51.40613701686743 148.32590158920195 0.23147674624124193 161.09218472393258 0 122.50920865981735 Oyster-SemiOpen 0
386.43809125615735 153.61427057298593 381.98063741437 182.34786317071777 284.20503427194853 167.17964598224287 288.66281541577337 138.4464416986865 Oyster-Closed 0
157.68478505688836 176.23576322725538 128.08952258244972 221.1735002748437 17.511821253890957 148.35115799153215 47.10687358136056 103.41431599804 Oyster-Closed 0
152.94760669950847 0 157.67188815900226 27.816811303631827 74.21280363523692 40.436872395007164 69.4885669999785 9.19442899999761 Oyster-Closed 0
166.34484887426152 195.20165585640413 160.96892735595247 231.9994746777211 50.29034280171982 215.8296338970186 55.666881980752805 179.03253042759135 Oyster-Closed 0
