25.02460765338037 30.79312512204368 29.13971777752886 0 122.04515819024164 3.584686551658684 117.93010946167124 41.00879312851489 Oyster-Closed 0
156.27570685997125 237.4661468279142 143.3165531833838 197.82674788251683 260.44697506376906 159.5355071961007 273.406583256412 199.1740745174955 Oyster-Closed 0
303.448777982685 157.65456160620425 338.2577688615165 193.47834966917185 291.09079854069205 239.30565492128665 256.28222959901905 203.48228004828692 Oyster-Closed 0
0 234.089181 30.504605999999995 234.089181 30.504605999999995 286.908084 0 286.908084 Oyster-Closed 0
240.14311504996658 196.95492945298452 256.85577276565164 223.247143580045 191.53663425866398 264.76270045960166 174.82444077964465 238.47089472577863 Oyster-Closed 0
235.51932778213086 300.91903727983805 210.28937977118403 242.493905946108 273.161030046449 215.3468640220151 298.3912670316531 273.7711067392348 Oyster-Closed 0
43.649994485720526 302.7025466198607 57.25769118221069 242.2878848554744 144.26567539774987 261.88256158156236 130.65952120235306 322.2958854720656 Oyster-Closed 0
135.06652135894183 320.57785539484115 127.55244769402998 272.2516361343352 173.1437518236744 265.16384582704046 180.6582897091721 313.48949297930704 Oyster-Closed 0
166.20967955919696 270.2613056606534 194.50947792293664 242.01217461728294 248.89169476604002 296.48482573902766 220.59244416039292 324.7334112385446 Oyster-Closed 0
301.31540698054596 261.74216233988756 329.8776011206537 233.93190467080288 359.39312579743273 264.2420604973332 330.8312015298834 292.0520453239662 Oyster-SemiOpen 0
59.68726590161532 359.67088988728665 0.8364920065032493 364.0283870524485 0 287.2303572872989 53.998499165216344 282.87295175482154 Oyster-Closed 0
105.80656795001414 303.6660520454863 125.71035000442134 335.3361930723053 73.30372955277198 368.26497821690936 53.400604611324525 336.59541238557483 Oyster-Closed 0
148.94126198418235 312.68352118450605 204.8078565873584 316.0521634611756 199.87665509340513 397.81547118718396 144.01006959720326 394.44691513406843 Oyster-Closed 0
25.75073121877722 410.77617391121845 22.53073374381711 373.9555940361993 141.22555931876195 363.57676752434963 144.44690520189033 400.3958421258169 Oyster-Closed 0
217.91395447807008 0 249.2265195037071 20.7733304363475 203.7589415622606 70.2290859655318 172.4464290000251 41.441734000001276 Oyster-Closed 0
301.0579298237426 64.15110652141793 280.79219102751813 21.24871916190987 358.22375177083086 0 378.48950342063836 27.5748008709926 Oyster-SemiOpen 0
101.88079468696378 102.24176523610288 57.503848135489534 91.70856163616406 71.67918777826344 31.988340646400616 116.0558353474662 42.52150793235477 Oyster-Closed 0
99.79636233868587 74.83524521687669 133.74882045236518 53.70419636004733 152.43430320660264 83.72697164692688 118.48188443657273 104.8579689964766 Oyster-Closed 0
0 83.703075 19.527705 83.703075 19.527705 123.312362 0 123.312362 Oyster-SemiOpen 0
187.68040143461258 54.88784094474685 201.88984099976005 75.61278309044991 125.97086288212085 127.66342303939408 111.76159999999072 106.9386359999994 Oyster-Closed 0
265.4258173577582 92.49698760528292 260.8003578157004 64.42985477535554 356.014945501538 48.738506493158916 360.6405365555729 76.80544753047046 Oyster-SemiOpen 0
131.00030599861202 115.42007590772914 111.4601681725544 166.70122114417953 9.912031862935692 128.00761277640632 29.452417740605597 76.72706050847587 Oyster-Closed 0
141.38502970638 136.88891820412786 142.00396475855086 174.79844842572174 29.196934554289328 176.6388513650674 28.578601113764307 138.72989758236858 Oyster-Closed 0
119.64400778868367 244.592774011562 92.29757174654515 215.4293720258727 174.5753364434313 138.28346498840156 201.92126882267985 167.44628050892524 Oyster-Closed 0
324.73870273431385 132.86778613497103 392.17086594453576 149.405864155717 380.197692093534 198.22282782478715 312.76556665444514 181.68486980308865 Oyster-Closed 0
46.55477422646436 247.43758126487432 33.96345829650818 208.04943203682154 89.29737734729497 190.36210766907107 101.88892883688823 229.74981427629936 Oyster-Closed 0
