33.14356552064419 25.014978739173603 43.861477106864186 0 134.96831859817758 17.060013027730708 124.25048429198432 52.53813611225104 Oyster-Closed 0
155.59120201181213 259.8068585989812 149.4116972429074 216.53067258304836 268.7266897253612 199.49390428486262 274.9070691768975 242.76905259686953 Oyster-Closed 0
307.39501913042113 206.20263263406662 340.5806699765599 249.02522348144058 292.17954565153923 286.52942310301034 258.99452095255765 243.70740389554055 Oyster-Closed 0
0 224.095695 32.261186 224.095695 32.261186 281.118148 0 281.118148 Oyster-Closed 0
244.56273179340133 233.4934981453983 258.2970442338046 264.08006930859625 191.6168372365937 294.0169704582277 177.88312918847078 263.43091074387763 Oyster-Closed 0
215.62478257510156 272.8504806946862 278.7481923745072 259.3089889725783 292.9124743264656 325.3260697364218 229.7891397678286 338.867322427412 Oyster-Closed 0
40.10757454951454 302.4391851590555 63.44155247890012 247.12649833921333 151.55351301007977 284.2915587026329 128.22114688411966 339.6028773549816 Oyster-Closed 0
176.88924536536433 340.10130753174116 131.690252164477 340.84058208363444 130.8622615441891 290.18784294310666 176.05999163539673 289.4485786855377 Oyster-Closed 0
167.20525236658068 294.416703255031 196.33178522521848 271.2070902471474 248.34980575623558 336.4756749140507 219.22376038863513 359.68474797929576 Oyster-Closed 0
301.5748099712 311.13459774821507 330.85876677023043 288.3072891318816 359.07962911646973 324.5042964698515 329.7959324788935 347.33131159485634 Oyster-SemiOpen 0
0 281.792364 58.215531 281.792364 58.215531 361.030401 0 361.030401 Oyster-Closed 0
107.87157663596372 316.1114022530435 124.13849805212158 352.9177771902205 70.91844855554882 376.43304606560923 54.65229139547955 339.6273180026243 Oyster-Closed 0
148.00420403415774 340.1179529613422 204.12721691488696 345.4573855228744 196.98600704093406 420.5006710563507 140.8630153123704 415.1613729569248 Oyster-Closed 0
22.874339154499467 415.9997607477392 22.876530449444545 376.7526955136669 136.2556397791086 376.75784519529657 136.2549999479852 416.00334093367127 Oyster-Closed 0
230.80597049229618 20.457037559686782 261.38139270560714 54.97633903898491 212.0595841253271 98.66266291072306 181.48428899999635 64.14348199999853 Oyster-Closed 0
305.87311225984377 111.90313622816785 291.90370960578 63.3807290546335 370.5103149108545 40.75038271265329 384.47987035235565 89.27250888516303 Oyster-SemiOpen 0
109.94676555248952 110.18963947921486 64.53842016883209 97.47171913529057 80.89766561127544 39.063605277747776 126.30568149662213 51.78147769329463 Oyster-Closed 0
109.07409320440638 85.96133976890975 142.38431214403317 68.77105315445782 159.54904624121627 102.03133870854214 126.23886250538271 119.22157263258674 Oyster-Closed 0
0 76.218413 28.227891 76.218413 28.227891 118.533925 0 118.533925 Oyster-SemiOpen 0
196.49458706153382 80.41338493341291 208.57757419691916 104.677302183194 131.04187510392876 143.28751339790927 118.95913499998278 119.0238069999828 Oyster-Closed 0
269.98130593511814 133.16357128400733 270.5849765626699 103.99444448786102 366.8037089089048 105.98548328111133 366.200342959728 135.1542934146826 Oyster-SemiOpen 0
139.9360838777975 132.48726318842762 113.51222967523427 177.6395501053966 12.505474753856106 118.52966987042134 38.92931203425178 73.37797114037265 Oyster-Closed 0
147.2928307530383 154.8676185838782 140.84397520356652 192.34353760027815 32.36621575117897 173.67638547915553 38.81554554419563 136.20104789787155 Oyster-Closed 0
287.3990965371304 44.68848325833565 287.22511295978984 14.675478014555262 356.15692259586285 14.275850521711433 356.33096036381903 44.28880070440108 Oyster-Closed 0
121.84375430521322 259.7886898423277 96.00069297131995 224.97505851096358 180.35210494149942 162.36413672406766 206.19488080474912 197.17705471576124 Oyster-Closed 0
400.2165690060174 217.045215105696 380.2343237864625 261.1944684173789 311.41580237854214 230.04872683949802 331.3982375505984 185.90010860188858 Oyster-Closed 0
46.57799426350903 249.28880780563807 40.76230728023438 206.37320053534933 96.03724453742325 198.88322789798073 101.85332680774809 241.7983617970217 Oyster-Closed 0
