38.51482821270838 18.476013738944125 45.755752217472036 0 138.441849916082 4.943575986629527 131.2009619453529 38.485021646835726 Oyster-Closed 0
175.72348950443484 242.12491673320528 166.12664387468976 199.69527295946233 283.79449135431787 173.0819145205076 293.3919961106949 215.5106410552311 Oyster-Closed 0
323.27514639441506 176.523704686146 359.16335040845297 216.40332110479622 313.2837704466983 257.68710620755127 277.39606195289525 217.8079623234139 Oyster-Closed 0
3.687882999980502 210.54626400000038 51.377462992932124 208.88007761879862 53.66220468236497 274.2675308113417 5.972626265524013 275.9336936351681 Oyster-Closed 0
262.1925420252119 208.8862959096632 278.11431501622064 238.0717159652496 213.59275450967107 273.2663558972277 197.67150359205334 244.08138461052326 Oyster-Closed 0
297.8888040982092 231.87320977931014 317.0068577227321 296.21643695861707 254.79999188976944 314.6961471858551 235.68310101873067 250.3539036369526 Oyster-Closed 0
63.37729855635553 294.1934183342944 82.30181095846638 236.9619839060511 172.27959692143122 266.71048808829323 153.35666048327766 323.9405825181366 Oyster-Closed 0
201.74138392299938 320.65659727500184 156.65485241543502 324.2936449407012 152.6075639334158 274.12233962270375 197.69291981475908 270.4853394296893 Oyster-Closed 0
189.1433907304163 275.71753180921314 216.73072552952362 250.27110456556773 272.76509886012354 311.0113460584886 245.1782937010721 336.4572276266655 Oyster-Closed 0
324.1911364347652 281.4227805491249 351.96871283773 256.3545789127854 382.41625189745537 290.0883610310206 354.63894976564916 315.1562757042693 Oyster-SemiOpen 0
14.482736358721013 356.2345108238098 8.514953639885789 277.6482188985788 78.75147219460996 272.31534524179443 84.72064799999498 350.900135000014 Oyster-Closed 0
131.1156654306942 302.27784529296355 150.0221869700872 337.41827590654475 98.46349938814092 365.15205128909065 79.55767635397933 330.0122196160917 Oyster-Closed 0
229.82510258669936 325.211052631555 224.33485529291647 404.181294032693 168.0094474827638 400.2651801355408 173.50100615888368 321.2963709062191 Oyster-Closed 0
53.28875647424502 412.6096912214747 50.337066533447796 368.8468646339496 168.2096987212135 360.89749409645594 171.1630128602228 404.65854027006304 Oyster-Closed 0
234.5894950603979 0 267.25930288411473 30.194888595829905 221.33938818679962 77.21526110682852 188.6696480000137 45.31023899998807 Oyster-Closed 0
316.08016108310403 82.62196634432838 298.43515570171803 35.68236739203644 375.3088402608155 6.784954382263409 392.95390319743456 53.724386625563184 Oyster-SemiOpen 0
120.22015648454908 97.23543605523166 74.28532490598809 87.51970328370892 86.8493391509437 28.119744840820733 132.78388505682233 37.835447153382 Oyster-Closed 0
117.74458754692023 72.73197611537695 150.01197282584326 53.156305411319686 169.2954318436241 84.94175947061633 137.02808408555575 104.51738029769518 Oyster-Closed 0
1.2409451796702342 71.0936151608561 36.7761382948338 70.47335737489787 37.6114141901744 118.32650169775123 2.0762212031768286 118.94675703136312 Oyster-SemiOpen 0
204.62334551618915 60.319506089780134 218.40940935638355 83.38125438967812 143.6138885581786 128.09229391132885 129.8280209999939 105.03071500000142 Oyster-Closed 0
281.63774422640563 106.80819666708379 279.8708199414832 77.75047105253248 375.72568463993593 71.92170509455424 377.4928147755236 100.9791885181154 Oyster-SemiOpen 0
151.38825038669165 116.6231158497555 128.44426331664363 163.97505737386064 24.10669345191127 113.41961165534796 47.05078878126733 66.06822890684883 Oyster-Closed 0
160.37215206674227 138.41124134772346 156.9896734528411 176.30316086959863 47.2243990810166 166.50405008110621 50.60738577494703 128.61267756720807 Oyster-Closed 0
361.14727176492306 0 361.147274943487 15.537826856198754 294.8739003415358 15.537822598689917 294.8739039999891 1.627271167370531e-11 Oyster-Closed 0
141.71967792679425 244.91753383188592 113.65245731003961 212.4228335097148 193.76735987998472 143.22896499152168 221.8341562069545 175.72304522949435 Oyster-Closed 0
331.26570851401993 203.65056377089078 344.11507629482367 155.35704758439448 414.4400639794367 174.0671932072273 401.59137942127563 222.36011838373827 Oyster-Closed 0
66.31949672051996 240.52670620453978 57.10907988865438 198.4212497490517 111.78113098119138 186.4628214695938 120.99186266667675 228.56783380976427 Oyster-Closed 0
