427.89428965299885 39.64610329766738 409.2568643054801 185.8340028190155 315.48565074621365 173.87847223622455 334.12420576700606 27.691999656596806 Oyster-Closed 0
101.60551044730892 83.35856589097133 160.20597142936094 58.97796301507013 201.85113099768205 159.0730736626114 143.25082787115753 183.4533948814762 Oyster-Closed 0
202.29812682580814 11.78245831199549 200.76038481004434 38.18519778573633 124.73831739803063 33.757456427097885 126.27609755145386 7.354746013636845 Oyster-Closed 0
401.8414390779544 239.26216094737524 338.71553730102823 285.89852897335686 258.02973605084844 176.69078025643307 321.15354520182154 130.055538531473 Oyster-Closed 0
14.108322396430594 12.985429068778279 76.07321343955118 12.621541306394517 76.7637127166854 130.2028821025675 14.79882159538829 130.56676711061732 Oyster-Closed 0
14.80008338405969 130.78122807847424 58.25687358900177 130.52603839641745 58.72598040455705 210.4076041530226 15.269190262893972 210.66279079248545 Oyster-Closed 0
127.91118244653626 346.67815848975624 91.2380981235292 398.215033948328 4.830595632069162 336.73963968884954 41.50313968613409 285.204444640181 Oyster-Closed 0
174.91904272879037 325.9115971724354 118.59094245975575 371.3933613525873 23.589982893885463 253.75256535501003 79.91533289847939 208.27255281983275 Oyster-Closed 0
26.760503298159165 401.49155303210347 30.92414091696628 368.8516227919681 91.06604611776129 376.52098575749994 86.90315299529902 409.1602504381139 Oyster-Closed 0
416.00119268095295 416 306.3361129408695 416 306.3376605745616 362.601399 415.998822818241 362.601399 Oyster-Closed 0
322.5880210921641 342.7979211862192 330.60835271211545 370.3169018161381 262.5000283899135 390.16105667412234 254.48043311348374 362.6427048645628 Oyster-Closed 0
324.0118581867755 276.3586740723406 315.57363565339256 375.32798094436555 146.56801685175014 360.91491487696436 155.01048127047034 261.950343606463 Oyster-Closed 0
