379.60820755632085 155.28561519104304 288.5818455609733 127.77567920913135 331.3900304519484 0 422.41450987013013 13.644999186717719 Oyster-Closed 0
80.5042150778936 90.02767127847812 141.23541904553713 62.815519607750545 182.99306600871932 156.00708015603902 122.26204147767567 183.21893177832732 Oyster-Closed 0
180.99254342231507 3.9752909052496594 181.53471138100576 35.03413755220346 105.19296657635641 36.36669206427461 104.65084127830778 5.307877140016567 Oyster-Closed 0
382.8246968009116 206.0599572515184 318.3409664356186 259.6250164672169 236.81310787491384 161.48299445414273 301.2952334063157 107.91900764121478 Oyster-Closed 0
0 25.649045 55.914828 25.649045 55.914828 150.662803 0 150.662803 Oyster-Closed 0
0 151.79913 38.939832 151.79913 38.939832 230.66687600000003 0 230.66687600000003 Oyster-Closed 0
110.12595207704362 352.94350434781643 76.74122236964467 411.645843084379 0 359.46012880181627 18.347178670559515 300.75976082902815 Oyster-Closed 0
157.7902272258325 326.2188260181822 100.69481870631353 378.5671605176342 4.6292679365687945 273.804885688246 61.72228931054633 221.4585160374646 Oyster-Closed 0
0.697543999987829 415.9999999999878 0.6986363455544051 388.90202082203336 73.12930546205462 388.90417314143144 73.12890843818968 416.00146524726847 Oyster-Closed 0
288.5645278454431 415.99951795720597 288.5684232206804 334.7529271023523 409.93803169863895 334.75855123574235 409.937371087457 416.00182473973763 Oyster-Closed 0
302.81303350078815 321.4249852586205 314.00731914328935 346.69982883222866 246.07399111961786 376.7801636238128 234.88038461083852 351.50589658633004 Oyster-Closed 0
142.45317137609527 378.69775147302846 116.50595673238422 284.1766905955981 281.34179196467085 238.93258543602613 307.2917682602056 333.4493768468454 Oyster-Closed 0
