282.3592582197489 106.57193864594137 299.53762159711187 0 394.000772121497 0.9897849441468719 376.82310671319647 120.18528432075432 Oyster-Closed 0
69.51201869010401 100.12159098546526 127.22434828658152 64.97611530951131 179.35523525610188 150.57845075824804 121.64319817901924 185.72353919137655 Oyster-Closed 0
159.47024355919712 0.13142390089492514 164.63290094503463 30.589516758576764 88.74070513602419 43.45318105486366 83.57809617423118 12.995124887760227 Oyster-Closed 0
383.30099375754435 169.48034355563857 325.6372901866671 232.31167740236972 233.2729865439178 147.5465755371411 290.9358451702683 84.71630347929442 Oyster-Closed 0
0 42.060888 46.033372 42.060888 46.033372 171.476036 0 171.476036 Oyster-Closed 0
0 172.126194 38.282573 172.126194 38.282573 254.18621299999998 0 254.18621299999998 Oyster-Closed 0
129.41597649729374 355.8187142017541 104.66105714815785 419.51457889203226 5.62608687305692 381.0324830457751 30.381882535511977 317.3388428474291 Oyster-Closed 0
173.64529438676254 322.12358759772906 123.37752570889643 382.7897832354854 15.835987453516282 293.6940684155579 66.10241361043154 233.03017144405916 Oyster-Closed 0
49.53235599999243 414.48833499999137 49.11091955435404 399.9933543915055 97.7873311482872 398.5779822600262 98.20901281363695 413.0727159817609 Oyster-Closed 0
316.8164124503892 393.13520341341854 303.1271798754133 312.3736594241559 410.80285699879096 294.12576719573656 424.49415504224453 374.8846289791147 Oyster-Closed 0
317.11945514828767 295.79233863261027 331.54318964890626 318.8649509114693 267.52439390695145 358.8776330850929 253.1012318728899 335.80552259658003 Oyster-Closed 0
165.47651747219425 376.1404294001004 126.56069628603291 287.54008259515723 284.7819639281406 218.05396989331922 323.6990737702072 306.65045644856735 Oyster-Closed 0
