313.19162196549587 86.81156119456573 401.1671392961034 100.59185623021534 369.6381147019347 301.867158973007 281.6627087656416 288.08732302078465 Oyster-SemiOpen 0
221.2791929162522 38.63807253549625 233.97542333759702 62.25477564236617 153.49055488202066 105.52242288013205 140.79448195398072 81.90585555207657 Oyster-SemiOpen 0
258.9357856069364 335.79913448098495 320.4388004244356 261.05186042104174 389.9985729166874 318.277552247966 328.49766294002256 393.0228742691384 Oyster-Closed 0
174.24571632395964 403.59100522385086 103.55238759176427 438.8104198561747 49.24410512506438 329.82310352469676 119.93305613692064 294.60496306091807 Oyster-Closed 0
182.13763727796686 423.4989266306262 117.46719018430667 375.2171381241285 183.75598118084235 286.4495895475208 248.42344600000797 334.72974900000304 Oyster-Closed 0
56.88448108366356 360.59540982010657 31.310479921419756 303.42602281541537 162.3913857443331 244.79756693323685 187.9659410626591 301.96467600777686 Oyster-Closed 0
62.3881997683784 422.51411111720574 43.862139959153865 299.76152086524013 267.12866942919936 266.0673681866626 285.661656508164 388.81193509664786 Oyster-Closed 0
38.215061493738176 426.16058329363887 3.5516492076021677 196.44204037987774 334.27555111928814 146.54156944389086 368.95408132709053 376.23978646377 Oyster-Closed 0
74.70687794791957 72.1643514975259 76.8201448117652 99.73070719288168 25.668928203864198 103.65180615908224 23.55577844088839 76.08556079143808 Oyster-Closed 0
272.2085229067634 144.47558923742844 335.60616284149 129.51147392222532 357.50296336178144 222.27593099292028 294.10540962700907 237.2398172944096 Oyster-Closed 0
144.97156999997242 186.48526700000863 197.23842979429537 111.84739465107333 338.55765027126836 210.80347308933273 286.293307151911 285.43907179203234 Oyster-Closed 0
0 304.802557 72.648305 304.802557 72.648305 414.758361 0 414.758361 Oyster-Closed 0
265.6955660218955 184.3904569420789 221.8963753248063 147.89877670091818 286.76696631382947 70.04052895231794 330.5656244437596 106.53184657065785 Oyster-Closed 0
145.02009744615498 46.74615668230997 163.51696119517874 106.4830932557858 69.40219913925466 135.6236397223143 50.905906376494386 75.88720166738551 Oyster-Closed 0
0 102.540411 31.405531 102.540411 31.405531 178.232752 0 178.232752 Oyster-Closed 0
105.9893373918494 157.40121232219883 107.61533919017529 193.26398725133964 21.520716744282254 197.1663866240789 19.89521645669811 161.30408633173712 Oyster-Closed 0
176.5348083433346 159.1469118569014 181.1178156832757 169.8715875512503 137.199143109352 188.6382858931687 132.6162278365773 177.9136882217581 Oyster-SemiOpen 0
230.15896866562616 74.60348028165923 273.69733904880195 0 396.7104475070373 30.742929705253434 353.17282115228227 129.07104153914506 Oyster-Closed 0
75.30535300073461 160.3682080000122 89.70193056868084 138.00966708207017 125.68908599368297 161.18064374208626 111.2926600815299 183.5390509898756 Oyster-Closed 0
91.13403836438738 147.2723508911109 98.52756345168382 123.17419467816876 134.89443830489108 134.33151784262773 127.50104826945972 158.42955749389782 Oyster-Closed 0
91.75204316545569 131.14091566227128 87.3531025437187 165.96651005083038 22.81512053071856 157.81437418062342 27.214307220947376 122.98906201672446 Oyster-Closed 0
14.49533784453888 277.9635258491035 23.47860748236417 291.3171682005903 1.0137561169685796 306.4273483088504 0 293.07379907796974 Oyster-SemiOpen 0
0 224.698849 28.953057000000005 224.698849 28.953057000000005 263.570044 0 263.570044 Oyster-Closed 0
126.12993699997241 186.35923899999315 105.51924654357208 126.24236582195067 206.58307415154195 91.59413395737121 227.19417121034712 151.71024508743045 Oyster-Closed 0
0.7014688123526867 84.32574356386796 0 60.13400050559317 31.3084505152583 50.166268784972836 37.807176196351065 74.35795713501305 Oyster-Closed 0
246.17281212958187 76.4496076189285 251.1398227876016 86.51962165931259 220.58828974607604 101.588834279347 215.6213106553405 91.51884721987872 Oyster-Closed 0
43.58103392959674 48.2321084891608 41.34104771131388 31.358534699991463 88.02715836519565 25.160894120749184 90.26716598327403 42.03444095766145 Oyster-Closed 0
0 49.87788065133819 0.05623533715333906 23.932154748854558 48.33337233373095 25.807441571257698 47.3255605076738 51.75312754453522 Oyster-Closed 0
154.31953883600363 63.82784822700822 139.94450788343966 53.286481787512386 155.08205230946623 32.64385920478847 169.4570603942375 43.18521328910092 Oyster-Closed 0
187.51263474065127 38.97445928209544 188.90089425693077 48.17082638963244 172.8003219999773 50.601310000008546 171.4120690622549 41.40494879180651 Oyster-SemiOpen 0
344.5967817605124 277.86502200966476 396.60928375428557 268.53765631913325 414.60299743659925 368.8597573846539 362.5905756168031 378.1868508970916 Oyster-Closed 0
401.0908692464254 293.46878681415575 343.34997005320474 290.7797410557575 347.1913404784282 208.3281555502224 404.9300790000052 211.0171499999991 Oyster-Closed 0
371.35223300000507 107.31719399999506 388.8799272368997 96.98845461747017 407.930473692908 129.3161968572308 390.4028092005974 139.6448962385451 Oyster-Closed 0
395.85367768909055 73.14865651720503 414.7770025835198 83.34565032061143 399.74325350915024 111.24447068333905 380.8199459999887 101.04750299998983 Oyster-Closed 0
32.72188699999606 73.06718400000842 44.00080347187759 34.983368634356815 96.65907422976306 50.578563125388456 85.38028997723086 88.66226633489484 Oyster-Closed 0
