335.11523671578834 164.54739337511703 422.90760925838913 194.46387443308956 360.6936829013139 377.01426831270743 272.90197641103805 347.0991300605865 Oyster-SemiOpen 0
257.7072761704294 80.16106324482318 262.37979924049796 108.32028123983164 177.67737499676878 122.37444013008283 173.00509344652892 94.21543373957277 Oyster-SemiOpen 0
256.4285575251197 415.99980476038644 256.4315541202486 343.4874635297967 344.2313728345107 343.4909901310549 344.23050744263674 416.0011857514564 Oyster-Closed 0
149.36145370141458 415.99931379291087 78.01826097557569 435.7658740524759 43.60343741783436 311.5735809864409 114.94129616976352 291.80778363026906 Oyster-Closed 0
155.8422396507849 442.377698954212 100.0542805691075 373.38595647078927 177.89929165257854 310.4553388403776 233.68605600004594 379.44485800000734 Oyster-Closed 0
39.365555943746585 338.0102529322372 33.88653214113219 272.33540887169414 173.9441594380587 260.6517766654807 179.4253674904612 326.3241173782478 Oyster-Closed 0
32.91146717704396 415.99707816133235 32.92156152391908 305.92728434942893 258.17905333713134 305.94200104215275 258.1767918318619 416.0043081647361 Oyster-Closed 0
318.9759708515994 415.9981217784839 132.718710721736 516.7863671846333 0 220.4563338863878 158.58466950894217 119.6751008804637 Oyster-Closed 0
111.24441201238369 69.112011989707 99.1872026322053 92.31448169046236 50.71827845672669 67.12762964256251 62.77549590185663 43.92523864458446 Oyster-Closed 0
287.8706276857556 204.82263012535992 350.947184154109 200.9207914228986 356.8449624922978 296.25398119833176 293.7684153086011 300.15573792950545 Oyster-Closed 0
157.71449300000677 198.2871459999899 221.8711532265006 145.3677438711388 342.46152405955945 291.5521752752385 278.30684394483615 344.46938655442904 Oyster-Closed 0
0 271.143233 56.524562 271.143233 56.524562 398.69724 0 398.69724 Oyster-Closed 0
311.42036576699684 133.75555473341132 350.6584219838878 184.03604896148494 279.1360755037422 239.8467686348645 239.89886000000843 189.56703599999474 Oyster-Closed 0
184.90645118283282 61.915477168720514 181.88976461761195 126.26472565207575 88.59621726870682 121.89065346628198 91.61337081235251 57.54192756076844 Oyster-Closed 0
18.60918665404097 151.4390775997271 0 123.35847783687251 39.117111425362964 67.23788281342513 69.86393272591522 95.3182940789402 Oyster-Closed 0
129.4434915896927 157.6787731632725 118.88069035141598 191.32764832622937 33.75378045080652 164.60574781404716 44.31681913380089 130.9572849591005 Oyster-Closed 0
194.48641139304527 182.508490037383 195.27877217146306 194.72070810262704 149.26854585174078 197.70552891830124 148.47628471202552 185.49340399051965 Oyster-SemiOpen 0
256.2575782772292 116.92481478427908 321.52574436300347 42.29330219016693 430.15395068177895 137.29131889231303 364.88707570366387 211.9216199947576 Oyster-Closed 0
94.55053000000407 148.34692499999775 112.7856368495377 132.28835136603195 143.51636777731983 167.18281255189802 125.28135699921768 183.24128317951352 Oyster-Closed 0
110.63293563817933 138.74166043714473 124.94551669777138 120.88099159646205 158.79064417429254 148.00178454219673 144.47817105628928 165.86235466251497 Oyster-Closed 0
117.35590526771921 126.60606078799324 102.36301445525896 156.57243917472852 40.95355472253141 125.8483974100483 55.946489017977 95.88224083347937 Oyster-Closed 0
16.55474297222827 241.98817324391223 21.316393620531016 258.6898715841784 0.34562336414819583 264.6678583069012 0 247.96624129897864 Oyster-SemiOpen 0
0 190.237853 38.075646 190.237853 38.075646 224.97034299999999 0 224.97034299999999 Oyster-Closed 0
139.5017349999871 191.56188499998302 140.48475448959653 125.74193773057283 241.06431268446977 127.24378209055048 240.08224313831306 193.06279329828544 Oyster-Closed 0
71.13216822784307 24.317987585985385 70.72116755765819 49.851643401243685 26.157616363565467 49.13427896246618 26.56865308712804 23.600658531528055 Oyster-Closed 0
275.1391713144003 125.99071886625379 276.6219962398427 137.78624525821837 244.67055464363875 141.8026718129923 243.18777909956043 130.00719012897275 Oyster-Closed 0
81.49985156400726 27.48197173235273 85.19815955959348 10.898659695766685 131.23213390406818 21.164857115777714 127.53384559917686 37.748151370946076 Oyster-Closed 0
88.6716438204312 7.238177637445736 86.87678927614252 29.22621119212101 27.088495811527537 24.345740142326374 28.883366000012757 2.3577289999803237 Oyster-Closed 0
186.87813713226205 81.54660413883926 174.40117571689916 66.43888602242905 192.26740540995888 51.68389502099212 204.74435399429785 66.79159162567831 Oyster-Closed 0
222.9026326956191 69.00222759692134 221.03713965245333 78.12824824334352 206.77203061441105 75.21226688638916 208.63752981994912 66.08625469708052 Oyster-SemiOpen 0
336.03348902827565 415.99991199203123 336.0352233800513 358.6229692881062 397.98319993497716 358.6248462592139 397.9826816703862 416.00056809692296 Oyster-Closed 0
331.1168831763498 352.9423825585117 375.67960582047453 290.1287566937475 430.815748695637 329.23786121222054 386.2544915021426 392.0501744431931 Oyster-Closed 0
389.67756799998824 200.22399900000042 407.5642391928486 194.06940321823447 420.73543137922024 232.34494982808383 402.8487828907055 238.4994983494045 Oyster-Closed 0
416.00005346257603 208.404697 399.86050588281796 208.404697 399.86060827174515 180.350768 416 180.350768 Oyster-Closed 0
416.21464686992476 64.21401784116927 416 79.49025199999487 365.30336516148964 78.77782109707489 365.51806002716694 63.50163689216757 Oyster-Closed 0
67.47860349273469 48.034070154625184 88.66435803555214 17.59145734953219 134.13504237368397 49.23552379106912 112.9493677679493 79.67806523751487 Oyster-Closed 0
