318.94539371092833 143.03369217463174 404.7325747041323 170.76635099486606 342.8765699524047 362.0902470958458 257.0899643279845 334.3587924354021 Oyster-SemiOpen 0
238.59121991473148 69.99795493422593 246.0447568310483 96.95512328444485 161.02586483801497 120.46167628673713 153.5725590178481 93.50470434558315 Oyster-SemiOpen 0
240.59716768151338 415.99984103083204 240.60024580709796 326.65956172956373 328.6802918183348 326.66257891447134 328.67978575131565 416.0002917320991 Oyster-Closed 0
132.7786201607887 415.9992848100462 59.511008254954504 437.41180046444606 25.473835921329737 320.9663813265072 98.73630554876581 299.5546425991591 Oyster-Closed 0
140.61937008883615 442.98694808200696 83.37490086993421 380.9183896922584 160.43879018649022 309.8627028071713 217.68155500000285 371.92916700000023 Oyster-Closed 0
25.677906516360963 351.3825934845414 13.286078165660001 287.4950757634425 151.02712191098544 260.78175926238055 163.42073221568353 324.6667884766069 Oyster-Closed 0
16.452294267994148 415.99848088654335 16.464714511632337 302.0865975359504 242.01062902804188 302.10665795240266 242.00629231524 416.0105690369792 Oyster-Closed 0
0.5706628201405692 415.9963164881519 0.5990833108844527 181.82872611367608 313.29719079204733 181.86482372505353 313.2872886236473 416.0133262373565 Oyster-Closed 0
92.48763662472629 74.53485867916659 82.20886663317651 99.78626407723516 33.340046505363716 79.89395661676755 43.61884852341973 54.64264410025606 Oyster-Closed 0
270.9351532612418 190.12283720999665 334.6149531897281 185.77651986188346 341.15107902585805 281.5318823261871 277.471289864734 285.8781136058366 Oyster-Closed 0
140.43735699997706 198.96395700000244 205.20076710448848 139.66641954496066 326.9589636612036 272.63715360514976 262.19769633948454 331.9324430830102 Oyster-Closed 0
0 287.219322 39.906141 287.219322 39.906141 413.494143 0 413.494143 Oyster-Closed 0
293.66391624595053 117.79029157383883 334.1215751808013 163.05609081639685 263.2605825912069 226.38636565561723 222.80362700001933 181.1212259999962 Oyster-Closed 0
164.10978561332377 59.58276355302145 168.2099375099242 123.91813989446051 73.25395787391608 129.96907087592152 69.15435601170248 65.63423897465829 Oyster-Closed 0
20.8883121569379 80.9634114160509 51.2462747740683 105.3171345881174 6.546900493773137 161.03531094627675 0 136.68177238245283 Oyster-Closed 0
109.44817927112308 160.95213992081844 102.25718641241838 196.4639280334022 17.33213592431639 179.26704202499513 24.523470820648072 143.75570351619632 Oyster-Closed 0
176.07324238663205 179.28982258173838 178.16496672089488 191.21471597318586 132.3350665669568 199.2529021268289 130.24344646678583 187.32810038304393 Oyster-SemiOpen 0
239.31701699442783 106.97709713242726 302.53918441686983 23.65283083712429 412.2618491043395 106.90391992364522 349.0408904298056 190.22709548282 Oyster-Closed 0
76.80296500000622 155.96306700000238 95.09740015380521 137.9654967247626 126.06966623856715 169.44727009045232 107.77534217588254 187.44472744114543 Oyster-Closed 0
93.3849816123402 144.9126909186444 107.03176496801461 125.02930686541502 140.6587307476657 148.10809597335447 127.01206710531915 167.99137408721967 Oyster-Closed 0
98.60342670306636 131.30062577885576 85.98407526747178 163.83652229390793 24.34643166013484 139.93022791120853 36.96589054499054 107.39458135255022 Oyster-Closed 0
0 207.546825 20.480425 207.546825 20.480425 233.79462900000001 0 233.79462900000001 Oyster-Closed 0
122.13375200000883 194.24934299998114 115.88304465576584 128.8921856649808 218.51758275593602 119.07638035898884 224.7691270039686 184.43261391378536 Oyster-Closed 0
51.33222129618298 34.49204398324458 53.7281381858229 59.85252180834492 9.281962354289135 64.05145977691055 6.886098220042186 38.691029721996514 Oyster-Closed 0
256.71517910574767 113.80693848139511 259.4033106322786 125.18558042551544 227.33940715499557 132.76019073622672 224.65132266878936 121.3815895197817 Oyster-Closed 0
63.34007033888338 36.428365899921324 65.26626791468516 19.225201079484236 111.5738048158455 24.410126505168797 109.64763093821966 41.61326877040932 Oyster-Closed 0
6.566237782153621 23.314100003006736 13.859130741340778 0 72.97559269815247 15.614332191917963 65.68272978102686 40.58174855368614 Oyster-Closed 0
169.08708030365233 78.76198904679312 156.31996831170545 65.17491801147877 174.06579335197966 48.50016716625893 186.8328884781804 62.08721870159522 Oyster-Closed 0
205.0555062800304 62.28751000307017 204.17427771603616 71.71942846410467 188.91546192372698 70.2937908161677 189.79669799711337 60.86188080604249 Oyster-SemiOpen 0
320.20259169896235 415.9999693096763 320.2049027079447 339.0641710524449 382.563734486077 339.0661571834329 382.5630163437345 416.00036759038466 Oyster-Closed 0
315.7243904397146 334.8832640149954 357.1360172768909 265.31705317598346 412.5772430832076 298.3154616515975 371.1670997312249 367.8803772250382 Oyster-Closed 0
373.06881500000236 175.186210999998 391.4923412934877 168.47371705177068 404.92427362991657 205.33764051436654 386.50076953274765 212.05009058885912 Oyster-Closed 0
401.8430536676424 147.65113179473968 418.4959989192321 160.7651333573072 399.78325099779613 184.5264882247836 383.1303557156207 171.41254393001677 Oyster-Closed 0
348.07980877257796 54.544219370240604 347.21156928122946 38.93374098246074 413.0509549539347 35.271748931553525 413.91923337180197 50.88218929190044 Oyster-Closed 0
49.14882499994201 58.57066200000069 68.75030909465568 24.887096053805898 115.54551204978634 52.11853088838485 95.94412942735289 85.80200903233894 Oyster-Closed 0
