215.73176615114062 161.55938014791707 207.81153993967746 218.38103022928865 120.16407150067243 206.16371649898645 128.08497991181503 149.34285032474517 Oyster-SemiOpen 0
102.1959101481225 305.05698507283256 11.493743334580358 286.75056878885914 29.45108327136404 197.79752299454188 120.14974108194656 216.10357587445134 Oyster-Closed 0
71.22364379823193 14.453860983387338 70.84008006718796 80.11239401642783 0 79.69612976863849 0 14.037816999990024 Oyster-Closed 0
231.5287732579818 119.4268995386836 154.77371666080217 162.06907131242397 108.57517446210841 78.91320958272959 185.3292520690702 36.27137249608183 Oyster-Closed 0
245.54655152971827 57.94384318214194 300.18304116659056 101.4261021897262 234.03070685170314 184.54541578849046 179.39465496573393 141.0636589924207 Oyster-Closed 0
367.6959886495715 27.86216805907638 365.3034489261481 59.437467248821214 287.41422777718253 53.53546917601536 289.8068465340475 21.96025439030979 Oyster-Closed 0
409.246282672917 156.0595014839851 378.60019065691813 157.8364426587769 372.6040216377223 54.4208187683587 403.24949899997955 52.64389600000001 Oyster-Closed 0
409.4899198391613 160.2779415564594 415.1269190425555 251.59266535523233 336.4403501415618 256.4483136859053 330.8047153157713 165.13482073880738 Oyster-Closed 0
329.36179072097 259.2983085027439 261.75200953719104 233.92611584903023 302.0906412773111 126.44540060492382 369.69809344019814 151.81711717023722 Oyster-Closed 0
411.92115741826274 382.09067349540635 385.1643541702724 381.77939753208256 385.7235682876162 333.7571467557046 412.4795609999601 334.0684179999998 Oyster-Closed 0
227.56932519977272 414.07749663969827 139.62719980812471 409.0016327652629 146.6760373117686 286.9743828045783 234.61169672186224 292.05006233720144 Oyster-Closed 0
175.28203337238665 207.27128487792749 218.9459887068806 294.6385387212773 123.90195031392795 342.1302574332279 80.24056902830853 254.7651833586385 Oyster-Closed 0
