238.53189263413879 146.96801092917966 223.70368787223197 201.96143346085452 137.44283440969593 178.70259841240784 152.2714914456992 123.70984661644661 Oyster-SemiOpen 0
105.2201904886715 273.59181143772577 17.619767035037512 242.28741571999873 47.73796132914504 158.01788035505058 135.33569257497948 189.3217498577966 Oyster-Closed 0
112.47689499999251 0 112.47692762916267 44.90150889847994 31.96775880329733 44.901471156058626 31.967795000022306 3.4783341135155384e-12 Oyster-Closed 0
260.40355491414084 107.23168934473694 177.9122364412251 139.91142190662234 143.3035956618951 52.55102332335258 225.79398706350185 19.871492147210553 Oyster-Closed 0
283.57351710182775 48.920261035495166 331.1372087752643 99.55355736152151 253.93765165236982 172.07075446934718 206.3744878056059 121.4379864654951 Oyster-Closed 0
414.0711264206002 24.298625182058675 408.5885683385168 65.32753475375203 327.41793968680577 54.48083431501445 332.90059110385846 13.4520421480097 Oyster-Closed 0
416.00006421078433 165.16219400000003 405.5067012410291 165.16219400000003 405.5068039333928 99.16659 416 99.16659 Oyster-Closed 0
416.0011816996339 257.26161399999995 350.82450718626933 257.26161399999995 350.8254057188424 168.21272700000006 415.9999831367131 168.21272700000006 Oyster-Closed 0
338.47901941520104 258.5061764703957 275.1367419937342 223.54554583011964 330.707939491047 122.86921804609788 394.0482975356754 157.82920210890825 Oyster-Closed 0
416.00055510607126 395.036681 383.1461980527165 395.036681 383.1468421895552 338.833535 416 338.833535 Oyster-Closed 0
215.53373868556082 396.65772471311766 128.50878910938627 379.0434386573655 152.45041141870752 260.80000199623765 239.46960551896336 278.4136946043453 Oyster-Closed 0
192.221640380576 186.69597810289807 223.18017228952158 278.1672236849553 121.57193059211932 312.55034053300847 90.61588938565546 221.08118298109164 Oyster-Closed 0
