241.0335600638391 141.59211815524193 227.41249065969168 197.06526017674653 140.67624954424173 175.76779987775788 154.29779100947053 120.29531692023325 Oyster-SemiOpen 0
110.0078111167677 271.5679168880247 21.96066486986092 241.93029867901512 50.5616951338161 156.97435952797585 138.6061215483278 186.61148213612023 Oyster-Closed 0
112.12893299999632 0 112.12895914212277 43.16696531085047 32.24454820919709 43.16692450355278 32.24458699998286 2.1066403932673605e-11 Oyster-Closed 0
262.4468403713072 101.6466016830027 180.3495105831862 135.88167094548635 144.17794461318408 49.14047627164731 226.2744180378977 14.905604948279075 Oyster-Closed 0
284.43460896579927 42.41216164516332 332.96439663445926 91.93479321152412 256.9969364011049 166.3772265786724 208.46763019769423 116.85508626614705 Oyster-Closed 0
414.5392005709182 14.695638134383236 409.9921991572264 55.93163231031008 328.56379079978433 46.952586218863914 333.11086777220044 5.716684075935863 Oyster-Closed 0
416.00003948945596 153.31759400000004 408.0624876868751 153.31759400000007 408.0625518630877 92.99649099999999 416 92.99649099999999 Oyster-Closed 0
416.0010119616054 248.962418 354.37935615376045 248.96241800000004 354.3802893641732 159.196754 415.99999219946767 159.196754 Oyster-Closed 0
342.99285551152934 251.07706125430536 279.10259848578426 217.40803294576358 332.9355840233111 115.26289038427613 396.8239395466917 148.93131881449415 Oyster-Closed 0
416.00043728245873 383.096538 389.3245251903827 383.096538 389.3249153791694 333.534221 416 333.534221 Oyster-Closed 0
222.48595156355805 392.29746163647627 135.22159548939817 376.2592280989652 157.0626075018481 257.46537517186357 244.32122602928212 273.5030748144972 Oyster-Closed 0
195.40253949886392 182.5161599463861 228.4452624013138 273.2168574253094 127.32176105079634 310.0502511241738 94.28148504473211 219.3516021719397 Oyster-Closed 0
