0 235.55233647123956 69.02873901874409 232.3161858050031 73.34261519087886 324.59990640757314 4.105467019136995 327.83598506539823 Oyster-Closed 0
89.67307627114133 267.5596171168696 127.27125378384153 312.4812228460412 50.74839136129958 376.5156658881464 13.151569413774268 331.595331091822 Oyster-Closed 0
105.02155311035676 288.0745051640753 157.9067888642021 285.602744879727 161.72008310068486 367.17667914311255 108.83485161197677 369.64838111763237 Oyster-Closed 0
122.96100631054287 324.6993704796715 115.08513607403802 298.83262152138144 152.8602440381801 287.3327483455408 160.73627010575728 313.19922247700663 Oyster-Closed 0
34.555368088877 413.6304736961508 31.806358730842476 370.7273354352843 86.89899003916798 367.1982623456062 89.64875565067268 410.1005736232168 Oyster-Closed 0
133.51085710653933 407.28896510618017 93.90132579061174 422.73897309329146 73.93345666232563 371.55874603449087 113.54167861299356 356.1090203778503 Oyster-Closed 0
194.4029922283189 403.3870231509886 189.8641529481065 332.5616144249954 254.59723849112925 328.4146626579336 259.1374678581451 399.2385202583047 Oyster-Open 0
244.45407588600938 210.8675694339263 343.77601312771367 236.0329439139065 307.8377271825484 377.8525696248947 208.51614716670883 352.68814871972916 Oyster-Closed 0
221.51938302074268 287.5272655458921 179.2057222218973 267.9097723124372 214.61968506070116 191.53382783334945 256.9320527475793 211.15097066485166 Oyster-Closed 0
283.7726576941204 338.7592213180724 307.77528919170436 370.3836509327643 271.8541342739227 397.64041660917314 247.85201020196473 366.0164500545651 Oyster-Closed 0
377.8048867604666 290.5408307204238 296.5629846018637 255.1445758041381 346.30229788258293 140.9969382028142 427.5410113984435 176.39241086567915 Oyster-Closed 0
414.04318213330043 159.22939890669642 342.0947471989457 162.59270204959395 336.2605962550988 37.773402221476175 408.20731477684967 34.41014177009526 Oyster-Closed 0
348.12458277724 153.14025106372145 305.142261573983 142.50905341459088 334.0976059614077 25.445749667880794 377.07900800001516 36.076818000001914 Oyster-Closed 0
306.3534152893444 92.81290480523704 260.55278553736935 36.628507074529196 336.3733717261093 0 382.17386599253587 31.00530013691669 Oyster-Closed 0
313.0748357212833 114.85831631111353 254.98550614341002 124.10433689820931 239.05569576293055 24.021906108203865 297.1443213733364 14.775942264046607 Oyster-Closed 0
211.8064502055895 39.640988113954755 278.45580017980683 64.03362738999647 232.21732946520933 190.3706542848499 165.56815741078753 165.97835395965058 Oyster-Closed 0
0 1.347799 84.641388 1.347799 84.641388 114.45304999999999 0 114.45304999999999 Oyster-Closed 0
200.7574003988193 0 200.75749527220614 61.720372483324766 102.92206930185785 61.7203042348717 102.9221382572432 0.000015604357712457784 Oyster-Closed 0
137.06552309971812 81.40174097900255 176.87649015167335 11.228918553041842 225.420232094948 38.76906343818069 185.6095081694366 108.94167441330612 Oyster-Closed 0
4.2734811209957115 230.01597540048172 41.08022552253533 146.418834003758 120.29690158843368 181.29488873415394 83.49171312881663 264.8907042713349 Oyster-SemiOpen 0
86.67399090613617 158.62697191824273 158.46690047157608 131.10387615571068 188.75006120214312 210.09246415207863 116.9573555258612 237.61518142005391 Oyster-Closed 0
