0 249.771713 59.379859 249.771713 59.379859 337.21078 0 337.21078 Oyster-Closed 0
77.70114504094818 278.1315487938054 116.24575224429282 320.030086817953 40.83972924495174 389.38498470698744 2.296425240994722 347.4877080958652 Oyster-Closed 0
93.37489077711871 295.9023317250116 146.59296841642572 292.1172475186835 152.34378402930088 372.958474595084 99.12571628019941 376.7434683385746 Oyster-Closed 0
112.60508618422682 332.2405983634103 103.23947636265439 307.5236196266267 140.93236253413488 293.2436639556977 150.2980890530671 317.9603690303695 Oyster-Closed 0
24.00560204782232 413.21739278301476 22.481769781523326 384.13460549333314 76.33918179379907 381.31330996988265 77.8635305423777 410.39554423902854 Oyster-Closed 0
77.15808458705942 410.4317926409603 74.9335557727427 367.97921300692315 119.99408811678586 365.6187086527061 122.21923412423348 408.07062692710207 Oyster-Closed 0
250.20675393370038 402.1394173645865 185.73518199412865 404.7318959668954 182.84805248343037 332.91958406609365 247.31652622038018 330.327169240645 Oyster-Open 0
231.81008428351197 209.55256702967358 330.89631146099055 232.2057315678593 298.2843137601558 374.8323524347703 199.19837764391195 352.18003833423626 Oyster-Closed 0
210.02663673255665 288.90377711376993 167.91435902189187 270.76633784577706 201.85021040707943 191.9828299497259 243.9611418502318 210.119936905942 Oyster-Closed 0
274.0926344600084 334.0779309804967 298.9037303925943 363.6201601661735 263.4898182761208 393.35517906108817 238.6791889015185 363.81338811277203 Oyster-Closed 0
367.01785171238225 279.9862338186782 286.1626827159089 247.30348187157728 333.04429885740683 131.33538328631167 413.8963883192264 164.01744917558506 Oyster-Closed 0
400.8858262624817 149.3433403805839 328.48468876783227 154.49372755698352 319.59686226174745 29.546164338113357 391.99642227875665 24.39583717967555 Oyster-Closed 0
334.3034340164959 145.44980845678964 291.41697724622645 135.89789878618421 317.80245951218603 17.435573509306344 360.68804399998044 26.98737199999561 Oyster-Closed 0
290.92599985715424 88.67084386728598 245.04527485549625 37.551458699315866 318.157432202519 0 364.0380139814224 23.051297524813616 Oyster-Closed 0
298.4222969018592 110.68987217375155 239.83991911652265 121.64549459694356 221.53195684020466 23.747407988518074 280.11366128596273 12.791849896917727 Oyster-Closed 0
194.95385794007962 42.816407806562 261.31586380138106 65.22277053868805 218.46464232456492 192.13432960727974 152.10279210468798 169.72828283580262 Oyster-Closed 0
0 15.133219000000002 66.807129 15.133219000000002 66.807129 126.181228 0 126.181228 Oyster-Closed 0
86.0721072873821 71.22689553139152 84.34270545391337 1.3879972458953311 182.71021615521022 0 184.43982474927543 68.79079901746678 Oyster-Closed 0
121.62246781099384 90.49886261330047 157.0093927017988 16.520052408783354 206.9701533761836 40.418156356286346 171.58350869629794 114.39672629735584 Oyster-Closed 0
0 248.12338356246053 23.734553576487087 161.0382035921835 104.06833726484547 189.59985670099147 73.10594596361989 276.6835894598007 Oyster-SemiOpen 0
71.58792047132374 169.40917340754933 143.88277521407144 138.7399263460016 176.20299565988535 214.92249070112916 103.90839262166992 245.59130761784297 Oyster-Closed 0
