62.76673879345981 388.8957074191862 0 300.7050772883423 111.5026796599559 101.55364100210754 221.88569638129047 189.73987844969867 Oyster-SemiOpen 0
313.0642065359207 406.57076764577755 108.86345727042135 409.6019472845894 107.03826663410291 286.15772890199764 311.2236856153977 283.12666287997763 Oyster-Closed 0
26.408971999999995 0 152.322192 0 152.322192 53.56783600000001 26.408971999999995 53.56783600000001 Oyster-Closed 0
316.51111915542424 404.48679872707163 313.96950993343125 342.050876408648 414.88268203822736 337.94327216401086 417.42625590197713 400.37714055269527 Oyster-Closed 0
294.21132724326526 354.4707001909632 291.6591880787637 409.6802343635027 140.86723703662938 402.7062382704021 143.4220070759693 347.49946584097677 Oyster-Closed 0
415.9999459592109 0 416.0003707635042 131.62642262341532 285.67069156740763 131.62590687207273 285.67120085030547 0.00006807114689327084 Oyster-Closed 0
201.74794074487363 99.48488830363941 209.8569363682218 59.30546548196139 340.1926894286371 85.60911166489976 332.0841993635695 125.78808001632136 Oyster-Closed 0
123.80437514259029 166.0748101555439 142.77351005578748 49.98453072682696 368.1133707232475 86.80324677937409 349.14764983822533 202.89042060609293 Oyster-Closed 0
110.75277969494346 182.26243838953653 15.750113689911814 173.95051367844627 23.286519999994198 87.82792200000117 118.2872706424314 96.1397629748638 Oyster-Closed 0
18.43338699999731 146.4675379999998 38.464817067091644 142.79059064774276 48.246856057590776 196.0790902888852 28.21543439913148 199.75600769353895 Oyster-Closed 0
