66.05571233201408 434.28135377865493 0 362.36274787154883 79.70891954666149 137.26489836132873 200.30287533763112 209.17927355188795 Oyster-SemiOpen 0
107.28601881071518 415.99846459676166 107.29594063055629 299.1733783687032 310.74915530487124 299.1884563850608 310.7467218810016 416.0059422005372 Oyster-Closed 0
108.22429237319011 18.82968620095399 112.02037413899598 91.61200583963881 0 97.45404100001441 0 24.672127630552566 Oyster-Closed 0
318.34186285666874 416.0000128548316 318.34375199659553 340.76721333810843 410.1893657110668 340.7694430627506 410.1897710731937 415.999926177652 Oyster-Closed 0
146.05248901438245 415.9999458194333 146.05644307460534 364.61308852342984 293.331589049958 364.62204463553826 293.3302338880567 416.0062992490341 Oyster-Closed 0
390.30334894931 20.45415003022177 384.55522115197164 130.1473095701074 234.88731781929891 122.30332278667251 240.63642745261313 12.61129740207912 Oyster-Closed 0
168.77827055488524 122.25507394476149 171.548967717521 81.10899363967091 303.10026389641644 89.96679881616461 300.330109381739 131.11234998622498 Oyster-Closed 0
100.66363189807817 199.03493300514756 104.1559129548441 80.75062525507708 330.4558740351058 87.43039857650719 326.9671505894112 205.71119212253208 Oyster-Closed 0
0 134.082229 88.505814 134.082229 88.505814 219.431015 0 219.431015 Oyster-Closed 0
22.71210838811021 244.3573160973115 2.9444836316033616 246.01983385534834 0 194.48515462300907 18.37729799889712 192.82265279944664 Oyster-Closed 0
