13.533971398075664 204.33278378972014 188.938863099047 179.95531118634682 216.67024177146595 379.47023658054803 41.2656104241978 403.84648199708164 Oyster-SemiOpen 0
130.89130725281575 415.99835667061143 130.90059452906644 309.5870903271094 334.14658390419936 309.602241051929 334.14420651554246 416.0064992671397 Oyster-Closed 0
1.0052620000351453 14.375911999999023 118.98153148737765 6.126260504393463 124.17443132986591 80.38859859641538 6.198164658486348 88.63822363218222 Oyster-Closed 0
342.82948510168717 415.9999914504281 342.8314580164879 361.41363702640757 416.00060658027724 361.41627231921564 415.9999999870888 416.00124060381586 Oyster-Closed 0
317.0883262763309 378.5074377231527 317.0958544716268 415.9997163571747 171.02136337676347 416.02420197471616 171.0157481861861 378.5338256016904 Oyster-Closed 0
230.3801929318979 66.23717802917477 285.8467053430322 0 436.3716522448158 83.73810100996167 380.9063033910643 166.77782319181017 Oyster-Closed 0
181.77839502099596 126.58950584106341 187.9405331759226 86.61199628711903 319.3217141564637 106.86221272784937 313.16019436206625 146.8391559019724 Oyster-Closed 0
115.2334736591838 197.0079442256135 128.75399283296065 81.20519016002682 356.26625731821696 107.76616235233094 342.7497393590129 223.56516885850377 Oyster-Closed 0
107.39225889757654 207.82242644987107 15.530093942637905 214.8302569345853 8.571731215481122 123.60410329978332 100.43146280273504 116.59636576821197 Oyster-Closed 0
11.854020716818923 183.15053244047792 30.283124778397905 176.81189929069882 48.3230078603774 229.2579280142293 29.893935838310426 235.59649758348894 Oyster-Closed 0
