308.3893165057925 195.95274720407613 320.6428290133699 225.00611476060726 238.99307943128224 259.4384840065904 226.74017349111818 230.38563053599987 Oyster-SemiOpen 0
91.43211407202398 333.75718799839103 91.27278802428555 279.5027931014705 186.2867920899589 279.2233247096731 186.44751010442633 333.4763198528275 Oyster-Closed 0
126.39914918637442 389.0006020065446 110.87951326842813 349.03881434688594 227.89118595676337 303.60408178530304 243.41145219572718 343.5643679599654 Oyster-Closed 0
46.38568599998689 413.1884800000132 43.74242345512539 362.7159467571441 136.29052561402932 357.86914503568187 138.9352917523829 408.34014322171424 Oyster-Closed 0
142.06694220200006 414.0189284258075 134.56073392765393 369.11551805588715 266.18700776662445 347.1166506944255 273.694795903255 392.0179963218173 Oyster-Closed 0
208.94139777640885 0 253.47389083884264 28.188408005935297 120.84369850203802 124.69537863364214 76.31163672583352 63.49497095940068 Oyster-Closed 0
243.79999481755294 73.50865119529183 221.50111152888712 29.05125101741408 313.37320456857196 0 335.6721251895324 27.427451238743718 Oyster-Closed 0
333.9884492125275 57.86751508652258 335.268628322905 17.716806649234176 394.763438713122 19.61372340719045 393.4833409580242 59.76436036818453 Oyster-Closed 0
276.37371066545165 96.43809391566126 258.64455531637213 61.27138335948175 327.24947585780683 26.684681253642776 344.97865568843554 61.85124519572505 Oyster-Closed 0
246.6646796396126 220.94413320990384 169.4612742517529 169.95304916486802 234.02878120849346 72.19992339806711 311.23052799886136 123.19026365815327 Oyster-Closed 0
345.84217469146097 187.19157257389145 329.1227861582083 94.37921297496864 404.1241619864704 80.8687292024756 420.8441966222308 173.68028676898535 Oyster-Open 0
80.08236242903513 135.5700098673522 108.03212670738867 164.1557259555486 33.88333720193987 236.65012633464727 5.934075393681269 208.06489946717912 Oyster-Closed 0
84.70288400002391 190.9284120000166 79.88736270911613 179.89485670005558 107.64180068853966 167.78228260403205 112.45733802417453 178.81578490716785 Oyster-SemiOpen 0
138.58394199686882 167.19124171165436 160.29962674178387 219.35457978694683 27.633902621681045 274.5766139186765 5.919967001162149 222.4147700000134 Oyster-Closed 0
