317.5680229117497 224.97598320847845 325.559008223594 256.56010808967574 244.5575488411705 277.05061152967073 236.5672388767125 245.46706662512207 Oyster-SemiOpen 0
90.66812644479796 326.567092942676 99.20954016773612 273.35198718155294 193.40103905062278 288.467545080363 184.86117353902227 341.6812684176721 Oyster-Closed 0
235.11353289796534 323.87214733350817 240.67483276439816 367.61929817463 119.31213142385604 383.04103841417066 113.7526706516037 339.2955672384679 Oyster-Closed 0
123.063055839757 350.4571566672395 149.1347725835294 398.5506776401249 64.82507545073167 444.2408683752222 38.75524318027237 396.1489633248317 Oyster-Closed 0
137.07824851415353 415.3073489777271 136.89411245474184 369.31016429113066 269.7678213707113 368.77701052128606 269.9540617024868 414.7720355668383 Oyster-Closed 0
233.78000734730085 0 271.6546043213348 49.410120349597484 133.16616359036198 124.568698451585 95.29213561828874 54.78173355252463 Oyster-Closed 0
258.8458486293821 92.96370593530938 242.67540794799788 43.89970961462188 336.74693070421927 12.89574857089907 352.91749960886955 61.959542114605554 Oyster-Closed 0
348.731461813426 91.0432783606902 356.37132341862525 52.01967876226767 414.0726566675112 63.31602702698385 406.4329682959615 102.33948008908604 Oyster-Closed 0
289.8739340241991 121.12805107951539 276.9817804225022 82.29986874583497 347.4298110899799 58.90919473080458 360.3220826644538 97.7371487014727 Oyster-Closed 0
234.50216851605728 97.3710820473172 322.46645449367134 141.86191187622092 273.09646740674 239.4678241924913 185.13267164243734 194.97771163436062 Oyster-Closed 0
347.980338581805 222.45566950719277 346.36716191990126 127.06409819805863 415.99715692280733 125.88670020716607 417.61133271647486 221.27727750492616 Oyster-Open 0
94.32565995240293 127.44978365068373 120.06990736097941 160.78519080730072 41.93775985659158 221.12129012061297 16.194076869578566 187.78639459267754 Oyster-Closed 0
95.40183400001479 183.60737199999716 92.18821683473652 171.57767056184628 119.81944907244906 164.1966220986502 123.03309938849998 176.2262705945191 Oyster-SemiOpen 0
151.51071664944902 168.42328713520612 165.5437342356745 225.06805540670632 29.24906668544645 258.82833930249376 15.217809999991005 202.18512000002 Oyster-Closed 0
