301.5851057386426 243.1969274109796 308.86316580503626 275.0347506668996 227.27469857725737 293.68213483089164 219.99736297826894 261.8449378211694 Oyster-SemiOpen 0
72.03284261420777 339.7134165893574 81.84553561527355 286.5832519102177 175.7967835915806 303.9317619225005 165.98572791897823 357.0604801172325 Oyster-Closed 0
216.72386004917644 340.3877538219808 221.28048903198578 384.3611473208654 99.41127044364111 396.9834172001762 94.8565448801055 353.0117875183125 Oyster-Closed 0
21.041582130081224 415.99995240604784 21.04404830580097 369.50567819649757 116.86225632860442 369.5096301712152 116.86133673788572 416.00238125251576 Oyster-Closed 0
116.89451758362338 415.9997632271086 116.89656325873148 385.72210381131526 249.812011867205 385.72915141607353 249.8113894816961 416.00536431655956 Oyster-Closed 0
223.37875557606458 0 259.73030009417926 66.15770293618911 119.34305100036727 138.23941359381064 82.99225684387056 67.44272037106133 Oyster-Closed 0
245.8821592837121 109.51618471162918 230.80857564724647 59.97383193745877 325.7157132519387 31.09776608995417 340.7894786936158 80.63983808096775 Oyster-Closed 0
335.8976364324444 109.6920886120497 344.47367914650386 70.76394471475088 401.9752330873489 83.43154457010931 393.39940967173607 122.3595028251141 Oyster-Closed 0
276.29154427166577 138.4674924524234 264.2671115908779 99.2586432399276 335.3433898525036 77.46155473845813 347.3679784338856 116.67012688656452 Oyster-Closed 0
221.36524530503812 113.42167652531194 308.43856824888644 159.99033384881128 256.7431602174547 256.64341502543556 169.67042487694562 210.0755850440451 Oyster-Closed 0
406.5968302280162 241.66417901821822 332.98526053957903 242.09162822034727 332.43201624977155 146.58564618216388 406.0412179618543 146.15820378848153 Oyster-Open 0
80.32221034782197 140.2596281298937 105.35346686404228 174.24601651488913 25.73538760672818 232.88120650678104 0.7047543299995596 198.89537745745952 Oyster-Closed 0
80.11594100000366 196.54869000000787 77.17339107575754 184.41853365391393 105.0138477069886 177.66534260900775 107.95643607195234 189.7954414443449 Oyster-SemiOpen 0
136.6055139299824 182.59916630635675 149.4464489954844 239.64095883223584 12.714413829016848 270.41586012506485 0 213.37566867090004 Oyster-Closed 0
