170.6302068468649 215.75876073968413 137.20204277712764 273.98590068262024 56.588153534732555 227.70860442641398 90.01633645257971 169.48251630248572 Oyster-Closed 0
248.9419164300234 32.95655275385003 246.30078499997762 0 294.89621672390786 0 297.5373677025309 29.06209845706006 Oyster-Closed 0
146.99639655666397 278.608331346804 153.05708168261117 244.3729174914504 228.50444801440608 257.7272121070337 222.44445898440608 291.9620186864348 Oyster-Open 0
25.993615751507605 326.74215549821054 27.811842263789003 282.0294950520519 114.20842089058715 285.5419420807122 112.39127819246278 330.25354237006326 Oyster-Closed 0
163.88642696433453 313.7321622730991 174.17473989576683 348.2413024515591 77.80447851660574 376.9643263272244 67.51740033228634 342.4562388780184 Oyster-Closed 0
37.515837277067476 357.9440123228877 70.7405720630959 349.63707853887144 85.49405947710693 408.6311993265774 52.26938670265736 416.9379627555913 Oyster-Closed 0
205.6231695939241 354.0060521731378 205.50604494996514 408.3297671116845 75.04717267426167 408.0448432886014 75.16667009668527 353.7235382816575 Oyster-Closed 0
73.14943300000596 413.56351300000034 72.66484626205056 404.31330405476103 141.70756226916637 400.6967575485506 142.19236514578006 409.94673648231804 Oyster-Closed 0
156.44981053045558 74.71348060136646 142.39826464361977 33.001468647441385 228.22296334793282 4.089642822471925 242.27458175733045 45.80153319264642 Oyster-Closed 0
118.04547456928412 0 160.67000418880343 42.07229204464122 30.59376460304702 136.55119259842485 0 77.86801908747421 Oyster-SemiOpen 0
239.39604891570343 66.06615609599076 247.78713463751046 26.782619407294472 311.3552193264113 40.36087588186901 302.9642708499523 79.64429360220197 Oyster-Closed 0
238.81278855285927 42.300590417926124 255.12503890561493 81.5569848506153 193.39044257643764 107.20914811343283 177.07839656662327 67.95292723319027 Oyster-Closed 0
325.43662907942416 115.53319419786989 341.7791174949598 68.16864553802037 432.34194028429556 99.41548005919712 415.9999574442554 146.77959933932698 Oyster-Closed 0
130.40607010966414 92.74111667175251 215.8967476052494 118.85574306401958 185.3884197216139 218.72584325122648 99.89790784396973 192.61158962736874 Oyster-Closed 0
330.54262492065754 189.80596858155505 264.4254554146901 197.33498158669377 254.84003119098634 113.15604441166492 320.9557284264738 105.62711572457457 Oyster-Closed 0
357.85549699996045 0 357.85549905298103 11.737415767346974 286.212443891538 11.737413497168548 286.2124460000341 0 Oyster-Closed 0
62.06255827192945 177.16415420846306 74.92578215479807 230.29126279193545 18.80977100002201 243.87645200000472 5.947204395546578 190.749910636373 Oyster-Closed 0
