147.65473577997182 210.08232469943053 110.81291943485485 270.2999372908874 36.115633236920985 224.60227960927352 72.95738054308458 164.38567364122898 Oyster-Closed 0
251.78155622554914 27.312014549668095 249.43597900000532 6.488927904188349e-12 295.19859003726015 0 297.544179460896 23.381867504864427 Oyster-Closed 0
121.02780004965825 274.6440765003557 127.18303826707051 239.67993560736926 201.82341796454057 252.81794094056028 195.6688711925417 287.78147788422706 Oyster-Open 0
0 323.4129854644407 0.6633253201871412 278.43920349532 82.1481127479783 281.31394616859785 80.56217628138256 326.286723211955 Oyster-Closed 0
128.98541787959402 310.285851739312 138.90997203718143 343.74884685642303 41.49846074544257 372.6314308603309 31.57510247612663 339.1694556579636 Oyster-Closed 0
1.3323209230329667 352.5390591306334 35.777456972668006 347.77817991093104 44.39192416410515 410.0889933072563 9.946809079399827 414.8497721275295 Oyster-Closed 0
156.43203136811644 342.0778996876026 168.82521447555337 395.3324903306964 44.52887090819786 424.2471188412409 32.13832945190006 370.99482111082807 Oyster-Closed 0
28.12484599999152 412.9516129999768 27.24807663680258 401.37814812986977 102.36999252744499 395.6878561900897 103.24704623119396 407.26101225558233 Oyster-Closed 0
152.42715443906854 69.55826527745037 138.99435677811198 29.218655687541766 226.74518685595103 0 240.17805064635104 40.337733625435725 Oyster-Closed 0
121.06539125876225 0 159.73757262072468 36.66173790320868 20.54003848013599 131.7334111352489 0 75.11332579957988 Oyster-SemiOpen 0
306.2978301844814 29.211221209764716 306.1317350252575 68.95611002329159 240.07140071964022 68.67989304882042 240.23760856789158 28.935117859191948 Oyster-Closed 0
235.69241796375354 37.378583813773446 251.04478066715455 75.19100948745822 186.34860982412647 101.4580976612836 170.99643755987927 63.645833552163076 Oyster-Closed 0
316.4105959565386 110.59622464879331 333.88832841399926 61.64634152078463 422.1123413378009 93.14654448627412 404.635099414445 142.09600827501978 Oyster-Closed 0
82.64509390861713 183.78942601879504 125.67463117926673 83.62733510424988 204.20905068438879 117.36477307194735 161.18083903479783 217.5257439998572 Oyster-Closed 0
243.9676415169779 107.00078427720845 309.82822713166024 103.26892041013726 314.52206766137533 186.10397551754878 248.66148506043828 189.83579957779247 Oyster-Closed 0
0 178.886562 49.407817 178.886562 49.407817 238.85384900000003 0 238.85384900000003 Oyster-Closed 0
