167.89727128269078 205.6082777526526 125.0273174216345 257.4971935072157 53.54268289672109 198.44103720790292 96.41215402609669 146.5529698026468 Oyster-Closed 0
277.09770007400584 38.97692349148231 280.73569187471367 0 329.4422249051022 2.4000185185060463 325.8042702923485 43.308368126641916 Oyster-Closed 0
133.92209332709172 263.66538660343923 145.6415354943383 230.91406595293097 217.84107143808797 256.7459717033948 206.12230138049927 289.4967254478669 Oyster-Open 0
10.97704757532847 291.73280895440445 20.26263241916604 247.97435986059045 100.05410480888531 264.9038652072152 90.76952723970317 308.6614269531027 Oyster-Closed 0
144.24100075414754 301.0448399685061 148.55149852967224 336.7157842762035 48.525460011707764 348.79864816648507 44.21609220248865 313.1287268063644 Oyster-Closed 0
20.67118461557766 322.56929239430514 46.351697367692395 320.9239862032588 50.396066828776384 384.0367926393726 24.71555739076939 385.6820666518564 Oyster-Closed 0
178.36909924299107 347.6374753768793 169.14744126048026 401.13875299572965 40.43284210985439 378.9549620517434 49.656243351440935 325.45595909837107 Oyster-Closed 0
25.73969500002204 394.4342260000196 25.61014722424443 377.9492056142518 109.38610041553329 377.2899949395463 109.51611311307352 393.7745487310971 Oyster-Closed 0
178.63452073309236 64.53686468416127 171.8422928576001 21.153894548474597 261.53042053693935 7.1118637796515545 268.32275242854666 50.494716960143705 Oyster-Closed 0
156.527034293038 0 188.41831241847467 33.126263524164024 43.6413498798247 104.27147931856554 11.750430963089457 39.37515633604234 Oyster-SemiOpen 0
262.0386779495311 70.00397283029969 276.9072868204603 32.65611961188982 337.36134304697043 56.7234173972698 322.49289405980744 94.07113496329211 Oyster-Closed 0
265.4561503046134 46.47918406215942 274.8674009712813 87.82131552068844 209.46736882985715 102.70879270805146 200.0563284585187 61.36684420408538 Oyster-Closed 0
338.36432487537604 133.32062096181542 362.3426624951535 89.23380567587284 439.9777574339387 131.45758927339222 415.99995144481 175.54394927468735 Oyster-Closed 0
180.41828155333496 211.42424717539797 101.68085452658124 169.46048908002342 150.92737448473054 77.0639418305938 229.66311998353558 119.02715273933772 Oyster-Closed 0
330.36293847821435 207.18028740504306 263.8315635557119 203.1088733529592 268.99171057812055 118.80492434836411 335.52148378698257 122.87628935580469 Oyster-Closed 0
416 0 416.0000151766508 29.8353536230138 309.6829196166145 29.83531937899424 309.68294599998626 6.434659689935877e-13 Oyster-Closed 0
67.4915829085694 149.53944318200735 71.21592053254426 203.96641899705045 13.348445999999967 207.92545199997716 9.62463734933408 153.49897878198948 Oyster-Closed 0
