395.80615300001955 0 395.8061600279143 20.1477922210625 328.34675732829055 20.14779009686258 328.34676166611825 6.015524434768307e-7 Oyster-Closed 0
298.34050999996543 0 298.3405420670024 34.50292732364375 182.8277212900939 34.502902209288195 182.82774900000732 3.519681324374564e-12 Oyster-Closed 0
36.5938004672571 323.8126371502129 37.499610807051795 351.9271216328236 0 353.1346589999858 0 325.02048576650924 Oyster-Closed 0
337.9346354580666 368.418495772745 338.6310039854907 324.47726480437655 408.25175913167186 325.58014583034816 407.55634006293985 369.5204380595457 Oyster-Closed 0
62.54776993681662 345.1247300529576 70.46668161906564 396.1246009780283 0 407.0619869999795 0 356.0633125082691 Oyster-Closed 0
189.21529299999747 399.403333000021 181.81236259713114 366.2553905380537 229.99008718399637 355.49838649807106 237.39340211861054 388.64578794534606 Oyster-Closed 0
284.81326141362297 356.4364234553452 347.9030275165678 354.8132299461239 348.8694276508286 392.3659178184758 285.7796619467117 393.98909118233195 Oyster-Closed 0
159.32206498184314 51.283449685711005 163.61978921967602 0 221.3676403292884 3.1579809482040258 217.06999379740955 55.981717530011316 Oyster-Closed 0
296.9997432200289 0 346.78781692608027 6.334665593911667 334.65377206295307 61.82448628658942 284.8657012116455 50.93727897505356 Oyster-Closed 0
385.8121164827753 24.127864096667455 449.67599602405244 72.99637380077189 371.1268340059578 175.64617499184214 307.2633844859447 126.77820084672823 Oyster-Closed 0
335.6718873938007 164.4292389105924 283.44813010435246 195.7090062252851 230.32799630751833 107.02334604023449 282.5507803468354 75.74395083098466 Oyster-Closed 0
0.23473170566285262 197.31002088958533 27.125947055090364 102.93849768176044 105.53712631754024 125.2810335086264 78.64717360717259 219.65148768636047 Oyster-Closed 0
150.36904900185618 131.73079111452967 221.24535585050762 124.49273770707748 229.20290333131197 202.41112670573963 158.32660546042825 209.64909676385452 Oyster-Open 0
26.1222513764842 274.5670152283218 48.89256752370056 232.2215265950845 113.20621355357798 266.8005051605625 90.43675648598946 309.1452548813165 Oyster-Open 0
3.1137109299597796 16.449184121528866 59.57333893080431 18.0896471325109 57.69214657352859 82.83425867620386 1.2325180000043474 81.19379999999958 Oyster-Closed 0
