416.3212790720827 29.12143001008204 413.1910251142581 70.44969060422635 326.48379042578745 63.88217698181222 329.61417805535166 22.554064120989686 Oyster-Closed 0
313.16102997643975 21.56872710275685 309.1358742383345 70.48482700676882 176.3933459624095 59.56141578003924 180.41872199998033 10.64553800001494 Oyster-Closed 0
0 353.3533720000219 0 326.2423365030318 28.17719719426168 325.1487449778716 29.193218027459807 352.25954414840606 Oyster-Closed 0
398.46885337021376 416.28307264269137 329.2362019560278 415.83934196001655 329.5196294960915 371.781962523182 398.75015869145864 372.22568639091844 Oyster-Closed 0
57.29009397410482 353.58506525742706 58.70416578377262 405.68067824421445 0 407.27255599997704 0 355.1779554736286 Oyster-Closed 0
182.17474799999763 415.99999999998647 182.17542315792525 387.6883292169235 225.52851313175415 387.68927305867726 225.52827299578712 416.00050771295855 Oyster-Closed 0
276.0521570200508 415.9999991053915 276.0527999999904 397.68225299997937 339.09491068412535 397.68393237239144 339.0946815596508 416.00126551310484 Oyster-Closed 0
215.41175291427498 83.90973476939358 167.3205957484497 92.55433741071757 154.90047752281316 23.459148229790742 202.9913390959082 14.814571966703218 Oyster-Closed 0
347.95479608814276 72.48595817992378 310.77960681463446 108.41353053690763 271.64153535554215 67.91656022746866 308.8165892175166 31.98911115892278 Oyster-Closed 0
384.3464686113002 73.96862243716893 448.23610398061646 129.6470259629017 367.3382343904668 222.47091376382758 303.44937619296616 166.79337760987463 Oyster-Closed 0
330.91897898820025 207.03048833139133 279.5233889984629 234.42042974424513 227.9044805364647 137.56461352054384 279.29870350658166 110.17511437979806 Oyster-Closed 0
77.65396879014224 226.24270731926435 0 205.13800126495593 20.192487052758224 113.44224884011172 101.46510722830863 134.54666397721888 Oyster-Closed 0
147.2843011853911 154.184074741883 217.64804489478774 148.72939655433174 223.69733994574563 226.75906215542014 153.33360173500114 232.213668510158 Oyster-Open 0
18.773139342374634 277.71339490889335 44.54453081746033 239.61287385658477 107.84928498508816 282.42699008314173 82.07870326076227 320.5267912641872 Oyster-Open 0
2.7106298283761134 17.153153500266765 59.350178800392314 20.122703941971615 55.973729310378985 84.5230192504366 0 81.55347718037358 Oyster-Closed 0
