356.58488599998964 0 356.58488837380355 13.997422657123892 302.44712034186523 13.997421424129223 302.44712220627844 1.2478140136856279e-7 Oyster-Closed 0
271.91914599998927 0 271.91919664433226 42.14892797250198 151.6931186920192 42.148890474371925 151.69316022811108 0.00000440187635418421 Oyster-Closed 0
55.32170822636181 346.6490028982672 59.241083786895615 375.24466271654734 15.35188699999344 381.2582240000204 11.432959859401308 352.66296635235494 Oyster-Closed 0
411.67318481051916 357.36393844893837 360.6501271208508 356.7703467027487 361.16894017621235 312.2485667165791 412.19065932848025 312.84215067635876 Oyster-Closed 0
17.80641209222449 415.2091197084309 16.364879440789082 373.89495459315907 90.91435985495627 371.29384723826035 92.35691770863195 412.6069620166209 Oyster-Closed 0
217.87830299998313 405.145104999981 207.08300291488922 372.8842201366209 253.8406874699831 357.2418053167666 264.6362605359209 389.5021588287624 Oyster-Closed 0
376.2989040447501 381.8724414499227 313.3158979521795 391.06089365840626 307.8284678189593 353.44987909982774 370.80994801805355 344.26153992539264 Oyster-Closed 0
130.75134036689997 15.163096757740636 179.4121649198023 0.9234563864224319 197.93791599999167 64.23104099999692 149.27710901897808 78.47064796413483 Oyster-Closed 0
269.41842364017066 0 320.91617794959893 2.196338775001014 316.57827208812523 56.99711411573701 265.08051770643215 52.92067651824766 Oyster-Closed 0
362.54625448152365 15.125687452489945 433.18899110484926 56.74509964792695 368.82051670592773 165.99914084310197 298.1780432020423 124.38013797426791 Oyster-Closed 0
331.5662025020283 158.17690642462148 284.69307144644335 195.78569967878678 218.6542370564457 113.4812916753715 265.5266363549599 75.87295544986327 Oyster-Closed 0
0 225.88648265392942 15.36740084027042 130.56913441251035 96.77901890014255 144.29011814026936 80.71502916724421 239.60621117506832 Oyster-Closed 0
141.94752752751447 146.85688325388992 211.274842995972 129.65205955992337 230.0073708725904 205.13179512441423 160.68012105832167 222.33641231728672 Oyster-Open 0
36.95341964187537 299.32737231273217 54.25911411733978 255.4186097964089 123.47538208493643 282.69474343631276 106.1706764123337 326.60266717118526 Oyster-Open 0
0 46.871967 37.2353 46.871967 37.2353 104.33298699999999 0 104.33298699999999 Oyster-Closed 0
