9.778832999993028 305.341613 26.512604087532964 304.79041883430364 27.489262798066193 334.43572469254707 10.755491971776792 334.98691426443906 Oyster-Closed 0
409.0826226645404 322.63098645066543 416.0251644796044 365.7413217419191 280.46378259658377 387.5635984780778 273.52331999189846 344.45511587821153 Oyster-Closed 0
416.0001207855239 374.26171000000005 399.62315499999386 374.26171000000005 399.62340448720715 338.277659 416 338.277659 Oyster-Closed 0
222.43880199998603 395.5294490000088 220.47059293228085 377.7523427028733 294.38120506230916 369.5705814682451 296.34980230791916 387.3472452496025 Oyster-Closed 0
95.18804894977438 3.583606069895604 218.11205137982324 0 224.47755368246726 62.862695881010296 101.55355864821104 73.97820822100726 Oyster-Closed 0
261.330127975456 82.35929068036069 231.26941497829466 17.59210111953661 314.451033318328 0 344.5117845416353 43.751688921161545 Oyster-Closed 0
254.40920045233725 74.18166787813854 213.25600990033126 92.27359236247607 191.3711198108067 42.492726332611 232.52411443318852 24.40085060785948 Oyster-Closed 0
291.7180506813929 203.59305570481854 226.278794709262 155.69489977019026 313.8791688366291 36.018533351177524 379.3169972530304 83.91593297260971 Oyster-Closed 0
257.90049262825414 187.65238375746776 204.5159168506798 225.27064875743224 146.84582661058084 143.43340169987113 200.2293274990334 105.81567137882783 Oyster-Closed 0
4.579263999981777 162.15087200000005 24.37664699950983 162.04421081178134 24.7527476808973 231.8479571085677 4.955364698962512 231.95461702317212 Oyster-Closed 0
87.65901223018591 161.7775004737385 154.46555263510527 163.21349576830718 152.89370926373158 236.33542222999654 86.08717002346748 234.8994452736576 Oyster-Open 0
326.9070080729798 202.79057869530772 345.93013079600496 143.14217080201144 383.31138254086545 155.0633189108625 364.28869274052704 214.71135821298355 Oyster-Closed 0
