10.308247000026313 295.1895859999992 25.88500303908222 294.64572794533325 26.905293812491436 323.86326856754243 11.328538000965636 324.4071222792818 Oyster-Closed 0
409.0381903822454 379.3630174120596 408.72676211776707 417.0009956737267 275.18590299639254 415.89254764895315 275.4990771470184 378.25634313175647 Oyster-Closed 0
416.0000798443398 416 402.1219790000214 416 402.1221095176479 394.81761700000004 416 394.81761700000004 Oyster-Closed 0
222.97694399998 415.99999999998903 222.97738012780974 403.3969753458416 283.73902360471766 403.39849857547165 283.73886398428294 416.00124779510594 Oyster-Closed 0
105.88209814385482 14.152501056348846 227.97952137367247 7.46108533411806 232.0925878557755 82.51164039676992 109.99516672277241 89.20303500144269 Oyster-Closed 0
262.11528508504125 115.83105335843725 243.9643603079785 44.50362619665791 333.0436256844441 21.835454831627853 351.1948100418631 93.16248409817044 Oyster-Closed 0
261.3938361694709 104.80171177297339 221.26718119296856 119.96331129138174 201.31796874940483 67.16607022515561 241.444320958577 52.00453330937387 Oyster-Closed 0
295.4529085214017 240.3467743535981 230.47545847068977 183.27897895753912 321.72512327007644 79.38818734525441 386.70107812477 136.454869798617 Oyster-Closed 0
261.0093467435545 218.9069951473206 208.36516901184223 250.50602091363461 152.93355328698453 158.16134694055557 205.5763036972603 126.56287129251604 Oyster-Closed 0
389.09532764312826 14.746218881211643 388.581684990324 49.98309502644648 334.5646303520298 49.19562440737567 335.07832628528195 13.958795880096394 Oyster-Closed 0
9.713450590868888 151.7004083653733 29.541452283476247 152.28816552767282 27.484370214737282 221.67997325164578 7.656368720054161 221.09222278080966 Oyster-Closed 0
92.40786112361093 168.53420843207772 159.49487037082508 172.3478803734799 155.23900980192775 247.2082614645476 88.15200657662353 243.39464176559622 Oyster-Open 0
350.44781935674473 191.47474610317136 388.7186453350987 205.89583269736357 367.08684749514214 263.2973583841509 328.8161125816587 248.87644822720662 Oyster-Closed 0
