215.7203806264697 399.05077261539446 213.01085092929497 360.28172365925445 349.88099042489193 350.7165637222256 352.59214272941244 389.4838192682709 Oyster-Closed 0
367.6155285937857 370.23396949799746 374.6582203783364 383.34652653998387 347.6913781009098 397.8263166659491 340.6488435741412 384.71389457334277 Oyster-Closed 0
156.37334299996655 400.159098999998 157.55762605757627 382.0432408165947 224.4857911685649 386.4167363881816 223.30195362356244 404.5321749692077 Oyster-Closed 0
245.25476583584168 0 245.25487965537832 64.37794454264547 121.18577137121247 64.37783352165913 121.18588208340952 0.000021030870020788127 Oyster-Closed 0
342.56332568977814 4.635929963823902 357.752523377334 73.38510930477962 268.449612847915 93.1149696688453 253.26072699928773 24.36606292652665 Oyster-Closed 0
263.14939069730826 86.99596635444978 218.93348725637043 94.5947509006351 209.70880635551657 40.91767634826193 253.9244463372088 33.31891478755173 Oyster-Closed 0
269.11727209000674 220.17079554484786 215.96088687049632 162.7875936010757 327.6878231271803 59.294720385105165 380.843310594606 116.67684406663183 Oyster-Closed 0
239.85379856598593 200.39772408172092 178.2915264012663 224.50038028990372 143.08355660492452 134.576064538786 204.64428742805103 110.47374299850954 Oyster-Closed 0
404.0736460000189 0 404.0736591961977 29.628943133883233 349.53815833579574 29.6289363336171 349.53816586367975 0.0000019726825831515954 Oyster-Closed 0
11.842509833273652 189.8394917992353 0 187.93543835387283 1.5073292759770993 129.62607071546114 18.41073521994258 131.53010931130913 Oyster-Closed 0
64.40531584547716 214.47775453243935 83.01825588159045 142.30480609322836 145.8190100742213 158.49984611803245 127.2069534240145 230.6720433626084 Oyster-Open 0
302.17503306902654 226.64243770201375 333.7066313576033 170.1435057622966 366.6756832897372 188.54212739488236 335.144536661006 245.040670123617 Oyster-Closed 0
