41.75941969409905 184.8981649177718 103.92134509833704 186.36485439150331 102.23589628603804 257.79261625692567 40.073972214395326 256.32594723630285 Oyster-Open 0
309.1536488513484 295.3438789624774 268.92843590756456 284.8497256488888 283.8540984346582 227.64734022433709 324.0782766586235 238.14135208145922 Oyster-Closed 0
332.0763350250054 279.44921642432416 336.40429182502703 303.44122462534045 265.4198976937769 316.24341917433173 261.09245775816817 292.2518717035651 Oyster-Closed 0
330.50331700000606 416.0000000000173 330.5036144016267 404.4842760899343 376.53744069167806 404.48517762408335 376.5373349935144 416.0007098580219 Oyster-Closed 0
197.25060300001496 415.99999999997897 197.2510079602871 398.3236385018631 236.7230794648276 398.32436382894895 236.72292499586183 416.00047556720017 Oyster-Closed 0
311.95461818438343 35.753019085089896 349.56478392181816 57.705998781287605 326.3516279297146 97.4747690544949 288.7415057136204 75.52184856479504 Oyster-Closed 0
180.9529811927132 9.547142507313758 202.72793055072543 90.70216369200789 84.77279799673488 122.35010610288131 62.998522062294796 41.195666944137166 Oyster-Closed 0
416.0003114231222 128.71888800000002 365.2062696487337 128.71888800000002 365.20648358515973 66.15790799999999 416 66.15790799999999 Oyster-Closed 0
205.2656692706696 72.29294707727456 297.60535889431776 67.91452973400328 300.8415313325495 136.16358551492885 208.50184552536302 140.54197556288727 Oyster-Closed 0
113.03256350274387 117.6162966516745 85.57666311499634 140.8632805472011 38.87987865341347 85.71269113894495 66.33558881865974 62.46583759943834 Oyster-Closed 0
174.9576436774987 83.68643439092729 215.44788303105452 88.70440520043229 209.13200573940048 139.66649560210547 168.64177081277376 134.64854986662675 Oyster-Closed 0
269.4214854816746 120.22205292084993 326.01249879060197 182.20647573605407 229.42049746967314 270.38655576376544 172.83092964372918 208.40351315678527 Oyster-Closed 0
143.23838143890316 5.001969618276673 142.2082044946219 34.50294932987601 85.2488288630775 32.51388348302461 86.27903199999491 3.0129300000072368 Oyster-Closed 0
198.08756020972578 244.54697625604905 137.06535724143032 270.81642311924 98.4909187076737 181.2157932060069 159.51124103325856 154.94680185813348 Oyster-Closed 0
