37.86130221759595 202.4904048508077 99.68210673678914 198.1974129679896 104.6485806643359 269.71017996572834 42.82778099378993 274.0031079125167 Oyster-Open 0
313.35860296162355 286.6744661052167 272.5002699216093 280.0661182289274 281.98754581432877 221.4181822534364 322.84482065621705 228.02644319855355 Oyster-Closed 0
334.53939005784196 268.4928166314515 341.2650943677836 291.98341846854817 271.98394877410465 311.81595028104766 265.25875357453333 288.3257870532234 Oyster-Closed 0
338.7633400000159 416.0000000000041 338.764075460138 391.05735776106087 394.50653790006254 391.0587787231747 394.50629699126875 416.00092315279863 Oyster-Closed 0
214.3324269999939 415.99999999999534 214.33278852235162 399.83467393348354 253.51949084987427 399.8353663052706 253.5193569961957 416.00046530426357 Oyster-Closed 0
272.6391641399787 68.95467255966112 292.0246943560596 26.941655005363785 331.39712483538824 45.10870890429158 312.01170236377584 87.12163479546012 Oyster-Closed 0
159.32539638669914 13.803996764531217 189.19019984647093 92.47941027377027 75.262720258419 135.72452298992465 45.398664883356105 57.049745254976 Oyster-Closed 0
411.02924074168186 110.196142030064 350.49477364273116 109.33025034918309 351.4211319754031 44.58511886507887 411.955088000017 45.451007000000146 Oyster-Closed 0
280.7201781531912 60.82898969437211 290.3965086270837 128.59409122771694 199.17467271339046 141.61890750513325 189.49895119202847 73.85433370867298 Oyster-Closed 0
102.3361765564041 128.42436675905674 77.06186057562809 154.17304835172035 25.596602976289432 103.65683339325619 50.87076036824874 77.90831986774569 Oyster-Closed 0
160.58475228650423 88.29408707005918 201.2071657170418 89.4969446279222 199.6798701752341 141.07508545305367 159.05745695718724 139.8722341019829 Oyster-Closed 0
257.4201506618774 115.8257969047075 319.7301911691429 171.70965918639791 232.17496536482213 269.325669893288 169.86610812951767 213.443034594294 Oyster-Closed 0
77.03299675913877 50.43092262186627 64.18786840127723 14.739652404095027 115.69915157396463 0 128.54429555677416 31.892212230954968 Oyster-Closed 0
198.48024845070177 246.83998208713808 140.09288534187726 278.5705894337216 93.74201822090981 193.2863508188555 152.12766802125407 161.55631142710587 Oyster-Closed 0
