55.85288337862585 218.70615612989468 114.99558393568805 204.59100758431143 131.99759959213407 275.8228078095773 72.85497113619931 289.93773215141795 Oyster-Open 0
340.29332473185787 271.9608114839999 299.0552730652671 272.3429112199026 298.5063244844605 213.04839179405212 339.74333853382996 212.66629684664903 Oyster-Closed 0
358.4988224926092 253.16723387458288 368.04761055181007 276.36764539727534 303.6189292512536 302.88087580169775 294.0706121563453 279.68086521604954 Oyster-Closed 0
416.0003509716953 411.266714 386.75370699998166 411.266714 386.7541360356445 372.18429800000007 415.9999946772332 372.18429800000007 Oyster-Closed 0
264.23859299999094 415.9999999999795 264.2391144100875 394.28452821992187 308.2181257149641 394.28541331451834 308.217944995522 416.00054431880585 Oyster-Closed 0
318.47540770342675 31.700985606031555 303.0922250090116 74.31195422673821 261.4775484144011 59.28844093907291 276.8607653349536 16.677548253517617 Oyster-Closed 0
144.11344901266057 15.864383842607467 184.1119698020011 92.7927606051484 78.97256526728597 147.45804586576898 38.97481442105709 70.5303284223066 Oyster-Closed 0
406.5803025955356 87.78171668475734 347.56169560309354 96.89235252525361 337.571432681023 32.17511063206288 396.5896510000166 23.0645049999968 Oyster-Closed 0
183.2617994067441 74.80249975382155 269.2565059977278 48.00747782418888 290.3579637724688 115.72886845491962 204.36333938951793 142.52372958027183 Oyster-Closed 0
106.36349281788716 136.5463520637242 85.14546189471366 164.1968738348389 25.99344815711447 118.80666228756505 47.21139529467837 91.15634912224127 Oyster-Closed 0
156.92343323189198 91.75204403145199 196.6692368037584 86.22315882048171 203.80463037113805 137.51674453702583 164.05883311591606 143.0456010526661 Oyster-Closed 0
262.455434041578 261.0690917617943 186.02070258952517 219.6941733170477 245.59045118266295 109.65679389862217 322.0228014562708 151.03093258644915 Oyster-Closed 0
67.05315272327061 61.753731455449696 49.67690273693006 26.773971466108677 97.67025379020197 2.9332512110933417 115.04650979405415 37.91295159316151 Oyster-Closed 0
220.70748481579358 245.182024191821 169.27348536594945 283.43553974364505 108.88446110088262 202.24516106575783 160.3171275788045 163.99237181517037 Oyster-Closed 0
