152.65300188067704 261.137927788133 89.84342133581958 288.1930982465565 55.573368068715354 208.6398602451469 118.38097756479328 181.58517697207952 Oyster-Closed 0
10.37153700273484 220.65027858288767 60.83399297779761 217.8618218294174 64.69033593067797 287.6423296703009 14.227883693474723 290.43074270713606 Oyster-Open 0
173.77978502841506 7.37698116890782 179.49568462876414 57.14279603287843 113.08283573048175 64.7705678853947 107.36704900001132 15.004855999978767 Oyster-Closed 0
286.828222000011 413.22893799998957 284.6360638379556 387.6207861877095 344.26026482633097 382.51773662672355 346.45290762898367 408.1253536819239 Oyster-Closed 0
82.41561299997193 416.0000000000041 82.41608521627131 402.34228102227337 144.97709654820574 402.34385993654803 144.9769319848201 416.00127203848626 Oyster-Closed 0
283.4262208164291 63.04357949785392 253.4535751948788 100.38835613787722 221.75552968233023 74.94786308082055 251.72812761076057 37.60317632294641 Oyster-Closed 0
116.02431037585848 38.91343776895008 149.71557201571704 108.29593868917141 41.15878700580288 161.0078709173392 7.468374515166943 91.62608954943508 Oyster-Closed 0
296.1310806101246 110.20472753744271 294.86722826159166 53.53261154266082 398.7036314291181 51.216855409310455 399.9678930177215 107.8885256076186 Oyster-Closed 0
154.53659611558396 154.7817945803849 141.95401483655223 92.13273833669022 231.23692955650768 74.20123614498047 243.81993353819416 136.84970944199029 Oyster-Closed 0
110.98508283086994 114.37108269652056 147.79720932475175 106.74611044821172 157.64404100000684 154.2836880000009 120.83192700084328 161.90861684537288 Oyster-Closed 0
178.33366166661654 277.0320794980895 121.4681851220048 224.09157491432225 220.83144834281848 117.37027002964498 277.69535597789945 170.30945453111215 Oyster-Closed 0
