166.75607370317448 254.37389386142874 104.08693228871925 276.29778416387904 74.3083289699025 191.18129278172674 136.97544491327062 169.25779060061024 Oyster-Closed 0
28.116337193296204 196.10778158227697 78.41342077869558 196.27326133782083 78.18385750547532 266.0422076158927 27.886773923339206 265.87673021966026 Oyster-Open 0
203.83254253862106 5.333889303467157 202.59807922159598 55.63403151512115 135.1926565656504 53.97967535500664 136.42720299997745 3.679622999991814 Oyster-Closed 0
298.63523299999724 415.99999999997823 298.6355880867668 401.3766983546914 342.6873663037768 401.3775283179806 342.6872429950381 416.0005983708085 Oyster-Closed 0
83.65890399997443 409.83813499999053 85.83387049893645 386.9770176124403 152.72912581085984 393.3388858789641 150.55474579399743 416.1994651046758 Oyster-Closed 0
308.7217289098953 76.257396075329 276.3497397334104 108.88880923094618 246.35127067398935 79.12904074120925 278.72316821287677 46.497720033244974 Oyster-Closed 0
144.84306403130904 28.306091232792134 170.24011878109377 103.50735030557439 59.69746843009489 140.8386433426269 34.301169781967474 65.6380190156983 Oyster-Closed 0
316.357821901227 124.57557734204849 322.9496396985123 68.44601399584434 421.3161380452875 79.9978235570658 414.72487421065307 136.1268670616122 Oyster-Closed 0
172.74995697183112 149.70559291172515 168.82461272207365 85.21100443648383 259.53104799524954 79.69034144426729 263.456943367386 144.18432945216608 Oyster-Closed 0
134.45031639622903 104.70133924204606 171.0568871918731 99.43498382423996 178.25894699999117 149.49544000000168 141.6523820010916 154.7617659064139 Oyster-Closed 0
191.71944954698847 274.67346279394974 138.2407321322171 214.06893446914842 243.1051561984641 121.54145704242347 296.58282516229883 182.14453285516336 Oyster-Closed 0
