161.830397427555 248.58565104181844 99.32669113230804 278.8153894062655 62.502134388949344 202.68145158885267 125.0040599870299 172.4522248666051 Oyster-Closed 0
18.0330226931801 218.24343448805834 68.53811109799426 213.64649167512496 74.84433375201479 282.9237838159386 24.33925514310249 287.52065594721716 Oyster-Open 0
175.74702865196014 0 175.74705454919967 47.351743287833195 107.80408309532504 47.35170422014221 107.80412008384155 0.000020610840730385355 Oyster-Closed 0
301.0369060000012 389.3728139999868 296.97907681189463 364.222538946624 356.3765242604168 354.64109636882773 360.43475001047045 379.79087845824824 Oyster-Closed 0
95.9859269999979 410.20826100001256 95.10054998424312 393.30789438137936 158.96229430537278 389.96264910016055 159.84803021069092 406.86263721939076 Oyster-Closed 0
285.0847978842612 41.07375039968987 257.05149823562897 80.91497560429646 224.4832647750227 57.99917873411986 252.51654485497784 18.15802020872229 Oyster-Closed 0
116.90179636151151 30.161818768639787 154.28448567082523 95.89607353727642 47.54647702029615 156.59560064033602 10.164539526740555 90.86199357606446 Oyster-Closed 0
300.7372637349872 87.14930412744286 295.24914507508583 31.09198973490376 399.76721887297026 20.85943643580554 405.2555833350052 76.91643949565136 Oyster-Closed 0
160.84378850453504 142.0031673060324 143.97559849944446 81.22045235080779 232.13878742935776 56.754054177135906 249.0072717203584 117.53627517094954 Oyster-Closed 0
114.72613452145742 104.70956541990155 151.55475248434232 95.60974874271562 162.90789100001712 141.5569109999968 126.07928884732974 150.65668140874115 Oyster-Closed 0
187.54730847565588 262.47811730527434 129.34716267472686 213.5557842261274 225.12542652872798 99.6220000652955 283.323891331871 148.54318914463292 Oyster-Closed 0
