87.05754655728379 439.368602861562 0 374.3469133554933 103.66298093231308 147.93856274806237 216.97845925992806 212.95631953792684 Oyster-SemiOpen 0
358.64508011890575 0 358.6450899999836 22.26753499997854 253.62320905066372 22.267525237176784 253.6232190000337 2.186233774170985e-11 Oyster-Closed 0
135.06147047571358 416.6378550992828 117.39369988311228 306.2981260995647 323.62035885266596 273.2796191729196 341.2937394029359 383.612526288334 Oyster-Closed 0
334.82680500001516 384.22384699997804 325.6617881404418 331.909773462241 413.1613583947146 316.58317720768264 422.32748950469977 368.89583374727505 Oyster-Closed 0
116.0087364159881 34.67298771169229 136.04624494151358 0 272.93585678761883 12.119694031737275 252.89858377850396 76.96934477678167 Oyster-Closed 0
124.88179881563701 3.694368159961933 142.41040136350784 110.67422899415354 0 134.00690099999758 0 27.027990618926772 Oyster-Closed 0
415.18544970325456 28.345732027551467 396.70528828523675 126.27948311177941 226.52330561855342 94.16502790907799 245.0041648805891 0 Oyster-Closed 0
84.43485000467626 175.653879397512 44.52024463476846 103.39753457292444 208.84124765742672 12.627238953140141 248.7559515315079 84.88243999963498 Oyster-Closed 0
190.33755933793145 132.95863537805417 189.40605897146452 98.45091805680042 311.18725179198736 95.16307797748755 312.11916516896963 129.67037245158107 Oyster-Closed 0
342.41444174392745 85.18704400077343 352.2554771897885 193.92851895779845 121.56758732558956 214.79980768174792 111.7302211326969 106.06189118182583 Oyster-Closed 0
104.71609031543994 154.71719687482954 104.02857937651788 237.793830208167 0 236.92562910424283 0.011682442760502454 153.85043922295222 Oyster-Closed 0
0 208.9712125653677 32.54561422785628 205.15331872455707 39.69216453717672 267.69627753722136 6.2768290127460205 271.5141211105865 Oyster-Closed 0
