99.84542094626886 436.5566733602568 0 374.9956880911201 108.29913445284546 143.97769896006676 223.4038390645037 205.5350022687707 Oyster-SemiOpen 0
147.56917095515018 411.86478356174695 126.1048038846202 302.2545070161295 331.8038920860963 261.977646102107 353.2733614443496 371.58128774149424 Oyster-Closed 0
346.517158000006 372.477826000019 335.5562913271424 320.5402612211279 413.93872942464805 304.0014253361697 424.9004884498827 355.9377554588435 Oyster-Closed 0
117.28091073343239 30.626735748532315 133.59962907748923 0 271.9309482538338 7.916244223905676 255.61244139156406 68.12139183617829 Oyster-Closed 0
124.95470446140462 0 146.1612845132222 105.61581941739425 3.8992029999972146 134.00690099999676 0 27.750340584814715 Oyster-Closed 0
406.9771717915464 0 406.9775462725738 103.23730900279925 245.4482325986355 103.23697232560536 245.44856600000276 1.3256949481675122e-11 Oyster-Closed 0
89.78357677188615 172.62704345393635 47.584936529648985 101.84278443730085 209.42437085640995 5.362115497178362 251.6229076140189 76.14521866528136 Oyster-Closed 0
194.62416014146947 126.27350885021552 192.48642752018714 91.81093619255616 314.3029184055631 84.25421122521803 316.44101725696237 118.7163937446159 Oyster-Closed 0
345.0233009316289 73.2242314640032 358.6412615591762 181.54525951116204 128.1740522781729 210.51351638767738 114.55964725223384 102.19586008640542 Oyster-Closed 0
109.13542141598737 151.0501649924117 111.3588240072495 234.1376874986447 6.701806573924841 236.9363456777157 4.479901700949995 153.85025142041357 Oyster-Closed 0
5.208714727705228 208.99704138388074 38.58985585052142 204.18676772487407 47.56776481670386 266.483715247093 14.186637605525902 271.2939257376001 Oyster-Closed 0
