39.62485352548538 428.3800397533054 0 348.9477795214551 98.46386197437096 144.17623521919046 199.9335524534108 223.60402215928312 Oyster-SemiOpen 0
368.78746312112344 52.660323794819504 263.9209407182534 36.78458237726368 271.8932521281895 0 376.75961599998845 3.3646292836532175e-12 Oyster-Closed 0
88.5173598989677 416.6479279219849 85.0793012266804 304.04140170268397 293.4345217293667 297.6776030061386 296.87969791565047 410.27688830233046 Oyster-Closed 0
288.6399240000246 410.240798000018 286.4755659249531 356.92999503365155 388.32006676686433 352.7954067026799 390.4861657533984 406.10439058830667 Oyster-Closed 0
128.69980106511503 32.656204118681444 160.52648515561305 0 288.30554970850426 25.82282841476566 256.47918252947056 93.10205445705064 Oyster-Closed 0
141.01177979696877 2.9531176703865034 144.2186250831328 111.69714536746112 0 115.94921400000138 0 7.205931185443692 Oyster-Closed 0
422.5938620800662 66.016141104898 390.3161374269948 161.5721307237181 228.9152738064913 107.05186755000994 261.19367511211385 11.49682794655086 Oyster-Closed 0
77.31279154824006 168.1970476442385 47.43434823870848 91.63410443721152 221.4894953757066 23.71005105717488 251.36845146872292 100.27174799107165 Oyster-Closed 0
186.65001187032613 140.55309142440186 190.3936223385972 105.9532333094777 310.2784497989269 118.9235271335966 306.5353616298271 153.52290641101956 Oyster-Closed 0
341.27551443141056 113.12925659788863 336.4914418852677 222.94028266468663 106.55806820621365 212.9180605670628 111.34564672270062 103.11091328002169 Oyster-Closed 0
97.85545795927464 150.62890601682767 85.85484366173478 233.58584443077177 0 219.44837730946878 0.1317443427433318 136.4927549311056 Oyster-Closed 0
0 196.620258 18.981702 196.620258 18.981702 249.43297099999998 0 249.43297099999998 Oyster-Closed 0
