292.141232864582 271.51400809817983 256.36262751789764 245.4402180845298 315.03165521460323 164.94229124241085 350.80932294929517 191.01558465906075 Oyster-Closed 0
346.4604912791983 206.0954488051258 363.4828703443309 231.57029241948098 303.74659174381304 271.4817310334092 286.72464697794567 246.0072724982862 Oyster-Closed 0
215.33479713723136 270.7008404776577 236.35391700484615 233.28007094753335 312.65893859914286 276.1348270943259 291.64073115299107 313.55480779905497 Oyster-SemiOpen 0
355.44696649441903 267.05565295244674 374.86628458665655 234.039917726206 435.41861723168404 269.651575127921 415.9999360074762 302.66675779776637 Oyster-Closed 0
94.86833628755994 0 94.86836240112098 41.28098805882959 23.695854240941117 41.28096413836391 23.695877999984077 4.4112305585223064e-12 Oyster-Closed 0
133.26961699987805 286.11169700000727 154.91305299249507 250.4081888128128 209.95027590725658 283.7670512056342 188.30749295149508 319.46998903472723 Oyster-Closed 0
331.3584792700167 368.32494900886815 287.6212607112211 321.4283026411836 351.8829947594386 261.5070379885469 395.6192535997361 308.4025475617618 Oyster-Closed 0
422.51768508424357 330.79059063692995 415.7427339999813 369.3638989999987 348.2182140530058 357.505458187236 354.993785945484 318.93295068326114 Oyster-Closed 0
349.39223510602096 353.7033568150924 406.91810084705503 370.9317691150634 393.72888273562785 414.95928310381646 336.20312912654845 397.7311376507954 Oyster-Closed 0
192.48901223072244 60.524657247355194 186.8627601657936 12.157663347117172 280.2972736927986 1.2889088970432343 285.9236375054679 49.655778498056705 Oyster-Closed 0
171.79778500002794 404.84415699999903 175.84217967297081 351.75128512586036 243.12078951422882 356.8749027981029 239.07767688562308 409.9665721571023 Oyster-Closed 0
287.37698400002773 406.8955100000051 286.67129909084906 386.6790029962834 332.8602354213872 385.0669724817595 333.56623418926756 405.28315274504087 Oyster-Closed 0
30.6302820000019 395.4365909999792 31.834634987739264 374.8946355773364 90.28743293905791 378.32040456703425 89.08351169128582 398.8619499329342 Oyster-Closed 0
416.0000112944981 67.853983 407.00307679018806 67.853983 407.00309073677636 36.256829000000025 416 36.25682900000001 Oyster-Closed 0
416.7413114169358 6.8695973362322675 416 18.6790660000189 389.7586245832026 17.03182163886409 390.49993900002664 5.222356999987442 Oyster-Closed 0
24.639637000007497 23.925571000000076 52.594795497949235 23.569974523919516 53.627528631859605 104.75765119259006 25.67237007683434 105.11324604990361 Oyster-Closed 0
193.34231541715053 105.12625662449311 197.12699566378433 56.78812981045129 284.58086563122924 63.635204659058076 280.79652005830576 111.97302370491276 Oyster-Closed 0
61.63747354662337 121.43596334126367 70.30210035315031 64.92407379443698 158.03394846764422 78.37516852904922 149.36981475816356 134.8866173631882 Oyster-Closed 0
269.20555085229716 173.66610210266174 270.1554124185386 90.64614214774883 416.91064982693206 92.3249337248376 415.9622488577079 175.3433491663032 Oyster-Closed 0
88.00996320884587 242.3520589728383 43.23783301750518 194.61245934324714 133.8235186224665 109.66253576109705 178.59492607371067 157.40127696408902 Oyster-Closed 0
396.5871270919961 241.40205940189605 352.75443330845883 244.71273374200877 348.1890301785061 184.26473842322764 392.02074299996093 180.95410100000157 Oyster-Closed 0
416.00031447247966 255.79449399999996 393.96842846723666 255.79449399999996 393.9687646375569 176.58413999999996 415.9999905306613 176.58413999999996 Oyster-Closed 0
416.0000682593163 129.66798300000002 395.81553410597917 129.66798300000002 395.8156160027247 82.357816 415.99997571944914 82.357816 Oyster-Closed 0
333.90948420137283 53.03655329162846 313.53345579989036 88.1552591471981 270.67189595311356 63.28686601196452 291.0479197434579 28.168254133197514 Oyster-SemiOpen 0
