292.26396143063175 251.31479265602266 255.180565021441 229.77137828845633 307.11240497772087 140.3871079525302 344.1947688600558 161.93014066930013 Oyster-Closed 0
341.0581320475321 177.57556162138877 360.51653547066235 199.9535524295904 304.48515917918485 248.6704153126335 285.02708430640996 226.292736620352 Oyster-Closed 0
217.3562949141524 262.0340972048763 233.50617966994105 220.94368555177755 313.2705797497438 252.29001890810875 297.12163552136917 293.3796332160878 Oyster-SemiOpen 0
355.20913144119186 237.48311703772808 369.8802151303462 200.88166818176742 430.670475441726 225.24623906994967 415.99997159401755 261.84719486869653 Oyster-Closed 0
0.585143 0 75.848778 0 75.848778 53.95314499999999 0.585143 53.95314499999999 Oyster-Closed 0
135.97332200000528 289.31780800001286 153.1011677900715 249.86868403489368 211.47531371944206 275.20974678681154 194.34819510273883 314.65825598611264 Oyster-Closed 0
339.37600965022284 341.29069017172117 292.1501815757001 301.1663825742557 351.0859196003985 231.81089412703014 398.31042869782686 271.93428284106324 Oyster-Closed 0
416.000569087184 328.945152 357.1461892587795 328.945152 357.14686282915136 289.655179 415.9999966411524 289.655179 Oyster-Closed 0
347.10206298069534 369.5900530562907 354.42485739350377 323.3983961916849 413.5719420412279 332.7729570624452 406.2501043670345 378.96376236345407 Oyster-Closed 0
174.55875042429398 51.387227131798355 167.03458509524353 6.675773860679764 260.8602891447481 0 268.38452194250567 35.59784853618791 Oyster-Closed 0
183.90199400001802 401.71972300001835 179.90251316977447 348.524393502115 247.5191568316004 343.441660635077 251.51971839349062 396.6358130861505 Oyster-Closed 0
297.3735270000143 390.935412000009 295.9444485737513 363.74040121340147 348.2947289652802 360.9899256287311 349.72425220793957 388.1844627922337 Oyster-Closed 0
42.941873000025225 413.66097199998353 41.03915898440755 393.1587026701112 99.36794421722152 387.7466194272383 101.27103733739568 408.2484652787601 Oyster-Closed 0
415.19954858084384 31.758531372242278 389.78760676212187 33.13602363777743 388.0079844535867 0.3054551637649073 413.4199062670159 0 Oyster-Closed 0
6.747437000023638 44.66577699999912 34.66374538543823 42.023932593196605 42.298892206883465 122.70355787737111 14.382585417963128 125.3453867457994 Oyster-Closed 0
183.03040298785345 99.89427665169697 179.49198624300334 51.440101132195934 266.1121565852445 45.11449647536105 269.6508195429269 93.56841141002485 Oyster-Closed 0
53.1595409140391 136.17163249404547 53.2577336572831 78.5904084279275 141.77373208380595 78.74122093304719 141.67602199510657 136.32196348501597 Oyster-Closed 0
417.8783618668822 71.15068608395401 415.27294017218446 151.71135747821472 257.34445891210635 146.60201442726785 259.95107094146806 66.04253498200748 Oyster-Closed 0
87.42662724930051 252.62291263945627 39.120157641824335 211.7966991186135 122.19511314036572 113.50734486006368 170.5004312912679 154.33276628512152 Oyster-Closed 0
393.87575661263327 205.309693573174 350.1441110713713 212.25948130115788 340.6486980056652 152.50987246757524 384.379531999999 145.56015000000275 Oyster-Closed 0
416.00033969327706 217.12956600000004 389.557439692333 217.12956600000004 389.55773598198357 138.49702100000002 415.99998555044294 138.49702100000002 Oyster-Closed 0
378.85977977784205 47.03669703171531 409.8052609016486 42.01456004570489 417.43789293798545 89.04510619962441 386.49241501761935 94.06722852176428 Oyster-Closed 0
257.5669563813899 24.8545227422943 301.1362377384903 9.066349976704402 315.9832352097219 50.03829836125133 272.41396416170755 65.82644865082597 Oyster-SemiOpen 0
