257.67897624174657 301.9428474938926 225.38501460379848 271.94066339884 293.6869671379827 198.43034762742784 325.98014886491 228.43187055001044 Oyster-Closed 0
319.807008996635 242.91419347890732 333.7345405711203 270.0442978880092 269.3894295436585 303.0714798381327 255.46244910347014 275.9418472466728 Oyster-Closed 0
181.55245866169935 292.6946982667553 206.79085584838685 257.6740729194963 277.61659391939247 308.7084534236435 252.3790950868388 343.72826811734893 Oyster-SemiOpen 0
322.20249719689673 302.99185450187446 346.9864535200286 272.6525264887773 410.10053897686885 324.2015748934954 385.3173199675366 354.540219507542 Oyster-Closed 0
93.96820781180577 7.120441992029208 90.64667461081626 50.95485752158318 20.314151694499742 45.62536269782567 23.635743999970146 1.7910100000138167 Oyster-Closed 0
97.78076400001737 298.80613299998925 123.4653936214745 265.5725235859737 174.22059167215048 304.79268279276283 148.536572125362 338.0257299234938 Oyster-Closed 0
284.97563033491315 402.32728308188643 247.17997619704693 350.9089056460338 318.47604038586724 298.51355291765316 356.27118006619276 349.9305351592539 Oyster-Closed 0
379.9059777582261 374.98821110613943 368.8887339999783 412.66797900002 303.32991695284727 393.503016640213 314.34766952559585 355.8241139957091 Oyster-Closed 0
293.2543669999759 415.99999999998386 293.255044293026 396.120782899052 354.37312756636675 396.1223943632743 354.3728850271691 416.00117740700773 Oyster-Closed 0
184.672104546411 81.35454107783045 184.42888271029733 32.7111325602564 278.65843662253246 32.23986377918507 278.90189080519485 80.88304058096115 Oyster-Closed 0
124.34805600000254 415.99999999998386 124.34944648870805 375.5439350072167 187.11846093715212 375.5457851195136 187.1179539881996 416.0009708932951 Oyster-Closed 0
0 398.5528546275477 0.545317464551772 378.2484759063579 43.485773901848006 385.5734036182667 40.02157355609597 405.87747532147915 Oyster-Closed 0
411.1063433991294 115.54397482876361 397.0229788721481 114.7237246278985 399.0305492852458 80.25594315386765 413.11383199999545 81.07619099999924 Oyster-Closed 0
416.13919427113433 53.20154970991699 414.0372109999844 65.22237799999624 386.0961526185856 60.33656043621975 388.19814899998164 48.31575000001818 Oyster-Closed 0
21.61439140012226 26.477649083658193 49.45768229881287 29.540688032979443 40.57683866068692 110.26777906135261 12.733551000008447 107.20475499999921 Oyster-Closed 0
180.0477495306077 125.80543091688233 189.14790834530868 78.1189807981533 275.26001960781286 94.55157149968986 266.16031899821974 142.2376226341033 Oyster-Closed 0
46.84063242891716 127.4615374773446 61.716987452669855 72.132154242949 147.48195507760465 95.1911859894241 132.60616058730375 150.52008814487965 Oyster-Closed 0
421.60090407408643 160.77231307719373 398.48452125253607 237.42695169983384 241.87938967794616 190.2000837357585 264.9969121321192 113.5473217944468 Oyster-Closed 0
58.02478675220118 250.37962733608856 19.306250529083627 198.00632298888144 119.89841802336014 123.64504381928016 158.6165982036182 176.01733519526334 Oyster-Closed 0
365.430886055834 283.5392818030646 321.40441972785993 281.4799206858477 324.23856643588806 220.91232028296176 368.2638580000421 222.971654000001 Oyster-Closed 0
390.66182429734545 305.4449824241402 358.68409540949506 299.68312184747356 373.3654627452306 218.21650414898235 405.3420090692016 223.97825613148376 Oyster-Closed 0
382.79992029693676 125.52326058859813 409.96897237770463 126.70585444668289 407.8359830385234 175.70756992143546 380.66693147391925 174.52498379671582 Oyster-Closed 0
325.9096697966779 89.46438435383948 301.56790308420386 122.25757254030009 261.90838674232145 92.81938190946204 286.2500987997082 60.02632864002618 Oyster-SemiOpen 0
