307.1334036987573 306.6139152462187 358.364175488161 330.2115046160896 338.19663654371107 373.9864872013961 286.9660728320341 350.38923758811495 Oyster-Closed 0
134.2100045835141 357.5699822755861 150.2683756241131 308.3416011940822 231.71977700697244 334.90542432146265 215.66291447415642 384.13252470915813 Oyster-Closed 0
302.87956863428917 413.55563280808076 236.74382900000637 413.2886560000001 236.98212891829098 354.64265890465566 303.11523205238336 354.9096303721393 Oyster-Closed 0
160.6514894487227 71.99495481989514 138.19343949330505 130.58516736090118 57.81131982395527 99.77415671972142 80.26952432869075 41.18433686183841 Oyster-Closed 0
207.833892183462 46.46676234129813 287.3338274484049 59.64018804889471 274.83319092698366 135.07894903697462 195.33327362537966 121.90560448918731 Oyster-Closed 0
337.1867532251854 129.84289045153517 295.3062544475142 141.78954579302192 271.7668444204792 59.26957719357781 313.646741000015 47.323015999999264 Oyster-Closed 0
326.12383487025 56.5647314486944 359.34393954181724 53.73929988523105 368.79076987020017 164.80870156225754 335.57067076855674 167.63410146992447 Oyster-Closed 0
399.3685194128484 183.04044901113085 351.0864470000088 180.5029630000008 355.2249148026349 101.7723763413549 403.50601037324304 104.30983618255114 Oyster-SemiOpen 0
232.1466048176917 176.9820071085288 236.73449093753152 111.50151843080357 307.29077647935264 116.44478910199027 302.7035222204613 181.92469780175946 Oyster-Closed 0
65.24780437881054 131.8441913627089 80.18423634525243 196.62613345837056 20.254657547695388 210.44246639306328 5.318934703736886 145.66115339136385 Oyster-Closed 0
133.18306860212397 143.13226234079582 200.6682441582234 118.17878706155534 236.57743741563536 215.28875318625157 169.09248476460198 240.2418224268303 Oyster-Closed 0
397.0112725128092 229.30317008447787 366.4000968463515 228.36321414705546 367.8625954201998 180.74815358313327 398.47322800000256 181.68810100000033 Oyster-Closed 0
