351.7378198939732 294.2365888491382 407.27215909790175 312.89919912682154 392.28885616538173 357.47663439805035 336.75463412834506 338.81427550387554 Oyster-Closed 0
183.00673775402902 346.9541962449806 197.29976542087024 298.7300722739978 281.2102884953929 323.5949328962294 266.9187160813308 371.81781763185165 Oyster-Closed 0
311.65835731449624 340.91854904705417 369.1327345801874 357.15182024905306 352.0271316788494 417.6996135091251 294.5528880000056 401.4666809999954 Oyster-Closed 0
179.05258147497807 62.55197466554126 159.05729021918887 119.86693603639901 73.02009964513127 89.8513536851172 93.01555458204166 32.53675839205787 Oyster-Closed 0
309.7692281383279 53.698236371228134 293.99139719161394 125.60238156341477 210.57048907218996 107.29722938645585 226.3486325527192 35.39352082804746 Oyster-Closed 0
360.23838249276014 116.10132079432123 321.15724616778607 132.14022993757243 287.6042807328522 50.38409106073475 326.684940000021 34.34529499999637 Oyster-Closed 0
340.4480322144991 44.03346724971716 372.67160400983266 37.32671996407553 395.86687824981345 148.77040627139812 363.64332973046476 155.47708607849458 Oyster-Closed 0
416.0003224168795 166.803322 380.49053499998263 166.803322 380.4908399252781 92.60048700000002 416 92.60048700000002 Oyster-SemiOpen 0
259.19456257292404 165.2679299402034 262.58734628697493 100.09617226192337 331.35692175061195 103.67608766088887 327.96469164039445 168.8473308177665 Oyster-Closed 0
88.36815608830148 123.16098487096485 105.19512007992671 189.19471937071182 49.372440733219264 203.41848119437134 32.54613053250068 137.38532563956082 Oyster-Closed 0
270.57232624210883 197.31998845097579 211.46021405277497 231.38571807562778 156.1666567493121 135.44204997709488 215.27731089884765 101.3768495460531 Oyster-Closed 0
416.0001071591614 213.35222699999997 400.1892940972102 213.35222699999997 400.1894207123951 170.68926500000003 416 170.68926500000003 Oyster-Closed 0
