311.19714157624185 332.8592710790333 361.43663984091836 362.54367161071724 337.52046260203133 403.0107224165721 287.28129754221663 373.3267726398452 Oyster-Closed 0
134.9702079533854 351.40167049884445 158.47039292253612 306.88972959774947 235.71094611519948 347.66045498670917 212.21215177564227 392.17120159567213 Oyster-Closed 0
238.21536099999867 416.0000000000173 238.21685566982705 373.17387797188456 301.9118969585397 373.1758386862727 301.91135244252655 416.0010128145154 Oyster-Closed 0
189.59648458995434 72.92312484821645 158.6868919510125 125.25863907482709 80.77535165412701 79.24390695688095 111.68492627992964 26.908724663400438 Oyster-Closed 0
319.41183256040676 89.88274307790881 289.84661594251156 157.28669338928995 212.0029614160594 123.14255769340949 241.5683440679859 55.73914399018509 Oyster-Closed 0
356.49740373103486 160.91127991318086 314.7841573359219 168.6045140253709 298.8596357314018 82.26086678661333 340.5720839999849 74.56771000000145 Oyster-Closed 0
352.0573676797176 86.64790702810639 385.0525836225679 86.76632448363414 384.64638183695934 199.94465879761364 351.6511658277559 199.82624307030008 Oyster-Closed 0
365.82008100000166 214.30693699998517 376.46003172653946 144.4126874220871 421.83388364657367 151.319712227974 411.19452164002723 221.21342200281867 Oyster-SemiOpen 0
247.3896251232036 189.06797481146674 263.455915689603 125.96826532619036 330.43758406734196 143.02218759094308 314.37202686661476 206.12127240937917 Oyster-Closed 0
88.39125142759076 114.43651146918579 91.81790494206871 182.10636218961193 33.85164338974937 185.04109440087245 30.42554438350271 117.37179547059118 Oyster-Closed 0
251.7250220930764 222.64884199132192 186.59476237071794 244.03825690923347 152.32060439902125 139.67813645587415 217.44882218450948 118.28907935308976 Oyster-Closed 0
406.9110597440158 270.67914678631274 376.4785654630905 267.1060785091835 381.9588954231731 220.43720749693858 412.3907734544773 224.01023903805856 Oyster-Closed 0
