318.99395197620834 184.87166567460116 411.836266927181 183.85835249867915 412.7706065786879 269.4578714525719 319.9282922686398 270.47116719736874 Oyster-Closed 0
281.6169620282417 220.22554713554212 300.79296781946323 242.32405573259715 248.29666421222646 287.872230003291 229.1210189999947 265.7740629999872 Oyster-Closed 0
361.32267672994567 46.02288390685421 310.38776117142334 36.45805259303261 318.93797986656136 0 369.8728079268694 0.4912915204129983 Oyster-Closed 0
169.4099580780421 0 169.40999263968115 56.16378205527533 109.96873312269236 56.1637360339525 109.9687815479192 0.000007210265385668146 Oyster-Closed 0
172.74066054519062 40.34656301532564 168.69215666751552 16.379314862234324 234.07884276685581 5.334300783222609 238.12737098036814 29.301511466661783 Oyster-Closed 0
420.7469697685592 341.00576644473267 411.25212001684486 389.64814261238644 293.3248308689508 366.6316994381388 302.82102890364695 317.99119823073465 Oyster-Closed 0
384.5263923534112 48.615508527809254 358.5324115954172 48.76655232725699 358.2494226025883 0.05998580757379411 384.24334383603855 0 Oyster-Closed 0
334.73831847998736 87.56871056598493 331.1375758595532 51.960530020355336 383.91199732598034 46.62394683516948 387.51283894740845 82.2320084490145 Oyster-Closed 0
136.4269430422646 145.6390690256827 133.4089539123852 102.89192319931753 214.08508643466485 97.19614227717652 217.10341529735888 139.94290461186387 Oyster-Closed 0
22.473743755268515 174.7498075844144 17.73152706863766 123.5402778519456 109.40524596787145 115.0509963418847 114.14800112022931 166.25991501851044 Oyster-Closed 0
203.24519243122995 202.43723252253284 197.14994238084182 119.772765076413 365.3395936080233 107.37162765887106 371.43660163713866 190.03389932818158 Oyster-Closed 0
140.3889891276449 99.80136222640786 129.5235016672559 56.045136296861756 216.14265199722286 34.536019432237154 227.00829343505393 78.29201796927947 Oyster-Closed 0
360.9543245987952 140.20016888675698 335.82623539405176 153.84252021956357 314.33197894044133 114.25278695486098 339.4598644971775 100.61050336907236 Oyster-Closed 0
407.0357267979671 82.73478744227435 410.8515425653459 131.70822831962218 319.1271717016898 138.8542525028097 315.311825874458 89.88125633629755 Oyster-Closed 0
191.34195484632437 183.02033080069248 157.10547620579746 215.89753540693482 97.88119612736409 154.22729943864164 132.11722728829045 121.35050222627007 Oyster-Closed 0
100.456053690712 0 118.79382238589824 18.83259922607773 38.60398083263863 60.36980949225758 20.26626909948027 24.967885516147682 Oyster-Closed 0
