298.1232576970033 231.16458739017256 390.55658834587666 240.9474107766245 381.46727438755624 326.8169212299391 289.0339728389372 317.0343058747515 Oyster-Closed 0
257.2348585127147 259.2435425547356 273.4316049770241 284.32307913594985 216.06918303859857 321.3625169694038 199.87293200003114 296.28341600001187 Oyster-Closed 0
307.3652189166314 77.2338399797269 333.6228840835829 20.19931749332375 381.8507211789074 42.40251148011974 355.5932621064203 99.43685242696013 Oyster-Closed 0
165.84886275660756 78.01922754922376 107.5583657949137 73.24160953274074 113.03412152975216 6.435809546313569 171.32430590688455 11.213414006182164 Oyster-Closed 0
169.9643940331698 63.74858425736551 169.7006045654125 39.31990746061789 235.12426118822623 38.61339715545633 235.3881221585616 63.041997323742194 Oyster-Closed 0
259.0801074312367 415.9991897892135 259.08201048251794 376.96536492919375 374.5584148823873 376.9696810447498 374.5580869852529 416.001916478809 Oyster-Closed 0
378.93705281112125 105.0507884387501 353.06758127311696 102.1786786668266 360.11425196795244 38.7102557248736 385.9834960000153 41.58235200000064 Oyster-Closed 0
324.76977870284827 135.97550884353 326.78562315569434 100.15715948975263 379.70329546480207 103.13526505997478 377.6876629048202 138.95340759128274 Oyster-Closed 0
120.81346392849446 162.4345463272027 124.52437299905796 119.6926374797292 205.58687437399567 126.73023023605101 201.87644326927693 169.47168529831148 Oyster-Closed 0
4.488269504858181 173.48224028235143 7.819747797511809 122.05656284208573 100.21660350822276 128.04182648505517 96.88579638829106 179.46686330708286 Oyster-Closed 0
179.81962664172897 229.22695224622754 186.74059016426327 146.52141564876217 355.5877604967354 160.64980612831528 348.6694462749583 243.352679334505 Oyster-Closed 0
130.75977991378022 117.72133144728956 126.7741923970134 72.44802496060214 214.65545688244674 64.7114298567927 218.64133333331847 109.98441830224772 Oyster-Closed 0
344.86115783654895 192.0712387839227 318.65524025562263 202.32243950850489 301.9610881371009 159.64781090399998 328.1666748683456 149.3966821827606 Oyster-Closed 0
397.639320280472 142.55911482832107 393.7419415477889 191.59728183784821 302.6957127012829 184.3607277336072 306.59367717052737 135.3232129677841 Oyster-Closed 0
172.02182897660896 208.17378612516148 134.44603267599814 235.61786467771495 82.95682893456978 165.12379953414666 120.53189688817656 137.68010582449634 Oyster-Closed 0
105.81971663708828 0 118.86639093821941 34.08856319857585 34.2623568504423 62.87418018989964 21.215777815141337 24.528887030221263 Oyster-Closed 0
