329.7063354129714 314.04863927665855 328.37615619755525 226.74762541347806 415.4278635755545 225.42144588566237 416.75982406020194 312.7206423799041 Oyster-Closed 0
295.2235572407408 257.32911808736526 316.83214056703946 281.2271509793642 270.2606215544183 323.3304374802266 248.6524350000036 299.43278600001696 Oyster-Closed 0
356.11591543599934 29.069391807724298 351.3494002081643 87.46282672060305 298.2793716671549 83.13073734588961 303.04602875956334 24.737465935279612 Oyster-Closed 0
84.5109898126866 44.820546566420134 115.16306639422328 1.714674316997644 176.78592845088133 45.53389538738636 146.1340055578221 88.63962794090571 Oyster-Closed 0
161.0171331897218 70.0794146134085 158.50721889420674 45.337447284048096 219.416878963395 39.158540788346365 221.9268573338195 63.90043093045512 Oyster-Closed 0
327.70519274468825 415.9997404795304 327.70657794160434 369.9372859446002 416.00000042152897 369.9391002472234 416.0000182158401 416.0001669545678 Oyster-Closed 0
374.77561142169725 92.59565002357543 349.55732307264407 96.10855199653118 340.7886347789572 33.160049843818804 366.006747126401 29.647160334041526 Oyster-Closed 0
328.602773505565 128.5905737103286 327.4596485277689 92.48579128687062 379.6999371683087 90.83182414917916 380.8432393146395 126.93641551323367 Oyster-Closed 0
217.31119686802413 132.17910193266485 215.52585493088918 174.58708855995863 132.6588913306441 171.09786700929624 134.44468261779912 128.69034023042926 Oyster-Closed 0
122.05150774547656 165.2655940468897 103.36666437382883 210.85126685533692 13.86716745186277 174.16787118488693 32.55224856343557 128.5828511677498 Oyster-Closed 0
380.76604649761794 204.8470798754757 344.06817381584915 280.63891765043866 192.37853496491152 207.19433115160567 229.0769929026901 131.40465890331328 Oyster-Closed 0
133.02879488465987 128.06806914767765 124.51730072089413 82.0183488854273 209.8033161733183 66.25479221708447 218.31507220806452 112.30417383687085 Oyster-Closed 0
362.9390235889987 182.11076335037166 341.1546842120988 196.28762840885105 314.35427937953136 155.10765397063568 336.1383847919642 140.93089102342302 Oyster-Closed 0
406.06052238932534 128.72507730251144 406.45892896305304 178.0683544264523 316.5216856669067 178.79367566166474 316.1238841807244 129.4510059987482 Oyster-Closed 0
199.86561426838307 213.99750032003183 170.06652016596854 244.49400163160547 102.67915702625032 178.65158437314082 132.47779374467063 148.15556894983865 Oyster-Closed 0
84.90066254345584 6.765093533106807 103.60877567516218 45.55759110016461 27.3690965872338 82.32472172218745 8.661120502809354 43.53233741281284 Oyster-Closed 0
