195.7673848319355 265.5201796233254 199.0648885573537 224.2069474326192 253.97469707179334 228.58918560751687 250.67772560834783 269.9019178367094 Oyster-Closed 0
370.63645873779024 285.81463654433065 348.7168580359794 238.45745456050972 405.04572933053714 212.38806674625553 426.9654898067711 259.7446066520914 Oyster-Closed 0
235.06073326923433 329.2732463495993 258.63248910494804 213.87314644720416 383.224004019492 239.31909412800837 359.6564366564817 354.71553969593015 Oyster-Closed 0
129.76511825234775 356.62985047854494 76.84077544181855 313.5695577731052 154.3693667679072 218.29770223162782 207.291656970021 261.3566622948483 Oyster-Closed 0
185.99959895549546 265.3987915133389 214.35248466553458 296.9983099637134 152.29480399272143 352.6697682552701 123.94266151671036 321.07096517290734 Oyster-Closed 0
151.7981507647819 415.9972286856006 151.8042874983512 326.522758805945 406.847021288464 326.5342077294068 406.84833863392487 416.00109722915954 Oyster-Closed 0
0 356.265105 47.410524 356.265105 47.410524 416 0 416 Oyster-Closed 0
251.72385876114276 378.5139146581763 259.33369830506854 408.2547842092572 164.84176267949078 432.4238892911352 157.23313171302652 402.6840688751595 Oyster-Closed 0
404.87900571291175 91.80012252131816 363.26476093497695 92.49373043450731 361.93660725444715 12.802973131650711 403.5505993516599 12.109367033758344 Oyster-Closed 0
259.72510808321385 76.5542635362636 261.05290849816083 26.3241511501731 334.75500672777343 28.27236992948751 333.4273811646781 78.50231289079585 Oyster-Closed 0
104.06719061548938 124.68794730369927 80.09576254449348 178.18964504715342 0 134.94840212516925 7.556181992040365 81.44737795869642 Oyster-Closed 0
294.0767902344196 169.4972278222643 227.73336067160926 153.31605534178502 248.73548004266195 67.21181197478566 315.07764299998234 83.39281599999497 Oyster-Closed 0
298.56755125700874 164.23485117941343 280.40864186866384 96.77877623328101 369.587943039478 72.77257700863292 387.7472510976513 140.22798241026055 Oyster-SemiOpen 0
405.1402765767816 186.8260621948936 346.2705816557682 182.03940590853205 349.53506841917624 141.89609878742542 408.40408845065394 146.68272772855153 Oyster-Closed 0
73.8139187894376 230.63048517916243 80.2951789824001 117.89349536293443 304.4328806403719 130.77785846070884 297.9559306925621 243.51039680915864 Oyster-Closed 0
