215.51932635523917 243.22150261585057 221.67988638545285 202.21226018195793 276.31336206321066 210.41875226070846 270.1533100991692 251.42753714109784 Oyster-Closed 0
370.9520387443008 230.06160025172267 414.39438023680486 209.21708185212123 436.67966113120565 255.65783769921566 393.2374704906433 276.50212691335076 Oyster-Closed 0
250.65297402097713 309.6169568425002 282.12226174398893 196.11162033233853 405.21381597259824 230.23489085580906 373.74853730243194 343.7367994338809 Oyster-Closed 0
143.61323520852238 329.6640618863962 93.45273311560595 282.87649876509806 177.1822893701683 193.12357319958141 227.34126120534347 239.90981862759847 Oyster-Closed 0
205.8372047788289 242.39286062224613 232.09020864876948 276.026507147916 166.38682839797184 327.30354745385563 140.1345857007109 293.67060196103415 Oyster-Closed 0
418.1209410046904 317.4794109078696 415.7306020624346 398.4063765279172 162.5928400024277 390.9170688648485 164.98935774502752 309.99631325818933 Oyster-Closed 0
26.37812000003396 323.145304999999 57.33476656782659 320.6189173527341 62.37349664384237 382.3471816753124 31.416856205600197 384.87352065445793 Oyster-Closed 0
264.39354929775436 360.0106017497617 269.91822534452876 390.28730686035385 171.78657917959208 408.1873043673279 166.26306477050093 377.9116363897482 Oyster-Closed 0
416 0 416.00001846640225 70.97176500001657 396.493044244824 70.97174336077998 396.4930669467103 0.000006796461398521528 Oyster-Closed 0
291.62861614593567 58.91643411108623 296.45191189136676 8.856467514536583 370.145195721816 15.95680462602628 365.3220317457344 66.01665034819379 Oyster-Closed 0
132.80544347198884 96.1400272703714 105.28212256814004 147.86287507930874 5.179857321407326 94.59568918861714 32.7031920024383 42.8733792350768 Oyster-Closed 0
320.1797088375606 154.09685197649952 254.71564006546032 133.5413149835639 281.240332341622 49.07071036219423 346.7033459999984 69.626061000002 Oyster-Closed 0
324.74874244648527 149.27889256329945 311.3163975544594 80.53939874037947 402.25039746999755 62.77030834027058 415.6831810660842 131.50918916530847 Oyster-SemiOpen 0
416.0001957755885 174.86176700000001 374.4344318983931 174.86176700000001 374.4346633352943 135.27079899999995 415.9999874988025 135.27079899999995 Oyster-Closed 0
95.39358097764489 199.8107055799531 109.70175428628136 87.7165762947992 333.33232889670035 116.26024593077987 319.0281446937879 228.350469655666 Oyster-Closed 0
