189.50351819041316 268.7878718552463 194.95980637671164 227.6846791766246 249.61877480771363 234.93961809243194 244.16304542888247 276.04230315352726 Oyster-Closed 0
363.2236322731369 298.23030501161986 343.81139274922316 249.76057785325645 401.4806098590125 226.66664860628475 420.8931074202774 275.13568116027744 Oyster-Closed 0
225.4497674966551 334.54299869528114 255.03273758216164 220.47746416921876 378.24218799433584 252.4276433741347 348.6635667223927 366.48944460703825 Oyster-Closed 0
118.7466509243859 356.3676097842852 68.12136613907933 310.5489731414977 150.60599759134857 219.42677581611122 201.22951568353892 265.2439895706077 Oyster-Closed 0
179.75163797301502 268.14968160925446 206.42176315606048 301.21911470138696 141.47421282801952 353.5886998979359 114.8048980835265 320.52002009691597 Oyster-Closed 0
400.76346705346805 339.53527051464874 399.82211091298814 417.2888496080911 138.53116246314676 414.11143060385587 139.4791516434998 336.3645444551962 Oyster-Closed 0
0 351.551657 35.146245 351.551657 35.146245 415.748102 0 415.748102 Oyster-Closed 0
146.89521099999183 415.99999999997897 146.89668696453737 387.41285721869195 243.3821812992137 387.41630886601797 243.3816813232006 416.00249293895433 Oyster-Closed 0
407.62578622393266 106.18110718446476 365.9920431781975 104.69469324770466 369.0348671040265 19.471635429839576 410.66827023448786 20.95804391947261 Oyster-Closed 0
263.3295835768913 83.3451114426135 267.2856050650553 33.23032905364056 340.85560225863446 39.0378115633608 336.89979341270373 89.15239613214543 Oyster-Closed 0
105.21003792459305 123.2783589033659 78.46671889321442 175.48551482281187 0 126.30204617866801 9.194905638050841 74.09554268878226 Oyster-Closed 0
292.7987199631825 178.00750735061092 227.33408199772384 158.35032160018392 252.83775066331145 73.42013407753998 318.30109399999856 93.07710399999758 Oyster-Closed 0
297.554783366817 172.98246391482954 282.952780682248 104.6330121925594 373.3572063390893 85.31971107229225 387.959719239283 153.66842576509308 Oyster-SemiOpen 0
402.91091461074757 201.13621372354356 344.31636811548015 193.2652397796331 349.6815464987376 153.32947622526564 408.2753741756933 161.20040163869507 Oyster-Closed 0
69.42904045181785 227.54159430404513 81.80444772814371 115.24641225299635 305.1759589415851 139.8610453736531 292.8051090668487 252.15174909895515 Oyster-Closed 0
