368.23811973991906 0 368.23813915787105 28.328116844459952 250.1431942214549 28.32809576405664 250.1432141262012 0.000002189857689229734 Oyster-Closed 0
68.11156796579598 447.90837656501077 0 378.72857093832175 96.308803214215 159.093555455958 206.28123655023956 228.26887025595994 Oyster-SemiOpen 0
317.30403619090066 301.57576828584627 322.0530028076755 401.7654071589352 110.55166783390814 411.77731799573775 105.80966269281635 311.5942640863063 Oyster-Closed 0
319.21988500002044 377.2072849999942 315.71752525476404 348.4077639565198 388.633086068141 339.5416236641675 392.13601889103666 368.34049152253425 Oyster-Closed 0
132.52936880976267 50.08857072192547 154.33528574254524 0 274.88960242928806 33.78958266242753 253.08401241073443 93.85418948813663 Oyster-Closed 0
15.363277000022208 140.27357099999918 0 45.53184819980708 91.58840513584437 0 140.22417735088675 76.1761408103689 Oyster-Closed 0
411.5332720202532 57.13037096900023 380.7616531142121 148.9056115172201 219.04220080729283 94.68132428402934 249.8144258209104 2.906951168111966 Oyster-Closed 0
310.1605924798787 131.2529801334462 303.3586262808385 169.2902423551112 175.55899186172246 146.43604830275433 182.36142474837834 108.39936507719352 Oyster-Closed 0
184.14202115568332 0 190.80571176579542 19.28841642309914 41.809930319996056 53.84938272293812 35.14635399999315 25.12180699999586 Oyster-Closed 0
107.89513172696024 231.60503397747536 99.6098503691137 123.56551003396609 319.6849043624097 106.6862140541832 327.9734631523788 214.72263108916434 Oyster-Closed 0
93.70864192113368 251.0042786196348 0 250.82859782270458 0.00117648148079752 167.2938278637193 93.86370898969108 167.46950612742003 Oyster-Closed 0
