405.3381985855376 8.646452635268222 400.4534445564532 65.17486033018652 285.5623121381832 55.2465833754987 290.44722755478506 0 Oyster-Closed 0
39.96844173685895 413.03154040142647 0 324.4885442238079 110.05441493374383 142.31255804818917 206.76648462098456 230.8506617029882 Oyster-SemiOpen 0
76.66436900002009 400.14099100000624 83.62443622010687 299.293970632038 297.32075980583977 314.03590666509126 290.36794803936937 414.8760533997679 Oyster-Closed 0
286.48798604085096 407.0999968869744 285.6978653518745 379.9191141701593 364.78619375392736 377.6200742843411 365.57703545110417 404.80021001255335 Oyster-Closed 0
167.2008245578363 38.00602860783111 201.86701060918494 0 310.2405097846058 54.208423923897634 275.5746347861168 107.9335084088502 Oyster-Closed 0
26.307213000021875 0 157.5287607034261 0 169.47446850609413 88.1959399073917 38.25290911040429 103.36143200182035 Oyster-Closed 0
437.1809387743815 106.63449623754758 386.6409056497978 189.38818692935794 239.47561638553452 99.51033553285893 290.0156945233866 16.757752396211057 Oyster-Closed 0
324.1695157761387 157.81217137748902 308.9813141810155 193.69927085646495 191.15514221597914 143.83345336403704 206.34355411092474 107.94693745063648 Oyster-Closed 0
228.95329046436018 0 228.95329897429838 20.91882880967022 107.16657565126661 20.918804643571605 107.16658999999345 2.202772658514595e-11 Oyster-Closed 0
109.39378637966729 214.32984383451014 124.809497513721 105.06281735480762 339.28434212761204 135.31751957384014 323.8725593841664 244.58131100102895 Oyster-Closed 0
7.763904631603509 125.33693843158431 109.53822336248413 145.62918030043758 92.85210511932019 229.3129158233366 0 209.02094142682557 Oyster-Closed 0
