283.30534024916415 45.205419550932035 301.9734192044489 0 413.083464059946 33.030143660334225 394.41566521692585 85.06607030259507 Oyster-Closed 0
49.95347290595964 422.3840918457326 0 331.03366910422216 111.88776956625225 150.50645913865029 213.02392014777797 241.8517821661836 Oyster-SemiOpen 0
89.42644300001484 407.15340399998445 99.79463413490521 307.1396430603503 310.5637684896101 328.9818769674779 300.20309854761217 428.988622208015 Oyster-Closed 0
303.1864180000048 416.0000000000148 303.1872722187363 394.41458596826175 374.366566816032 394.4167355245195 374.36626097763656 416.00160254926675 Oyster-Closed 0
164.94701621755667 47.26227402011582 199.1102332634764 0 310.85723718709414 69.82553888604112 276.6944175935205 121.35202526324518 Oyster-Closed 0
22.041261000002123 0.5130159999992254 151.35112169020795 0 168.1538408324377 88.34613695855683 38.84394848168449 108.47181737989276 Oyster-Closed 0
440.183338971623 126.77466112829245 390.15483051078627 206.15610544896848 237.87871512316633 110.187812729255 287.9071942323826 30.807668307410083 Oyster-Closed 0
328.1655941842291 173.37056799269467 312.5790447600957 207.9644554146097 193.5569816053794 154.33933137358733 209.14372070061654 119.74606713926751 Oyster-Closed 0
225.94861748395124 5.258913898147297 225.32719125068616 31.959257504437222 84.4623831089848 28.680593339764577 85.08386300000711 1.9803490000014357 Oyster-Closed 0
112.53925400312801 221.77316252235977 131.36917628917217 114.21369739678669 346.4950724493174 151.87005987207053 327.6693838837273 259.426031015141 Oyster-Closed 0
114.69027705200642 152.74059508866418 96.76188858973183 235.27867441547826 0 212.35253906440278 9.145389000015712 129.81588800002174 Oyster-Closed 0
