0 180.503323 25.20353 180.503323 25.20353 255.507722 0 255.507722 Oyster-Closed 0
31.980141554409784 420.02727036153107 0 317.07647674435293 105.10217580613971 158.09583355878596 201.60275047163304 261.0414675011355 Oyster-SemiOpen 0
295.0731740000192 65.87267399998936 324.3874824990962 10.898567636178676 421.25267766433535 62.55048672532161 391.93876691867627 117.52424166435713 Oyster-Closed 0
71.94223872107614 415.99810955783215 71.94982222572071 328.4760909997126 279.7956396892332 328.4905099295889 279.79402678603947 416.00648415540616 Oyster-Closed 0
171.84022064186865 53.560732413090896 217.6562133774496 3.4529696811313926 320.1056966286924 97.12712166677275 274.2901902801241 147.23443265045492 Oyster-Closed 0
182.18275036189152 11.674380211128687 175.3143992049445 118.86031469063062 5.393494672305678 107.97086728542872 12.262691041556536 0.7859098846521367 Oyster-Closed 0
440.4036376480144 142.20485524517048 393.17422516390434 231.83259877106042 246.74347046878393 154.67151538499405 293.973238626957 65.04548135108301 Oyster-Closed 0
205.06896100006634 177.78402899999293 214.19197625567176 145.96692026686185 326.81660018173716 178.25778663926081 317.69426766637844 210.07431220233514 Oyster-Closed 0
252.78644499273287 16.199067694827285 251.08166484893445 42.80280443743025 109.93271026098591 33.757674035946295 111.63756400001512 7.154059999990834 Oyster-Closed 0
321.596982430201 284.3077573287712 110.83287476221449 230.0444305146393 138.36322347105306 123.14231531985826 349.11947232854436 177.404569053718 Oyster-Closed 0
123.75231910093498 165.6939515840607 93.43211015484485 245.82326986953672 0 204.46243856704243 14.443676589944516 124.33458491539433 Oyster-Closed 0
