14.249059999987367 205.00700799999888 50.38177891065061 199.69134485338816 62.801599152717245 284.1059132742526 26.668902091329073 289.42147946856716 Oyster-Closed 0
22.162959901743307 406.9502119524713 28.000208901743463 215.15487095351844 217.22535795644217 220.91028605745433 211.3979699033007 412.6970882802126 Oyster-SemiOpen 0
384.52349867094017 72.80104189919392 275.0234805906766 51.00423592416862 287.1462288561852 0 396.6458019999736 11.90174499999544 Oyster-Closed 0
151.75403111377454 415.9983819524042 151.76149082061602 319.8329482534294 348.3595668583912 319.84593020275634 348.3582348815762 416.00508784189935 Oyster-Closed 0
416.0003942629046 416 360.39008399998784 416 360.39082320326634 383.86278 415.9998731787091 383.86278 Oyster-Closed 0
154.39669837110705 50.9474420997138 187.5545732498249 0 310.9785400462679 67.40489576321703 277.82116318933913 123.67518231568755 Oyster-Closed 0
2.0515330000380345 15.403502999999235 164.6741169132183 6.722542059780741 171.01170367260056 125.44585417906703 8.389122645472526 134.12675527514273 Oyster-Closed 0
242.96917262748684 105.77418676130321 285.58234346093013 24.63264639051306 448.0864780581833 109.97387627442822 405.47500113262504 191.11396123015595 Oyster-Closed 0
218.88018346196986 166.73471444778883 221.89577313385962 134.118367576678 339.44077611841203 144.98501662623912 336.4257576344462 177.6008379526734 Oyster-Closed 0
224.25111202519474 4.184459067484683 223.84961248865875 36.02944453499563 56.28373163151264 33.916519059152805 56.68531899996742 2.071678000018313 Oyster-Closed 0
141.9594385125638 242.55338598555804 142.42444020327457 133.08505219187094 360.4811310810037 134.00798590749875 360.0200753333993 243.47282665259766 Oyster-Closed 0
24.34426282417553 150.4355984810825 141.19355781303238 169.78811767012039 127.39119742988623 253.1203656340702 10.54198407770673 233.7681332511396 Oyster-Closed 0
