1.6218960000187508 194.2058989999998 38.475363248562644 193.07383778280783 41.07312576903496 277.63478570063194 4.219659759066417 278.76682732824685 Oyster-Closed 0
0 396.349364347403 7.947681057426962 204.39033486362175 200.8943917439683 217.0212307647601 188.33457806656588 408.9713984371895 Oyster-SemiOpen 0
387.3014824835045 75.75482771971551 282.7796136694633 42.428865188457046 302.1130227377871 0 406.63453099998515 15.119327999998376 Oyster-Closed 0
114.62445010807278 409.6853966526587 120.44405056069081 311.2050299222324 319.890649113433 322.98635947161483 314.07777943416295 421.4601950109173 Oyster-Closed 0
323.66446600001655 415.9999999999781 323.6657687317165 386.02450077988595 401.2825392014456 386.02720847531356 401.2820599704464 416.0018848383683 Oyster-Closed 0
160.24247190485767 45.89421973859848 197.85536473257162 0 313.07434867116535 66.50442363680219 275.4619028870984 122.83155703558594 Oyster-Closed 0
169.43212094611954 2.4992414425017104 171.1735551846068 120.90502375462884 4.011096999976871 123.36228100002033 2.2707085076035582 4.957531915009414 Oyster-Closed 0
244.64976494984512 104.8923598901849 293.1114947153728 23.368803187403163 445.5803795302236 114.00284005627327 397.1202981568167 195.52496723842899 Oyster-Closed 0
211.70497100005377 163.33241999997807 215.90875357373807 130.59741370200078 331.9365497428298 145.4962857994985 327.7333422808879 178.23077453151376 Oyster-Closed 0
234.9719102367635 0 234.9719367410653 29.746895290049082 77.30285170632123 29.746849479251708 77.30288699997254 0 Oyster-Closed 0
342.7404946262104 250.85817514503523 126.55206518282648 228.96026042046577 137.65016738997292 119.44803789301181 353.831047896736 141.3455695201405 Oyster-Closed 0
130.67052876205707 165.92809408665903 109.79384511667013 248.93233553699085 0 220.3839599225699 17.165149010703317 137.38132422013732 Oyster-Closed 0
