248.40620473809395 264.28301367300196 278.23547290612987 180.863551678124 398.0955719624253 223.71874004846734 368.26895359508853 307.13597520330825 Oyster-SemiOpen 0
411.3881080186293 321.5007383680371 404.3178474557826 397.17208181938383 151.97904308043144 373.58656659302295 159.05457174204275 297.92090909568253 Oyster-Closed 0
8.991500340111088 257.48197688081706 122.47635403251843 253.51988105240602 127.99146162837133 411.4590612999511 14.50660524074192 415.4209715483773 Oyster-Closed 0
416.0020635337387 416 291.1297059999815 416 291.1323843152968 358.3240349999999 415.99979327605615 358.324035 Oyster-Closed 0
126.45966919346392 415.9999312650126 126.46277698101039 359.43818796057604 242.4661615611949 359.4439275655281 242.46528195159772 416.003392463073 Oyster-Closed 0
75.01594734216633 74.32843804437687 81.96969999444264 0 276.7449641006933 12.473887425782852 269.7918430605059 91.47227918249112 Oyster-Closed 0
420.6771923259039 16.244546079774334 416 122.75668100000688 293.6709512813941 117.3842237287083 298.3488440000219 10.872956999977959 Oyster-Closed 0
319.2472302979222 38.12307041605678 354.9617421547664 86.51468530582156 303.75322705080544 124.30749937364251 268.0389573224602 75.91610066762469 Oyster-Closed 0
416.00128796541685 225.5284919999999 311.16120954780854 225.52849199999983 311.1631069437062 105.005198 415.9996026239387 105.00519800000001 Oyster-Closed 0
126.01037765109868 245.1898923101097 120.15670828622387 94.74126484863446 328.15309575351785 86.64838744705729 334.01115071129243 237.09221378911255 Oyster-Open 0
142.3478794844268 269.49281242550836 7.857804417631996 265.1744424627149 13.925880992712337 76.32097801622001 148.40775669735376 80.63921126771622 Oyster-Closed 0
