239.41018824049388 271.72312061053634 279.6902422866842 193.61767565787974 393.99469266384403 252.559286704648 353.7173027825447 330.6624501738987 Oyster-SemiOpen 0
394.4639277786664 350.5655327974138 377.2774802932945 423.886285660602 128.27474225478363 365.51976898559565 145.46531194640556 292.20471451269157 Oyster-Closed 0
5.454840000005788 234.36215100000038 103.1151994440952 232.08952807554368 106.89469096658286 394.4780430827974 9.234327831738483 396.7505619665769 Oyster-Closed 0
271.95124800001213 416.0000000000174 271.9534000665626 385.2137508483967 401.1883566635952 385.22068271539695 401.18761270592586 416.00551655514926 Oyster-Closed 0
95.44346273061092 403.35721828040954 106.6148310980534 346.80987059717603 219.62182405642307 369.1292393318505 208.45298398732484 425.6743504524036 Oyster-Closed 0
91.36168345748956 60.90906282558054 108.88996032237628 0 301.2363281720354 28.31996218060904 283.7087636210126 104.92139093902075 Oyster-Closed 0
323.02361 29.758684 416 29.758684 416 153.21012 323.02361 153.21012 Oyster-Closed 0
340.5294169178378 59.29280248731149 368.78849600471585 112.30874466860755 312.56257041094796 142.2779906336517 284.303839965698 89.26234555444644 Oyster-Closed 0
416.0017514030078 258.34027 321.75075790543997 258.3402699999999 321.75261825479174 129.39648299999996 415.9995686549846 129.39648300000005 Oyster-Closed 0
119.16582558260052 235.7789917197442 134.1445302462671 87.29414200260382 343.1519314297584 108.37693208565183 328.1783970639881 256.8568658927334 Oyster-Open 0
132.57929267055442 261.88583720128975 0 239.18802686859092 30.02670667176426 54.53885650981396 163.88561529321305 77.2360145021086 Oyster-Closed 0
