278.3226394772246 277.030624147927 238.28569389401673 204.65898653540702 358.57461905719174 138.11808455478217 398.61172211795565 210.48801253132947 Oyster-SemiOpen 0
393.5952238298378 261.00458982213854 400.6113197711056 336.5710398169645 148.44536409273496 359.9675207560973 141.43489511619555 284.4061466218389 Oyster-Closed 0
0 272.533984 113.747646 272.533984 113.747646 414.941006 0 414.941006 Oyster-Closed 0
272.66146699998717 387.1476479999904 261.78737931162686 319.6191306692909 405.25446821646983 296.51944105058504 416.1309334317266 364.04503677448224 Oyster-Closed 0
116.36155400001371 404.7606889999936 111.4656572937638 348.78991986087516 232.1157029074202 338.2381564531112 237.01358319793508 394.2066506152308 Oyster-Closed 0
67.96223551156436 75.77243404319341 60.95311474489063 4.422081313813156 252.54910608382852 0 259.55853643318915 56.95022328582029 Oyster-Closed 0
406.48844706537784 0 406.48852610302856 62.205993953463114 308.9119137806265 62.20590600010381 308.91200999999273 0 Oyster-Closed 0
304.45534493731975 0 341.84877798240996 35.579696562379 290.8947507218909 82.81951633179764 253.50141605280805 42.48631753173753 Oyster-Closed 0
410.1803127627354 163.92840340396063 300.6028636413321 167.88820700604467 296.6091075384247 57.336958393811194 406.18412070267004 53.37719974779421 Oyster-Closed 0
122.1194442921078 235.41474606147412 89.86263431018597 92.10950675580432 305.1998790131038 43.63981003183673 337.4593373938915 186.9408714778653 Oyster-Open 0
129.0966202260679 270.2173065594711 0 266.76594180900906 2.333968471513799 68.96487408522071 134.26617200002147 72.41612000000025 Oyster-Closed 0
