0 179.776708 33.815914 179.776708 33.815914 259.500876 0 259.500876 Oyster-Closed 0
39.81455001208451 412.0423993698815 0 317.56922345904906 117.69753506894631 147.91848305895468 211.21420708350342 242.38663233896406 Oyster-SemiOpen 0
415.7057350276773 13.277634274555922 408.3254893434787 78.06116868342075 310.0813260631221 66.86878909088378 317.4617621603684 2.0854441668647743 Oyster-Closed 0
81.08729143528035 401.889810581676 90.9332589386504 301.49900144646307 289.12469211768985 320.93025101764846 279.2856702763056 421.31458086656755 Oyster-Closed 0
295.601049000019 406.4108169999962 295.08611683160416 388.6999894356741 352.63197982735073 387.0269333409839 353.1472573806059 404.7374048222649 Oyster-Closed 0
164.64914353923086 34.091937415786354 209.04868979284947 0 328.8587517261258 64.66685242301455 284.4596428167315 123.89890321422891 Oyster-Closed 0
5.858015999994677 116.67083400000448 0.6536543053043715 2.2837741464541232 169.20846375823749 0 174.413697997079 109.00082007278985 Oyster-Closed 0
399.31556723589165 180.62528561902022 287.4626302131401 172.28765173583173 297.493363181522 37.73780582721351 409.34383121949577 46.07535803038557 Oyster-Closed 0
352.140686728264 144.95414183262955 337.93875057437253 252.7087318736988 123.49013857277896 224.44139512558968 137.69519448137362 116.69091251295487 Oyster-Closed 0
253.30347799998708 0 253.30349615950036 27.315790707280236 135.76604792018406 27.31576754653832 135.76606899999024 0 Oyster-Closed 0
0 202.63153012084678 5.401927550723485 123.72232318366093 125.7895834985029 154.95794369645444 105.31641480070175 233.86567067579276 Oyster-Closed 0
