19.19477599998936 214.9900600000028 68.99043183216781 207.70297703475376 81.46097763123907 292.91060262538207 31.665351788200496 300.1975452494316 Oyster-Closed 0
140.02707826769256 444.1606268930059 14.352919227589155 375.7255408463872 131.90047686623802 159.9115154241258 257.5619348371074 228.34242651217565 Oyster-SemiOpen 0
393.9644467932958 0 393.9644627995731 28.20109268427875 284.16871280589476 28.20107746396533 284.16872903062176 8.418939473167649e-9 Oyster-Closed 0
366.4251479369814 291.1359099474306 374.21391956933803 392.25601727361766 183.75780173630847 406.91417302087393 175.975383992758 305.8000416186014 Oyster-Closed 0
411.65228545208447 340.169908600642 431.82141913728265 352.2578473610168 405.99379470770145 395.34182564621 385.8248059999969 383.2540819999949 Oyster-Closed 0
139.93091529079902 40.94844571718825 165.64320561971545 0 313.8579608295586 34.052480515315466 288.14609342387485 99.32912070341794 Oyster-Closed 0
133.6704450783218 0 169.59972099331208 105.28376837525141 13.748508714263153 156.4877959908728 0 47.134218129916405 Oyster-Closed 0
440.59355536453586 54.857544215273435 409.1144702613565 143.2898932201269 248.21842516745164 86.0152747906563 279.6980203052626 0 Oyster-Closed 0
162.29009669329025 233.44902743956604 149.94690975411504 126.8104472722923 364.7210815424587 101.94915558756357 377.06726130102106 208.5847001933679 Oyster-Closed 0
206.12222000001202 0 206.12224440224963 32.2059860124426 56.15354224816474 32.20592314793174 56.15358164360077 0.00003506956786646656 Oyster-Closed 0
16.106460157050606 241.78168617547314 17.648646908266528 162.28463747596388 148.67923724661523 164.82549407787815 147.13892486034092 244.32076997073744 Oyster-Closed 0
