15.915707999985898 229.55607200000287 64.64723377090559 220.18536186156658 81.04074520645372 305.42854520618835 32.30927286713268 314.79906340409383 Oyster-Closed 0
148.8638827204486 456.68771690172537 18.00567456290446 390.97343808239145 123.88470266504373 180.19053142664842 254.72872718740837 245.90059805189688 Oyster-SemiOpen 0
376.28267780666283 49.609915691173065 267.36135477617063 36.05581899314417 272.34425326311975 0 381.26539688221965 9.56783996504732 Oyster-Closed 0
368.887762856215 311.38783193847667 374.82310749475437 410.5559293220167 188.91045331181886 421.6720605133913 182.98141211226175 322.510000649534 Oyster-Closed 0
412.068899218586 362.9199767527525 430.93102760324837 373.44457402516963 408.0905309300506 414.3683165704255 389.22852099999363 403.843887000005 Oyster-Closed 0
128.01089725478232 57.91728556540576 153.6667258661946 0 304.3072266798954 55.37055141199577 278.65202670655344 118.82388295738444 Oyster-Closed 0
126.97132823859283 15.218649062035785 157.88852450078775 129.36290803339912 8.914366777491523 169.71187481157392 0 55.56898549896423 Oyster-Closed 0
234.33232604689692 96.3155557836778 269.33011336933487 12.767429954272691 436.09607149020303 82.62405703958163 401.09971716941436 166.1709679010573 Oyster-Closed 0
157.21478543919875 250.68536124827855 146.60106689449094 143.40106547086324 360.8631017821972 122.20224447575393 371.48021811342187 229.48307854215582 Oyster-Closed 0
202.01515421041768 3.0474167179569105 206.8576486968377 40.11732571757218 47.98440574673441 60.87081399538309 43.142099997414334 23.801120999980366 Oyster-Closed 0
9.694557110298774 256.0752182425204 12.61002806794204 176.96125686034608 145.4888429357161 181.8566866611713 142.57544291994782 260.96871379621854 Oyster-Closed 0
