331.2681941406554 294.80735290265164 255.85610979507692 264.12810881407745 285.8799632721493 190.33795710475488 361.28980669482917 221.01669120737017 Oyster-Closed 0
376.21571007552484 289.2805761050741 354.6106995343471 286.1606733865703 363.029895208736 227.86800929089807 384.6343339999985 230.98787000000289 Oyster-Closed 0
216.21881739023956 285.39264537833384 201.89846142948227 322.5666363195222 153.14772031426037 303.7889881469684 167.46828314178856 266.61549775789825 Oyster-Closed 0
0 212.093841 126.361568 212.093841 126.361568 351.83824 0 351.83824 Oyster-Closed 0
226.60175200000958 414.4841090000217 226.17229347752072 339.81076017907895 363.8187004529391 339.0177771476989 364.2515304008484 413.6877491511742 Oyster-Closed 0
41.87754200002746 377.60970999998995 61.15609450207921 303.6537792282341 231.38184483244186 348.01468447095294 212.1080762027559 421.9665581530562 Oyster-Closed 0
28.8862111242197 398.7841715667837 0 386.2418284930147 0 339.3107559999974 42.68027496460127 351.85289978765667 Oyster-Closed 0
133.45220943009917 77.05037380278225 148.1086524187449 7.102400112327138 275.3800230730885 33.76981003034988 260.7240957291033 103.71732915102724 Oyster-Closed 0
404.3993772369722 139.7012450104829 320.0476677121296 132.81573069545848 329.8177166860769 13.13806070730746 414.16788981937134 20.023507131536576 Oyster-Closed 0
148.27482434192643 216.37006071760584 161.32366751916925 90.92221553325957 330.80264849620653 108.54956195926398 317.75711362116635 233.9944889050763 Oyster-Open 0
151.41584716216312 252.472617351128 46.238660357797926 228.8024050004903 82.32504525158947 68.474572574319 187.49742295252872 92.14421633382945 Oyster-Closed 0
