303.4795880110396 262.0635994341614 300.1099647484334 183.15597936344696 383.26180668806046 179.6053321862634 386.63264129840536 258.5116881176882 Oyster-Closed 0
393.9623934516385 195.75302601594805 413.45516182497886 193.18912782218362 420.73639013505453 248.54225547420737 401.24362711630965 251.10612573745829 Oyster-Closed 0
269.59199873045145 280.8931078175291 264.0013755321015 318.8956029957772 212.36966763304372 311.3005306589952 217.96071512226627 273.2985486110419 Oyster-Closed 0
10.153973382824915 371.41239265195566 22.967140031585586 253.80335702011882 198.3679842768761 272.906952466459 185.56116288676276 390.510403594319 Oyster-Closed 0
321.7756889298362 404.89487213031396 306.4948378456902 325.5314325333803 415.6952705192998 304.50943851868595 430.9781844792815 383.870171276646 Oyster-Closed 0
130.9178980000106 405.4344709999932 133.89675885109318 330.8143960221221 310.87961299398376 337.8741639354459 307.90521052533586 412.49004962073354 Oyster-Closed 0
50.26063071061071 415.999992789185 50.262208646290674 377.0159770094396 124.8952765126669 377.01856628694895 124.89471575821153 416.0015629004859 Oyster-Closed 0
114.30915519645714 97.8580921907453 113.84438523459175 27.596462052514866 243.1301388537031 26.741058610654402 243.59540996148644 97.00217832538657 Oyster-Closed 0
404.4172781832058 101.70910473735462 301.7114408650996 112.51961272802248 290.47005119314053 5.715578294759868 393.17470882017733 0 Oyster-Closed 0
153.84441047840664 113.5159269889704 318.3598848757829 79.88912924958579 343.49945637562996 202.87807005239017 178.98408496223055 236.50428859279504 Oyster-Open 0
192.82838340738817 254.2102166067458 84.76249189022201 267.72563643193183 65.16614499971547 111.02855502434537 173.22654792332833 97.51348543610287 Oyster-Closed 0
