285.1774891709574 291.71788665870747 300.5838726289003 215.56230440249902 383.7509107347287 232.38521705217966 368.34622048467645 308.5393239336486 Oyster-Closed 0
407.79264726028487 310.66938398463583 385.7409566460665 310.4394664060127 386.348815396821 252.17999471854955 408.3998720000236 252.40990900000025 Oyster-Closed 0
249.15266842796336 301.89139220937693 235.12124130703887 336.84612055015174 185.81120014049884 317.055027344115 199.84281930794896 282.10080103094265 Oyster-Closed 0
0 324.9800429206201 11.29707922468151 215.99744872996823 181.2590333132648 277.5641567558953 141.7807951006289 386.5417031162657 Oyster-Closed 0
274.6595130759051 415.9999946106934 274.66331496043495 359.634738604863 404.51876337130307 359.6420456574918 404.5174570403615 416.0047901606025 Oyster-Closed 0
85.43173599997681 387.6966319999814 105.65987456175208 317.2008324613122 278.2252401496771 366.7026412572091 258.00197530216974 437.1943005844535 Oyster-Closed 0
0.4004913754070003 383.97764459135743 14.92540191109947 339.84576017997585 87.90808875707444 363.8602835066025 73.38448933230029 407.9910540712621 Oyster-Closed 0
134.13456954800495 88.37863489923274 150.18097055549515 21.20113263233806 277.950594541162 51.720579072373944 261.9048309734826 118.89752392065829 Oyster-Closed 0
326.120518 35.867977 416 35.867977 416 160.253252 326.120518 160.253252 Oyster-Closed 0
170.47740594352217 116.26036261427627 340.18768922659365 118.2896026324063 338.70674802783833 242.1385152586621 168.99646986341395 240.10931509945857 Oyster-Open 0
179.03016377970562 256.32384635633827 69.13734581983226 246.28742043882352 83.26207246334161 91.66803054162276 193.14965558943732 101.70421479200769 Oyster-Closed 0
