333.70989301736336 139.4235898858749 350.1475484861985 273.031855134268 179.19330003188588 294.05682339038594 162.7604297569451 160.45276534697538 Oyster-Closed 0
110.902075286318 277.7290781683553 106.3147325554819 219.07326241091002 171.6396834141051 213.96477277500946 176.22778313950403 272.61976494425244 Oyster-Closed 0
0.0824970812027459 396.5261400395893 0 274.6594165738026 257.4582820480791 270.83569808703265 259.2620676351653 392.69370298994875 Oyster-Closed 0
271.1098905388062 12.4738341021927 266.4374028466664 66.63792725533848 173.88741748404937 58.6538730725331 178.56004431271867 4.489932817961162 Oyster-Closed 0
234.36413799999355 402.63593799998324 234.16095216844042 364.17915871610023 330.19892761547817 363.6710511330498 330.40334959101165 402.1265803969364 Oyster-Closed 0
374.1700609999316 0 374.17022442344387 88.40201745755252 270.09802567607767 88.40183514619036 270.09820361445963 0.000036468148171347374 Oyster-Closed 0
397.65064628078835 130.87626664759654 367.0368922516536 129.66110495694608 372.1423805159684 1.0432582103730081 402.75577970123413 2.258414203813803 Oyster-Closed 0
112.80743570297273 166.98159035082205 64.19518303007862 150.0098701701775 109.78594416406122 19.427976788606877 158.39727238127307 36.39952894822364 Oyster-Closed 0
216.67943142457807 148.3629423147084 211.30041899936623 73.30247699621299 285.267186201625 68.00200649149339 290.646685546566 143.06191364615864 Oyster-Closed 0
170.46883584449097 0.7724222054854522 172.10863864674684 30.243879595094022 120.53985510563507 33.11315411189736 118.90007530501316 3.641717412564987 Oyster-Closed 0
395.0568698054267 143.31123004702502 402.14385931533616 254.2650122040203 244.22852551241158 264.34692771108615 237.14485346412766 153.39625837641128 Oyster-SemiOpen 0
