351.1243776736774 154.12376445810952 352.0753239352525 289.88702989677404 185.6922518826832 291.0470457081808 184.74574703034523 155.2879989752198 Oyster-Closed 0
119.13107010980457 266.6900632305128 121.37849461976293 207.5451335744945 187.36376666941214 210.05217718171323 185.1171879875692 269.196294101668 Oyster-Closed 0
0 371.5741476737647 3.7493505505080975 250.0466275529372 271.2714264267306 277.3592342854986 258.86874128692216 398.87786157896943 Oyster-Closed 0
297.62617797898565 20.23787366846778 286.74034776454573 73.3029903428315 193.47304136473394 54.16986860012058 204.35899009436253 1.1049131966154266 Oyster-Closed 0
235.91804099999717 406.1806869999817 240.19508688642236 367.8952374476669 329.1603669417891 377.83071076643375 324.8846139606576 416.1149731472649 Oyster-Closed 0
390.6024542563682 106.5476309453963 287.85775555772125 97.66433658779346 296.31771780577037 0 399.0615379999799 8.7055259999983 Oyster-Closed 0
389.238677 22.355037 416 22.355037 416 153.002795 389.238677 153.002795 Oyster-Closed 0
184.6407716612448 31.995688945584348 125.57183550883201 154.45976581596102 78.27332053213831 131.64596277012572 137.34235916735634 9.182309902918172 Oyster-Closed 0
231.30283675888495 149.4024623841875 234.67310169829943 73.80195352767944 309.56365475176426 77.14058395243212 306.19398186106264 152.7405003409226 Oyster-Closed 0
195.2456510000011 0 195.24565778754913 24.700967480454075 144.49094859077377 24.70096198758404 144.49095435625713 0.00000175736649160509 Oyster-Closed 0
412.9913842673923 165.28300690184903 407.14003391577353 276.88340371703134 250.76441551445896 268.6811356502319 256.6189046295949 157.0840405471534 Oyster-SemiOpen 0
