332.48548080769615 149.71148241219691 350.77724672435215 284.3795859611662 186.66512783214057 306.66306526324763 168.37827994803956 171.99926980379178 Oyster-Closed 0
117.24353987841823 291.00230310264755 111.91828819091825 232.0255996263133 177.95838987273237 226.06315441360618 183.28443799832894 285.0389739879905 Oyster-Closed 0
4.004295721191738 411.30547252111114 0.7849471393055865 289.2176329461406 271.0316491646736 282.08467113836235 274.2608419036733 404.1628406300967 Oyster-Closed 0
260.91627606991096 23.901847188434978 256.925721980675 77.85171384262176 161.30354092959897 70.77848283913039 165.29428978744545 16.828826424295308 Oyster-Closed 0
252.9465570000284 414.3218870000174 252.2950212138021 375.8167322441956 348.4605268705345 374.18917933529036 349.1133224875193 412.6930408755371 Oyster-Closed 0
362.6295850037641 16.889472457225438 358.76335197260414 99.9052019085581 254.0297658465679 95.02707990888717 257.89638992692926 12.01175099741549 Oyster-Closed 0
394.33451770831016 140.6223996748642 363.65719636134236 141.9062943854555 358.4572817568114 17.657495588389043 389.13422530202297 16.373606667741626 Oyster-Closed 0
150.31679656851702 50.09754081560375 107.80708786985633 178.73585105430908 57.65058630121348 162.16114273696007 100.16062238803352 33.52342426973728 Oyster-Closed 0
290.29791359046067 150.7647611094671 225.90033455261437 179.45826032328313 193.009815506226 105.64230150897546 257.40644219838214 76.94903980561342 Oyster-Closed 0
156.13037704659655 13.149271873620945 158.12780331649992 42.74402369580182 108.28775967969341 46.10779985877758 106.29037345338656 16.513084714117856 Oyster-Closed 0
395.7041726015559 152.86537505749504 404.15385189914014 264.33568147167455 247.82190967813222 276.18091449146937 239.37573747827992 164.7138730042298 Oyster-SemiOpen 0
