320.24041155208397 315.2281281973253 232.84909899663035 448.57961755534654 0 265.790963859903 41.2981769109756 132.45079558057552 Oyster-Closed 0
149.78406263571378 388.5594118701173 165.89367946807033 335.79774125055195 241.03433152011348 358.7347719087285 224.92631713530136 411.49507347579504 Oyster-Closed 0
410.30838879077055 37.21339285406325 403.6128578258358 108.39827543591922 307.34219734888393 99.34282193464065 314.0380918797855 28.1583424844033 Oyster-Closed 0
221.50467425468014 415.9999274514117 221.51100532908822 344.18587828141733 384.1034525745854 344.1974289954508 384.10102975543487 416.0076073950843 Oyster-Closed 0
148.43695229757577 30.541806962280244 146.42055533711755 90.74839161284177 58.52022021870653 87.80419834632241 60.53689200001827 27.597928999987168 Oyster-Closed 0
257.49654578094487 134.61997704441433 264.0378785078283 64.38505799160312 370.7819224703453 74.32642066034036 364.2413380729631 144.5606279565969 Oyster-Closed 0
20.95979208211429 123.16934008121831 57.84313450055561 63.30397249066367 146.92751347205922 118.18833585284771 110.04495299306654 178.0530266836276 Oyster-Closed 0
327.0026552240779 28.539537466404823 323.70940975925987 65.90436152293442 226.21590077886867 57.311307854966685 229.5092689999874 19.946634000004117 Oyster-Closed 0
307.32573229796617 252.85672691748047 256.01236690767837 277.9635139721027 215.6532162959811 195.48305985407123 266.9650100038598 170.37672893043433 Oyster-Closed 0
416.52402519264433 151.5805669278708 411.1498394260052 254.5668520794549 279.7671486843501 247.7085187833316 285.14356452267384 144.72451511800034 Oyster-SemiOpen 0
