321.3948417369429 275.3059994966363 257.67180701277175 428.712315436106 0 306.1965539075444 26.450809661320818 152.8024884116031 Oyster-Closed 0
164.8776765840703 384.1238848064579 170.0168239108134 328.10784795368056 245.84614174614399 335.0630341999428 240.7084541268232 391.07771562914354 Oyster-Closed 0
379.3922368504391 4.414554908867981 378.7656864791352 58.26698228092655 284.4595891419485 57.16959349310616 285.0862660582061 3.317280683218188 Oyster-Closed 0
238.24320851629818 414.0610801712863 227.67687209169526 316.1626282152009 393.6560100372699 298.24922476613136 404.2268293768393 396.14276567862424 Oyster-Closed 0
121.68071566931394 29.941768560657746 132.11478149555114 88.9110206440533 45.038113760168926 104.3179243284539 34.60441100000389 45.34900800000634 Oyster-Closed 0
243.8224377538645 109.84024258960505 235.65396996134223 39.78409666893057 341.84877011325443 27.401911186766746 350.0176207989389 97.45757877781597 Oyster-Closed 0
9.785318460933922 149.56870218895827 35.78582507802639 81.20273185435441 126.06145581696546 115.53501587706083 100.0618755723699 183.90019340955922 Oyster-Closed 0
298.83281432836156 3.4772017073068073 298.50627469741084 31.542041595362114 200.2011935105038 30.39815743252081 200.527770493376 2.33335321151992 Oyster-Closed 0
303.3449689553854 217.29015658967143 253.83722105123888 250.3818257046865 205.30326463008169 177.77522057968827 254.80990812001255 144.68405507247434 Oyster-Closed 0
397.94907385534316 94.09429833127177 413.9719456976418 195.5413531961149 280.3340774977114 216.64527398282695 264.31326838307723 115.19999887575837 Oyster-SemiOpen 0
