337.57825658630827 299.9551974605887 263.19321722010864 440.00772263039016 0 283.2879505494233 42.49264669159675 143.24693095401565 Oyster-Closed 0
176.4846175333514 388.87456928116575 187.72419325062947 334.82303720158103 264.5846363808887 350.80166825443706 253.34664529329166 404.85181290863824 Oyster-Closed 0
394.66805584952454 22.986541031226057 390.95751977510736 86.69782654732798 296.2946481429535 81.18436711244458 300.00543578129873 17.47334727489292 Oyster-Closed 0
416.0007154868472 415.99999999999994 250.60441219542554 415.99999999999994 250.609496574245 329.6883599999999 415.9964657714663 329.68835999999993 Oyster-Closed 0
136.2399209487703 30.905385306979667 139.89396966226923 91.39286944290215 52.852663411300455 96.65065408311924 49.19894000002387 36.16350599998149 Oyster-Closed 0
254.74321723021058 124.86162884680421 254.73275816718524 53.978099206255955 361.18235265893236 53.96230820869265 361.19340254382405 124.84521985570927 Oyster-Closed 0
146.01351678416177 121.09698106609834 114.29136232508608 182.73706997568118 18.898463503563107 133.64510485854026 50.62076878923108 72.00568770050482 Oyster-Closed 0
314.84169088959607 18.337308247151952 312.91520188461436 51.41528086675524 213.13802115263752 45.603989158389474 215.0645955358923 12.526095396745665 Oyster-Closed 0
317.519333184624 238.53976541595588 269.57882446972144 268.30967412613563 220.68950748712086 189.58514144069443 268.6287364207856 159.81575325917024 Oyster-Closed 0
414.86902778837975 126.95629459198369 419.16267056648576 230.57274971566096 288.8492363532496 235.96981711759076 284.55780547861286 132.35544732186023 Oyster-SemiOpen 0
