341.2151419019028 60.0162065180596 259.7428519908717 31.67979216192908 275.39644852653146 0 356.8685559058722 15.009657986792268 Oyster-Closed 0
154.66984439805674 371.869334484553 13.305509857375 337.35787882987006 53.6234040884483 172.25859131451466 194.9768448825307 206.76866320464828 Oyster-Closed 0
62.75688871905004 336.08224281760397 68.08932454577007 217.73563415898874 356.08993847636157 230.70534041080947 350.7664214975157 349.04324569531866 Oyster-Closed 0
189.19250231586193 380.7426056585918 205.8290981756545 328.3946297655304 279.4072835368206 351.77293494548064 262.7722191516841 404.1196065211313 Oyster-Closed 0
264.98588200001905 415.999999999991 264.9917115603748 333.4352191392755 388.88821951963473 333.442017622123 388.88574434051407 416.0035988324699 Oyster-Closed 0
410.1126425067305 9.545370295457335 408.27272293783244 88.60108622166953 350.15181037432194 87.24823793460352 351.9919150000169 8.192703000016863 Oyster-Closed 0
203.38111111247417 0 237.9068179885944 50.08126551111102 134.80344164622147 112.30261919929085 100.27811137300887 55.093088177498586 Oyster-Closed 0
225.64137387391747 156.01833990336706 171.68914725843933 146.6001996107487 195.43854429105704 10.555797086388809 249.38974948944815 19.973849169729927 Oyster-Closed 0
300.9398249867918 131.06469076140837 300.91627232645624 50.57080165529986 402.9829468121279 50.54098218145821 403.0071650991922 131.03414609804082 Oyster-Closed 0
377.40402310900754 239.24711914370937 317.2387591528095 224.68215937818601 341.174069962879 125.82028188776904 401.3374082316477 140.3849951534727 Oyster-Closed 0
345.0788245695949 242.44755641243185 295.44980467294954 266.8805654753955 256.86254126643325 188.50630787142842 306.49013619318066 164.0737211658858 Oyster-Closed 0
