333.2771836318461 37.79050696845773 248.0469975498454 27.08452427708114 252.66091624887122 0 337.8910075312633 1.0596042240517556 Oyster-Closed 0
216.00559511001848 363.6047424125132 68.77494440392547 359.7226366256575 73.10215137797786 195.8704842427875 220.3212175525623 199.75243975551112 Oyster-Closed 0
110.46675158340076 343.93435009790727 101.98366627791984 225.6878244407636 393.0752119423123 204.80166250196928 401.56599117751466 323.03963705562023 Oyster-Closed 0
250.48390474088592 372.58994073901977 260.36501776149817 319.87531855045205 338.2526569896727 334.47168347581095 328.37302196108794 387.1850030281788 Oyster-Closed 0
325.95273404126056 313.8830774091907 415.77021158297066 306.1363451900521 423.55564736088854 396.38394730502546 333.738192445584 404.13045998487814 Oyster-Closed 0
403.8274798282473 59.285469569054136 348.31879975201446 68.84122574794098 336.46791999999914 1.1628903054100983e-12 391.9764359934452 0 Oyster-Closed 0
183.218732997575 0 227.88509287842317 41.88195363422496 140.26090995859704 114.59415863585792 95.59486024229045 60.76831990227541 Oyster-Closed 0
239.69026050726825 146.83901360198178 184.66361062900978 149.12789824358495 178.9285263712227 11.244405527964656 233.95419976999256 8.955540156044536 Oyster-Closed 0
305.6612794544453 113.83432948478583 296.19582307826204 33.47943370967642 399.87101319693465 21.267086151291046 409.33689525811496 101.62139438547162 Oyster-Closed 0
407.3059489088446 208.98124033133962 344.68249348962127 207.45520777749113 347.1162953531457 107.6202429541757 409.73797396828013 109.1462535670688 Oyster-Closed 0
375.6849376855571 217.82057383427244 333.4170422326315 249.63458964272564 278.1065997298356 176.1539173643123 320.3735503484968 144.34043133126633 Oyster-Closed 0
