266.9718968648958 29.45479834852479 285.3174624948733 0 372.0229893161959 26.249932080463513 353.67754190137566 67.76752226547372 Oyster-Closed 0
201.36136869155962 365.40743172295475 53.742401351311855 344.70015007710765 76.18575942575626 184.7714065911713 223.793666675836 205.4779145307404 Oyster-Closed 0
94.46854654122944 331.3177843360643 104.45497589429215 214.47331911668715 399.70452299691897 239.69881113323896 389.72750494402135 356.53437478746133 Oyster-Closed 0
234.10729036054545 381.454196528122 251.3585719332077 331.83249431467226 327.73116567660327 358.37760658640366 310.48142526127776 407.9979994089794 Oyster-Closed 0
416.0016357324421 416 316.08489922182343 416 316.08792877977976 341.31832099999997 415.9998015903402 341.31832099999997 Oyster-Closed 0
359.117903 13.263641 416 13.263641 416 95.092163 359.117903 95.092163 Oyster-Closed 0
210.71503365480385 0 247.1055959385776 55.15521891712202 152.24889766340493 111.6142747438223 115.85869638147415 50.475624644764764 Oyster-Closed 0
248.74656523411613 158.50491584805175 193.30852383926685 154.6264842392878 202.86135844568344 18.088179220232785 258.2983213763364 21.966575269096445 Oyster-Closed 0
316.89516573222136 136.39662214908498 320.1337527361393 56.25733873320625 419.2378464661997 60.26229236515539 415.99998888895425 140.40083600968492 Oyster-Closed 0
416.0009641599936 242.26598 356.43704304685525 242.26597999999996 356.43803277265397 144.492801 415.99996119256684 144.492801 Oyster-Closed 0
376.62127122871243 249.01325992847853 331.7826526488461 275.2084640612179 284.327735289924 193.98552558496814 329.16502217943344 167.79082156034374 Oyster-Closed 0
