0 220.521271 50.97182 220.521271 50.97182 310.646265 0 310.646265 Oyster-Closed 0
173.99152023365968 165.48556753743983 271.39662698179745 271.72595296325034 77.77350261880201 449.20871883681514 0 342.9755329434025 Oyster-SemiOpen 0
393.24314823823806 0 393.24315496908093 18.51940912598883 273.74525960971005 18.51939076469366 273.74526999999944 0 Oyster-Closed 0
140.4406992611075 410.8174000358889 123.46599731011884 327.5185875063641 340.64125182265343 283.2687009694439 357.62004467735824 366.56157459061495 Oyster-Closed 0
347.1938689999988 369.75352900001917 341.5005260290345 336.9729194234112 388.73003469529067 328.77172596700075 394.42375623270345 361.5518524124503 Oyster-Closed 0
146.2898721172387 44.980343525352176 167.44470774962974 0 303.9859191669748 19.881153671941693 282.8314253387216 87.62101574359916 Oyster-Closed 0
13.58483376750155 157.8626077424617 0 56.16724335445221 128.5460350642752 0 168.55744523832618 96.88962902390612 Oyster-Closed 0
398.73468133649294 138.75344469082773 282.3103686852919 144.858475051745 275.19571000002907 9.16475299999959 391.6180675634678 3.0597723210047953 Oyster-Closed 0
223.59968991908318 140.14328768754686 222.01899865092128 108.15982107212771 335.07363022350546 102.57205346393587 336.654688162751 134.55513375205652 Oyster-Closed 0
142.64618929746575 231.6141520043221 126.01457147948531 129.36168034512275 347.65649836815646 93.30984569415742 364.2908200152815 195.55930449635164 Oyster-Closed 0
1.8523839668559958 255.17986732892928 0 173.8535675685762 122.39380269321191 167.87866475205195 126.299888108304 249.20321447602217 Oyster-Closed 0
