0 190.421078 44.563654 190.421078 44.563654 279.940701 0 279.940701 Oyster-Closed 0
71.98843381092956 428.49038639911845 0 340.8856299267923 118.50953000994559 141.81135439556888 229.3458756304135 229.4105858113989 Oyster-SemiOpen 0
414.616325999963 0 414.6164077447538 57.03634256621524 297.03652012545354 57.036258891887364 297.0366020045585 0.00003543284050466273 Oyster-Closed 0
105.44743049844328 410.31752661812016 101.95539748269584 324.49258050170204 318.86327211115713 315.66503492093983 322.36100073218404 401.4839290642265 Oyster-Closed 0
313.91168900000775 401.82540499998134 312.7618200763791 373.59541939530897 368.57185085329183 371.32253084224476 369.72223299687903 399.5519774601696 Oyster-Closed 0
170.56491937610917 40.95323447422422 205.04218092606607 0 329.1196009197629 46.46580153187455 294.6427581904027 109.17248072868475 Oyster-Closed 0
165.82987174602022 0 183.31499326342964 105.62543778053895 24.736650999995618 130.28692099999975 7.252526536216465 17.860666152544795 Oyster-Closed 0
399.68050822780424 182.9847207135182 289.3599974289318 173.97950845190763 301.1792129999776 29.208574999999193 411.49671143287196 38.21366268456849 Oyster-Closed 0
229.79611031175227 151.6036998127538 234.36369535352787 119.18127045825509 344.0093165367907 134.62683527151094 339.4422345187304 167.04881206498018 Oyster-Closed 0
136.5228565625439 228.72784418760904 138.9582891446662 122.5690105878557 357.54284872391145 127.58083048005678 355.1111472525845 233.73621893006268 Oyster-Closed 0
128.12247851247594 160.34668809367784 117.45016383571783 242.73110317240628 0 226.45524635781766 2.4927837818831904 144.0725096849671 Oyster-Closed 0
