6.657027563032898 264.47634704286264 10.66427100285 168.89502894662655 73.60510355057704 171.53389075871098 69.59907164389006 267.1140263619333 Oyster-Closed 0
107.02873943910527 425.9392857535008 0 316.820484744889 132.2376087290795 145.64376509590394 256.8879210130726 254.75609961661223 Oyster-SemiOpen 0
312.9611727865595 58.47362314975288 340.5873051784183 8.242047661426977 442.3383608613076 64.20247084644949 414.71264561291537 114.43368000612097 Oyster-Closed 0
136.65020183060187 415.99738647899983 136.65628691620805 344.59710858660856 351.1460838141029 344.61116552802685 351.1451377296762 416.00619658459084 Oyster-Closed 0
189.38589853377562 54.88952862215768 227.35896968598172 2.071533920876404 353.075052476921 92.45367748943238 315.10259883603794 145.27113803917226 Oyster-Closed 0
27.023481000018364 6.8456019999965445 179.05531413792414 0 200.3637425056295 95.67250534312842 48.33195331683601 123.45390084282909 Oyster-Closed 0
320.77472000000125 67.37233699999778 404.8437452855869 52.34431441021536 437.131885887542 232.96398854591894 353.06299546824084 247.9916453444957 Oyster-Closed 0
252.26355556696944 177.2378999648878 261.8196530678433 147.39352011491982 370.7352697831084 182.2656424647032 361.1798077326821 212.109480788907 Oyster-Closed 0
156.95467382292918 237.24400212103652 177.65403676102505 135.3150823810854 392.0758784297541 178.85382562575754 371.381154596751 280.77876860692874 Oyster-Closed 0
160.94236858224758 170.85315710692345 137.42264483221516 246.97523146721835 5.601925757342542 206.24639991972103 29.12258924843627 130.12602479012617 Oyster-Closed 0
