231.81480951979393 281.17845790804057 255.34421869879588 175.22574723897623 406.5172057508971 208.79379993232317 382.99180875024103 314.74305805842846 Oyster-Closed 0
411.536296694092 229.56390948032814 446.8153840980085 267.47183061250536 395.6283852200431 315.10211254107344 360.3499321823183 277.1948161259579 Oyster-Closed 0
198.2986044278805 336.84151469981254 203.56739186316918 288.9528590495627 381.9297690792664 308.5700563015706 376.6636447973033 356.45626904488955 Oyster-SemiOpen 0
416.00040586150135 359.5758229999999 392.26337643716033 359.5758229999999 392.2637913759354 300.03134 416 300.03134 Oyster-Closed 0
33.171297162447445 414.2150054248736 0 334.49133247486327 110.56587470487284 278.72699698113405 148.96781777124124 358.4473922286734 Oyster-Closed 0
59.161272814399126 415.99280435465323 59.17214666169093 346.7002950151489 411.2855132291879 346.7400636960182 411.2828481586221 416.02422156289157 Oyster-Closed 0
0 10.503285899943775 37.54069319860355 0 136.35698521756058 71.78072888218205 96.86169205857732 110.72290138928108 Oyster-Closed 0
219.6677637665489 101.45858765596049 188.26502184144192 122.33868047471219 121.72688446338361 22.268837926428517 153.12938010977814 1.3888520987337933 Oyster-Closed 0
5.11771299999964 62.40648599999996 57.257618877105415 58.81222226888304 62.488058911774715 134.6861267818216 10.348154653391248 138.28036675933834 Oyster-Closed 0
204.92206832522425 161.01104167479753 238.29291535422817 221.79527270251103 144.26376637204157 273.41188943205685 110.89437326416737 212.62891138470917 Oyster-Closed 0
