16.077204018449265 242.05399085012635 103.70797962411598 234.90227554228161 118.00346776305378 410.038184443381 30.37272509448667 417.18954217552056 Oyster-Closed 0
217.3647111600767 264.0570264871578 290.3080155073585 308.3022356362742 202.11025920366228 453.67373184369643 129.16873699997814 409.43084499999475 Oyster-Closed 0
331.88845265889904 0 397.0922283229811 58.78380640763255 246.63140591188494 170.13546199987994 181.42872705033005 82.03346070984098 Oyster-Closed 0
416.0043409767568 396.26061000000004 310.3932995903342 396.26061 310.3966127826134 262.57242400000007 415.99952010007837 262.57242400000007 Oyster-Closed 0
269.1744448755635 124.88959073543927 350.03053267900395 102.13519221790456 403.55301893322394 292.3126498369731 322.6972677205449 315.06624376526275 Oyster-Closed 0
265.03191074791175 254.90805795751 125.19788895358943 323.3946609555517 7.924102402237622 83.95326119009242 147.74900997258737 15.469270154249472 Oyster-SemiOpen 0
314.61405300003753 0 314.61405830488 16.374640972819506 223.2295107355385 16.374639112892574 223.22951500001363 1.4261557495515512e-11 Oyster-Closed 0
330.4394880278451 324.1387441559835 268.5623927595698 342.89233182123525 226.8257233227414 205.19543579502553 288.69915484133526 186.44242323894568 Oyster-Closed 0
416.0012031214683 274.680921 369.338741476211 274.680921 369.33986476889913 106.53144000000003 415.99971756107334 106.53144000000003 Oyster-Closed 0
416.0002723196776 118.41080500000001 350.2181062906311 118.41080500000001 350.2184022078436 3.1588449999999884 415.9999313516455 3.1588449999999884 Oyster-Closed 0
416.17566913244445 19.813327709749803 396.1231135551825 21.450203238317123 394.37215499999365 0 414.4247007958729 0 Oyster-Closed 0
102.334940439192 11.496150782664873 144.75929048321268 0 227.6987745118131 25.347498868252462 185.27455159020246 78.14289099876227 Oyster-Closed 0
66.08426570426673 238.91837428968313 16.13691972826564 233.37802689653944 41.16510667277544 7.772389215307415 91.10926939619458 13.312531101223335 Oyster-Closed 0
1.930060999966372 30.118192000000672 49.40586930097925 27.07585818025826 58.23469572521935 164.84842005817094 10.758892621124687 167.89071705092607 Oyster-Closed 0
88.5076329662079 0 88.50763567074682 21.685869412236418 60.822926115877635 21.685866479000467 60.822928999990836 0 Oyster-Closed 0
0.1812598256765341 2.8285258567889238 66.55960577368751 0 71.76781255714377 79.84767118506956 5.389465166343143 84.10137487566975 Oyster-Closed 0
2.8854410000203643 45.02667699999971 10.986036658970988 44.50757432185912 15.387725336295262 113.19527497008856 7.287129925920453 113.71437515821917 Oyster-Closed 0
182.43589553999482 81.70786869503175 246.13927456402234 68.49480942380119 282.12851709925235 242.0012251966619 218.42524921254517 255.21393811152095 Oyster-Closed 0
309.2940172756462 403.250009292901 267.3893631983956 399.97777329462895 273.30279302179406 324.2810142450115 315.2054279333461 327.5531712782559 Oyster-Closed 0
85.46257516438709 262.94142155229355 194.88404284944409 235.82901186912898 227.11925824189166 365.9064232565366 117.6982356973349 393.0178152327354 Oyster-Closed 0
