250.35633626905474 257.8787775063214 348.50280977005605 310.2106367396624 294.20107695583283 412.03045595373277 196.05579927462168 359.70036416153687 Oyster-Closed 0
311.57789561279424 46.06417487242643 233.99750146591396 219.93444333820798 121.60303613171709 169.78407096589143 199.18397179041858 0 Oyster-Closed 0
107.48200870141955 171.63384405932845 208.5761769599194 156.4301943853189 239.60044672575168 362.6996991450892 138.50642556317325 377.90260218045063 Oyster-Closed 0
310.64080987723355 224.00495856660933 325.32579216857994 117.53037467845235 419.1295150431797 130.46746146569544 404.4463020060466 236.9404104612717 Oyster-Closed 0
155.91375906324174 132.9746897885662 53.26023009795972 87.07762008008183 108.8619908212313 0 211.5144035137746 8.617542554216405 Oyster-SemiOpen 0
415.5067849996303 0 415.5072142185563 138.39152147488508 318.3966274260056 138.3911257769147 318.39700499999526 1.143250380252061e-11 Oyster-Closed 0
110.45693690347252 119.5593249361706 20.257460070708476 133.07827972574776 0.5560510655195685 1.6272198070740393 90.7542186683313 0 Oyster-Closed 0
179.147609709893 139.75239652808875 148.0338957226595 222.48550516991364 67.20614800590192 192.0889397213182 98.32032174337655 109.35684921979772 Oyster-Closed 0
403.7574673725285 403.92654177765775 318.6302293751105 401.45001013396507 323.213689902248 244.04656665205417 408.33346605964107 246.52299143161264 Oyster-Closed 0
124.510435671913 307.34359082633 71.64454183603084 303.60972433104763 77.35371121187563 222.80098983822688 130.2175669999924 226.53478300000083 Oyster-Closed 0
25.5199083782245 207.59345101702027 1.8248915332587785 144.00729987129816 80.24061830775463 114.78733252489444 103.93595825734519 178.37274163317272 Oyster-Closed 0
31.078871263853216 238.85436290006183 3.868242386910424 248.750012638736 0 182.8746632889678 7.119876962406124 172.9791494753572 Oyster-SemiOpen 0
302.9319249999862 0 302.93195119342636 32.24838536566054 191.628601200493 32.24836149407006 191.6286259999979 0 Oyster-Closed 0
284.77531220464516 49.367353494522106 328.2196996662824 57.44187909780635 306.79200678218695 172.72985603334274 263.34764599998016 164.65542199999825 Oyster-Closed 0
314.5324496270696 59.276298245128366 381.452203552657 79.05072577869106 350.0076314969119 185.46148763408797 283.0879514580738 165.68729036499582 Oyster-Closed 0
229.32671200000186 298.52209299998077 210.4047065208906 228.7548000579458 269.1968230615166 212.8112483561346 288.1194265064005 282.577598260791 Oyster-Closed 0
345.93901583993284 230.0258223138143 321.8454874898489 276.76030190238697 252.22880516325677 240.87290336524956 276.32243015773565 194.13919567312422 Oyster-Closed 0
355.4251628918428 243.70203552014917 362.42203196796254 298.5191243882154 284.41902997865327 308.47276068544863 277.4233149999891 253.65671399998465 Oyster-Closed 0
241.35979030553426 236.81696838584574 220.6469115512882 190.02188305314138 307.63438141407096 151.52113269985753 328.34746600602375 198.31543075996586 Oyster-Closed 0
0 240.20487000000003 74.602654 240.20487000000003 74.602654 310.679258 0 310.679258 Oyster-Closed 0
48.55129552163271 370.2002292296453 83.36689101813317 275.5681205386547 211.27583811448494 322.61821258558905 176.46504411350543 417.2461639741073 Oyster-SemiOpen 0
68.91442500001722 412.6987369999807 67.3233217197012 373.6197336033032 152.2555185514866 370.16206135697496 153.84771408968663 409.23991507419044 Oyster-Closed 0
0 299.108534 57.232038 299.108534 57.232038 338.475661 0 338.475661 Oyster-Closed 0
95.71640948427012 169.08562906425075 128.30974499998047 223.60160199999157 58.25497544524842 265.4804155647057 25.66258015450876 210.96526037477145 Oyster-Closed 0
0 415.5067849999972 0 380.1860974811982 67.7863010779729 377.36752795741177 69.22548611432649 412.6873525846679 Oyster-Closed 0
192.28708000002007 407.6716869999829 190.4728025247532 363.08294616734753 328.7201142350714 357.45751490918497 330.5363750135366 402.04413982227976 Oyster-Closed 0
