0 248.496965 65.200961 248.496965 65.200961 416 0 416 Oyster-Closed 0
181.06744575545235 287.9747554322945 245.01963032869753 342.02475281056525 136.7915291075915 470.0470267631801 72.84213799999634 415.99999999999415 Oyster-Closed 0
341.7030858180442 15.400121272812699 392.3049037832061 112.58427799800992 224.70402286005265 199.84656600433647 174.10421942287212 102.66414571378344 Oyster-Closed 0
255.01356699999815 416.0000000000179 255.02093084014268 313.96681201367096 392.91641276373775 313.97581551613183 392.91356406015257 416.00451533446835 Oyster-Closed 0
254.0368170310212 158.69986076865302 337.4269935363154 148.87696654048 360.5329935470327 345.01488915457895 277.1428916703371 354.83736290147795 Oyster-Closed 0
229.61502296614708 286.42329251433614 80.84068873931028 332.176032498451 2.4974191188484838 77.42687519158333 151.2601600474336 31.67601802753504 Oyster-SemiOpen 0
323.4278747411918 20.82921471893623 320.97642432186694 53.18202139051034 222.2697301719927 45.70258958034616 224.72126478001155 13.349858189873874 Oyster-Closed 0
283.36781316628185 365.0055521734662 219.34108052957527 373.8462142864796 199.66661531913996 231.36589665548874 263.6888061010286 222.52554256849942 Oyster-Closed 0
394.02136269494804 362.83962003269386 334.9826895046572 358.36648468016944 350.213025555131 157.41021958210212 409.246778938028 161.8831803975904 Oyster-Closed 0
407.0726521915931 177.5145282486873 344.8952924417281 173.89318729985393 351.9822917342972 52.22746845558883 414.15820725531376 55.848768867922836 Oyster-Closed 0
412.88607014951776 77.6943528650076 377.3216791468185 75.62297035995542 380.262285825509 25.136500136188786 415.8265134378962 27.207877842945745 Oyster-Closed 0
105.48119772464634 18.93042511685706 160.56964118582255 0 233.5979577698672 49.44520326385084 178.5097173093418 99.42413999018376 Oyster-Closed 0
35.68616975336772 239.52464628686226 0 226.24403706911636 47.22995173018353 7.409199418533822 95.6749847836727 20.689301997787354 Oyster-Closed 0
1.8744621683836158 22.074239312394866 48.33808399387635 23.132690211382275 45.14701913623503 163.2116348057301 0 162.1531959097171 Oyster-Closed 0
95.20241984298991 5.544902659187392 93.96308173846046 26.82362380943646 66.62076055005309 25.231114712549534 67.86010600000736 3.9524009999984573 Oyster-Closed 0
72.56905551547607 4.226583527350067 67.98156557781476 82.99213361143549 0 78.95680633872165 3.286852433171589 0.19143785031947674 Oyster-Closed 0
0 31.590762 8.1401 31.590762 8.1401 102.535627 0 102.535627 Oyster-Closed 0
175.14949693821836 102.50011412602494 240.11208431106934 99.41571180350387 248.51345628813215 276.3528738687232 183.5508783639998 279.4371823210738 Oyster-Closed 0
250.2792677538455 427.0577303429534 212.49310239258193 415.9489593521469 230.31338909489205 355.3529210465021 268.09801935804353 366.46145237844183 Oyster-Closed 0
51.063036092411494 266.27472267863027 163.33826036473693 256.6137603177479 174.82486326176877 390.0836953404901 62.549717310877895 399.7442831206571 Oyster-Closed 0
