217.31614519074355 280.2746495701233 239.0202261840277 172.18442266824556 390.7105130860691 202.63994985963836 369.0104317801488 310.7267107671338 Oyster-Closed 0
396.73812146075943 223.74635651735707 430.7566569348128 261.20298377058833 376.918066204129 310.0928022306787 342.9001690288824 272.63680099479114 Oyster-Closed 0
360.70287882656703 302.9180103148755 356.69385876814704 351.30905691086076 179.84706419956638 336.6548546834033 183.85827567414526 288.26620029584143 Oyster-SemiOpen 0
392.85387297915804 353.7942623451262 368.1332048507429 350.67010311974417 375.9208865875371 289.06301300976935 400.640692999983 292.18711700000006 Oyster-Closed 0
8.420295521402295 417.0457553692875 0 340.12925115560773 88.94358876100887 281.9409606124263 126.77002046008784 358.85418665028936 Oyster-Closed 0
34.24445999998716 416 34.25827638454575 343.44015857866646 388.386718639249 343.49021607309754 388.3814851541938 416.0415619443346 Oyster-Closed 0
0 12.774568790026231 34.61666012950809 0 129.1941326610504 72.38414598952328 87.31886320970807 112.21249798302505 Oyster-Closed 0
211.17901417042958 100.07295858125718 178.00640949143417 120.7468319878582 116.71877666010914 22.40731041071228 149.89111898473493 1.7335394656620653 Oyster-Closed 0
0 66.256085 51.72347 66.256085 51.72347 138.377264 0 138.377264 Oyster-Closed 0
192.57083147887533 160.2954363463113 225.20138348009277 219.04308189982893 128.0332550700041 273.00768145221656 95.40415258006033 214.26128674107295 Oyster-Closed 0
