267.17469704994073 251.11596355804727 371.6368703117914 294.6277483925401 327.82079531990894 399.80047141469464 223.35940050491263 356.2900979818542 Oyster-Closed 0
247.16704434517305 213.40177250933124 128.5647303908081 173.69327207217145 188.5521065684734 0 307.15097987709305 34.24021541485692 Oyster-Closed 0
116.08290913814926 177.81550001190774 214.85252571425735 152.15856270351836 267.0825868468128 353.2046927281198 168.31340549404194 378.8603861400224 Oyster-Closed 0
416.00127235404216 215.870151 324.9736145529241 215.870151 324.9749809033856 109.52296899999999 415.9997795158997 109.52296899999999 Oyster-Closed 0
160.07350900268284 132.05354075501725 51.72548194909177 95.77730640722604 93.78905201644375 0 202.13595204625017 6.422509686309172 Oyster-SemiOpen 0
416.31730858254014 120.39333669422201 321.0662040749812 127.62426681972896 311.3785549999702 5.065033330230651e-13 406.6280864025248 0 Oyster-Closed 0
112.6817514327995 122.44978789371862 23.905071995082835 144.71460260490838 0 13.085629834045857 79.66855930611564 0 Oyster-Closed 0
184.3287961458518 138.26617729815672 159.88524969698483 222.0773347443968 75.50083011613606 197.46685173545785 99.94502453906534 113.65676169248816 Oyster-Closed 0
416.00331770736375 387.7055459999999 344.39769769949635 387.705546 344.400468331547 229.286203 415.9999326343459 229.286203 Oyster-Closed 0
146.51751502962725 307.02281962321297 93.23372680805551 308.83535622835234 90.53748613210337 229.5558813763991 143.8192349999881 227.74337999999972 Oyster-Closed 0
36.54444223250539 216.44586364320224 8.01954246016976 154.07456026138217 82.71297413528009 119.91588965254445 111.23806730362048 182.28644471181832 Oyster-Closed 0
45.80434776628681 246.9246577863808 15.826537422770343 261.4476140399871 0 194.09859428728353 13.173443387095176 179.57585250834458 Oyster-SemiOpen 0
289.5947280000182 0 289.5947417073003 24.222779152747847 182.34187972146174 24.222764512635944 182.3418940000047 3.0338515967810123e-12 Oyster-Closed 0
280.082659919306 40.89828252001623 324.55734758841936 44.49709174570156 315.1671456451186 160.54108747969576 270.6924629999703 156.9423149999992 Oyster-Closed 0
310.8946266990097 48.83376874727145 380.3489319346518 61.93180638259625 359.92762376412065 170.2168816988981 290.47333946862636 157.11898059088952 Oyster-Closed 0
250.63363299998673 292.3267499999896 226.64142123298734 223.5437592799395 283.86256394555676 203.58662139590444 307.85521422971215 272.3687112637161 Oyster-Closed 0
360.57211077059037 216.2352362033706 340.55299284474677 264.0284582997733 267.1437419885697 233.28159485619923 287.1631110486778 185.4891388988948 Oyster-Closed 0
371.2028033814786 229.0318621080747 382.02858620948973 283.38811792833053 304.93708806990617 298.7387696024259 294.11243599999216 244.3835029999841 Oyster-Closed 0
255.71577156753847 230.44913155374286 231.3222961776337 184.73685917993333 314.2143973943639 140.5057812773728 338.60792085824505 186.21732525663532 Oyster-Closed 0
4.70619596070901 314.21245746818926 8.298040497957118 250.0555656625258 99.70816206387826 255.1724972154853 96.1178776776942 319.3278676663091 Oyster-Closed 0
76.59711111124125 376.3428509150452 102.41119898334728 280.52979247683623 236.0794950329837 316.5365615159613 210.27026493616722 412.3453289952816 Oyster-SemiOpen 0
102.71751799997946 410.58132800001346 100.66066704299737 375.2514481172455 183.18436345826558 370.447843019271 185.24215284868478 405.7767068815024 Oyster-Closed 0
11.915177999988373 304.95919800000115 78.27188399528313 299.9227240861279 81.73113376358742 345.4910464558975 15.374435775876918 350.527454432461 Oyster-Closed 0
104.35769923380212 172.29314500525766 141.60103200002413 224.96271200001615 74.84092149820572 272.16440687030837 37.5984887390332 219.49565319267077 Oyster-Closed 0
19.92832633735088 415.4032401082633 18.359523761537275 388.45798546859567 95.15674820050481 383.98755372355606 96.72623364279207 410.93206528361736 Oyster-Closed 0
224.96253599998454 403.3650360000022 220.05106549201446 359.01676130808903 357.94111196355516 343.7478365501355 362.85433481336077 388.0940418459807 Oyster-Closed 0
