0 239.041045 68.943841 239.041045 68.943841 407.433134 0 407.433134 Oyster-Closed 0
185.40039415545107 271.4011501240026 249.14108094121184 324.13760595915915 136.1725759355868 460.6453716905388 72.43463899997369 407.91186799999434 Oyster-Closed 0
347.859194870176 0 400.1938832560627 85.63787874881078 231.72595458136857 180.494254679008 179.39283240794612 87.55053144507623 Oyster-Closed 0
257.1132730660174 409.67748934013923 254.39558396553548 292.60088208638524 394.27869473507235 289.35412541829584 397.001299848147 406.4256557869917 Oyster-Closed 0
259.08680542856746 135.00575434892127 342.9978901962313 126.03630821888747 364.2185237699159 324.54543124995456 280.3074958419311 333.51452409567685 Oyster-Closed 0
56.966810396952496 24.485699481264096 208.66694804885265 31.192379735022076 196.61820708274536 303.7160789302704 44.918081901159894 297.00966292107654 Oyster-SemiOpen 0
329.91399494454527 0 329.91401088844214 28.614459545772505 232.24284729855208 28.614439888191644 232.24286500002563 1.4029625484603163e-11 Oyster-Closed 0
283.07721069589024 345.1783520937157 218.18691290689458 350.87020223739563 205.83829388297818 210.0857551865268 270.7243346803116 204.39408705530266 Oyster-Closed 0
396.9854031681498 336.32135171677567 338.362943134307 331.20867116014824 355.7400915651124 132.00890371133008 414.3582445025713 137.1214096774597 Oyster-Closed 0
410.4044384851477 150.5638006581061 354.0800631149723 148.59693372133756 358.2868438814148 28.145745021427082 414.6102283608998 30.112595522051542 Oyster-Closed 0
413.8929691488047 50.655561738531674 385.34519511893086 49.658651872184016 387.08158094344253 0 415.6293029999724 0.9328629999992655 Oyster-Closed 0
115.1088834268412 9.170974351017202 168.84590889202445 0 238.4874300612537 33.22296418229653 184.75054192654716 83.54228929151712 Oyster-Closed 0
40.27695425804632 230.73822099019992 0 217.30382243068763 55.320815885293996 0 102.86711342410854 9.215167827713115 Oyster-Closed 0
9.31806606452301 14.626004342340147 58.49566598852107 18.91533108803075 46.459218942811276 156.91308404092277 0 152.62380160020737 Oyster-Closed 0
99.6795449999845 0 99.67954652695698 14.846261465907608 75.25477174402477 14.846260606591962 75.25477263489665 7.236692212573829e-9 Oyster-Closed 0
9.667584 0 78.09956 0 78.09956 72.144758 9.667584 72.144758 Oyster-Closed 0
8.487324263856863 24.15067210414347 18.712978142037173 25.042567504520115 12.076385097258026 101.1311895729067 1.850731635451666 100.23929807427562 Oyster-Closed 0
181.38682146577048 86.67326494895487 246.44551666734333 84.33290620193209 252.75398488524297 259.6916450879826 187.69529533645255 262.0319393086907 Oyster-Closed 0
251.7990650659449 420.73652448817785 211.9012192506998 410.62957214026204 230.90734217867066 335.6247538389427 270.80325639112925 345.73145200012306 Oyster-Closed 0
55.45361232475261 254.71960013906735 168.192146530444 246.2850518613496 178.2046587565419 380.09453609790904 65.46618653320184 388.5287682354405 Oyster-Closed 0
