244.09618327133649 273.5771283388 338.41716798056586 335.85944341554864 275.5384934663052 431.0610876956485 181.21923574517132 368.78095786154887 Oyster-Closed 0
232.23641635942477 231.7337686663834 123.43393357379318 170.5658057564094 216.42261612391667 5.170970036309584 325.2219539326288 66.33784628612234 Oyster-Closed 0
111.05481312764095 171.37761039600463 212.24363194609396 165.26333288398078 224.83247196732918 373.5806740442264 123.64367338141528 379.69464473360745 Oyster-Closed 0
310.07260225603386 256.3970981895319 316.9318688172025 152.09809795316102 413.5383920866516 158.45115150752855 406.6810866720916 262.7482911123267 Oyster-Closed 0
216.67276131995095 0 216.6732349381782 134.05256874691622 101.38003299320917 134.05222186789888 101.38037010131666 0.000024094073366844592 Oyster-SemiOpen 0
410.9913925051369 172.16788709310313 330.0711505044019 169.81336690348 334.71231871082273 10.335648669537393 415.63072373088653 12.690144425626945 Oyster-Closed 0
118.40238096739995 115.338797981806 30.035639066027215 123.09172763763374 19.288947131255554 0.5982191868721144 107.65464739189338 0 Oyster-Closed 0
185.40229692415232 145.74237082458876 144.68941136420472 223.0773153530406 66.98846263307496 182.17288336274797 107.70147517147052 104.83889684094981 Oyster-Closed 0
385.4792189017171 424.7169985957062 301.0014489022906 414.8700355811309 317.9537259592398 269.49833518639457 402.4242585442953 279.34488144161776 Oyster-Closed 0
116.12875504358453 304.217007222922 63.7656235074428 295.9069655889279 76.20759019488833 217.5237433951536 128.5688059999702 225.83362799999645 Oyster-Closed 0
26.145750395899086 193.6027000061467 10.099894215851236 126.5458683896169 89.50052021429656 107.54691374882161 105.54686194614987 174.60303454600978 Oyster-Closed 0
29.335643358037487 225.4724147571384 2.8950228100475215 232.36399180189574 0 159.5834558310541 10.364308161722875 152.69196869827053 Oyster-SemiOpen 0
326.51888904198495 9.598887713194657 322.6900766404033 53.25219319448011 203.96343828098543 42.83850685463348 207.7923607508601 0 Oyster-Closed 0
297.06888143048855 68.44882710505186 339.8604416394701 80.34396437111839 308.5765283384935 192.88166235391017 265.7850340000223 180.98668400000204 Oyster-Closed 0
325.60090780856626 82.32787904350364 391.10550252707253 108.19250031951267 350.4652228268642 211.11404951633193 284.96080679984516 185.2497896086561 Oyster-Closed 0
220.40991500000018 310.4908850000169 210.1606987338273 237.97116727937643 269.7629996551368 229.54865524431582 280.0130752647892 302.0673444631419 Oyster-Closed 0
342.3238430125275 257.23756262201795 313.17084589324077 300.05853190063806 247.5065622567672 255.3580839215524 276.6593669942158 212.53789561462793 Oyster-Closed 0
350.0476865714372 271.803095834889 350.0319487131783 327.50992016275393 271.9317178657948 327.4864642424492 271.94860199997856 271.7807840000164 Oyster-Closed 0
237.23129877820975 250.47722311294757 221.9969565656247 200.67385657126243 311.28759171284037 173.3627047960637 326.52240913887 223.16517995835648 Oyster-Closed 0
0 223.35323 66.469789 223.35323 66.469789 300.117787 0 300.117787 Oyster-Closed 0
33.875876601436175 358.3752784392724 79.71303094639006 269.8088629688961 202.66218079095415 333.4295656715189 156.82956564834967 421.9920570175232 Oyster-SemiOpen 0
51.6142839999884 404.14135500000845 55.04986501709209 365.0022550904219 139.44309906568014 372.40777772989406 136.0087363061648 411.5457400028764 Oyster-Closed 0
48.94662939441332 300.7596311248067 39.625118417967315 332.74823875215236 0 318.4870113223501 0 286.4988509999995 Oyster-Closed 0
100.30298686520837 163.58147158428528 126.93603400003849 222.6566830000185 53.15110705266852 255.91753580540723 26.51906233977934 196.8431648965832 Oyster-Closed 0
0 399.3620108490038 0.23011721955481335 363.98757250588517 54.9041455514307 368.7845498150638 51.800350349454675 404.1583237943227 Oyster-Closed 0
174.20459716101686 414.894011954778 178.1236170907614 370.2372428570802 311.1275929145195 381.90526230480793 307.2108332500029 426.5598794514435 Oyster-Closed 0
