411.7130896106537 0 411.71317136939615 61.2430256479443 325.1047249757394 61.242966448948685 325.10478323489224 0.000017292226855896772 Oyster-Closed 0
416.00018763775734 156.469637 383.5927513099996 156.469637 383.5929039972689 113.27790699999997 416 113.277907 Oyster-Closed 0
416.00042719797057 245.558166 385.5824523231022 245.558166 385.5828296845066 174.54035800000008 416 174.54035800000008 Oyster-Closed 0
416.0011141373325 322.18566100000004 359.1655282457323 322.18566100000004 359.16651714658656 244.34732000000005 415.99995570545434 244.34732000000005 Oyster-Closed 0
355.33698777247264 256.523683879165 372.8154593593863 319.1708989724204 282.56213436825783 344.3454202805668 265.0854784251678 281.6997630590796 Oyster-Closed 0
250.6556282301135 235.8431969813581 259.2157223735012 177.8347902673483 351.24524786266556 191.41395966404892 342.6862785804624 249.4213642689276 Oyster-SemiOpen 0
135.63396256499982 127.40069742726637 183.42778044446095 70.07145351362158 261.27880072068365 134.97226487317812 213.4857048854392 192.30083023295882 Oyster-Closed 0
245.22422799999185 0 245.2242289432179 11.54594591080888 207.5012248119383 11.545944510414689 207.50122600000395 0 Oyster-Closed 0
341.31454199997097 0 341.3146076148587 56.72984288717339 268.8661633981246 56.72980158847791 268.8662115925581 0.000022431904254207207 Oyster-Closed 0
106.98800653588114 114.65819450806346 21.080259468559234 93.36943871479862 37.34811171616093 27.724773670570794 123.25517325645342 49.013442033597784 Oyster-Closed 0
87.65960917020493 274.24753944492943 142.9254332307355 247.2349884119614 178.05328517307498 319.094220811528 122.78782402141223 346.10620993399226 Oyster-Closed 0
33.935409755631554 337.57678092563543 50.47762297333247 335.55193235294263 56.63981160144613 385.8833708955729 40.09760439506135 387.90818670232113 Oyster-Closed 0
33.22860208638667 361.40493024358443 59.479944554932445 286.44044668369855 135.1986082542935 312.9510493288023 108.94936241416872 387.91375727049075 Oyster-Closed 0
112.7711097547035 415.55563632134636 112.44952614049907 359.8359657185088 200.68773128314933 359.3262065471426 201.01098625980012 415.0442088498674 Oyster-Closed 0
372.40224927484815 329.4663047699325 373.33122044155243 397.71625826829853 294.49421461086604 398.78710029511967 293.56698466634407 330.53884898969346 Oyster-Closed 0
245.7145884241254 414.8631058957126 242.50628400298228 336.29315713821387 331.9118817363342 332.6438742787695 335.12241496183196 411.2113864792359 Oyster-Closed 0
253.2204013415685 330.6156200419192 208.52131113623182 304.7154218396982 245.3056399275374 241.24323233024217 290.00343901287124 267.1429553860247 Oyster-Closed 0
271.78961498193894 288.6753358626136 251.8202051120279 245.6387741243035 310.72229560621054 218.3106639812907 330.69185430488506 261.3465970289058 Oyster-Closed 0
180.32714281727021 254.09328024656543 170.59851072882157 205.23765646542094 235.290890295586 192.3564415600536 245.0199930315539 241.2114334836054 Oyster-Closed 0
206.30714002663808 313.4272201327017 162.40600617219752 273.8751178525517 218.43056988183162 211.69887548642316 262.33071429092524 251.25019782672362 Oyster-Closed 0
54.25767830800396 218.07095916101775 122.03804492941708 203.9630639522502 139.2509825881898 286.65323991379876 71.47070421454919 300.76087066979113 Oyster-Closed 0
120.0199672849194 389.4710381570085 105.07219207538947 344.59190197372783 174.5788386744025 321.44615886050656 189.52714411766647 366.32429049113694 Oyster-Closed 0
265.61578895100683 324.1060857148938 236.26028678945295 382.6765740755257 152.62444358467474 340.76456049358796 181.98021883674664 282.1956336622764 Oyster-Closed 0
176.79733453876906 30.10394458727594 210.2818437633432 98.6306412065912 124.83254192769527 140.38299292165823 91.34857736115737 71.85675345850319 Oyster-Closed 0
210.46417140385165 0 212.16840173294258 40.26649862445101 124.57998349228001 43.84563303821383 122.87582275382374 2.141126604394627 Oyster-SemiOpen 0
