416.00352586435474 360.741263 324.0813392541313 360.741263 324.085889690301 165.80701600000006 415.9995946582567 165.80701600000006 Oyster-SemiOpen 0
158.8796564971526 206.1617707539129 132.6499857680974 284.5519048370654 46.20319414526239 255.62825122780515 72.43355099999098 177.23970599998447 Oyster-Open 0
313.5142246764626 108.28797079577215 259.21232529979534 248.3607202645871 0 146.79067539786394 51.52335610052978 6.72091405514273 Oyster-Closed 0
400.53024761647976 226.50473288764994 288.2409237057509 207.79990198756653 317.13854851890574 34.34631894314842 429.4227775582767 53.05067994798746 Oyster-Closed 0
204.87664598441916 342.65138930873786 242.3136907402877 238.62619256226597 452.59819160615007 314.290555927801 415.16916790085816 418.3088975143829 Oyster-Closed 0
279.34164469762254 405.364105535973 188.69270456024606 445.15025331473043 137.90970349798954 329.46675846570525 228.5520859999924 289.6822760000093 Oyster-Closed 0
16.67268910529674 398.1317595919613 25.853301119754178 314.94390388278606 168.81112468762876 330.7163042370825 159.63474087014401 413.90024337016723 Oyster-Closed 0
0 164.3253919570542 26.205305643026804 125.95578942660451 133.24495428034788 229.73671431600064 96.04237617024046 268.1053422080925 Oyster-Closed 0
10.658371428013197 203.37383110918825 83.30165168870008 199.56723193975466 88.53600180066496 299.4469355114851 15.892728666291077 303.25344983389243 Oyster-Closed 0
93.173690795531 2.1685305176151815 91.51799356852644 73.30846465398022 14.90901805849353 71.52530048132394 16.56489370471536 0.3855541549541924 Oyster-Closed 0
79.38099005686308 23.82899620552528 98.43738432463215 0 219.974278820162 23.498801413884014 200.9180800991744 71.78943126395191 Oyster-Closed 0
409.81449647342015 26.30261007192543 400.7062609634813 108.91459053605206 289.9476811905224 96.70260024252893 299.0563542150376 14.091059604029887 Oyster-Closed 0
325.2515626643908 212.29166831001075 314.52307348548493 258.3655391811622 249.1586203470215 243.14582818728653 259.8875394884053 197.07256698151076 Oyster-Closed 0
258.47706380567615 157.70892128139673 312.68493824189136 235.48243254221217 125.34546999327358 366.0356161355698 71.14203597185042 288.26610413991574 Oyster-Closed 0
243.83883668408816 87.88702589725949 263.3549889313326 50.16181740937954 316.12733012648823 77.4619693581379 296.6113726985059 115.18701094574604 Oyster-Closed 0
