386.2897091345585 373.0017080181413 289.64778471592217 365.4780788331254 304.90623665779276 169.58353929936214 401.5385263730059 177.1067757881159 Oyster-SemiOpen 0
136.2166909016305 212.35252134916226 107.35703179894335 292.00633705714574 23.436389007962134 261.6028261827348 52.29667499998686 181.95061299998238 Oyster-Open 0
299.7792954657816 116.9019938053206 240.10199834511513 259.3126010775242 0 151.20633080887663 41.809740908251115 8.798956051664543 Oyster-Closed 0
398.1347421712708 59.57560876040656 460.25379927885297 144.8085385068084 302.9418755528459 259.45176487345714 240.82532697251372 174.22112460177524 Oyster-Closed 0
176.1123686209212 352.9380691059324 214.4987523644486 246.1327262929106 415.7956984108787 318.46652333909185 377.41738245992383 425.26496402508815 Oyster-Closed 0
237.37783904126263 410.31837625969024 141.01112926431597 443.495182698156 102.0331253840377 330.29602485891434 198.39292200000273 297.1205169999999 Oyster-Closed 0
0 404.226298169367 4.968836550440756 320.4098509583981 128.2127836921063 336.2772506849034 117.42265000331827 420.0902277533184 Oyster-Closed 0
0 169.33856093869986 12.374608879323205 131.62348578044876 108.32957223101766 235.51019426702877 67.4954199972708 273.22433852265584 Oyster-Closed 0
0 215.22513800000002 57.930986000000004 215.22513800000002 57.930986000000004 305.020573 0 305.020573 Oyster-Closed 0
88.5673720193081 5.158328605921219 84.22135151274051 79.77880504126422 4.500878148581251 75.13555012766828 8.8471025995932 0.5152992732720739 Oyster-Closed 0
74.60390105677652 29.103899375865737 95.73685124659823 0 212.14781396282706 29.208515101246938 191.01509486575014 78.75550585679258 Oyster-Closed 0
404.536365314314 36.89542873529949 393.82467438877575 120.13325579416421 281.3982313701781 105.66477618080934 292.1104299922881 22.42747068609717 Oyster-Closed 0
301.69509724767704 221.19355108767036 289.78405211517384 267.8809694412662 225.41729526437848 251.4603942371615 237.3287644436714 204.77360933323405 Oyster-Closed 0
240.50705326551906 165.81862720510523 289.7295797282168 243.19524354193504 88.88998198257832 370.9346858237444 39.67226654967453 293.5623142720643 Oyster-Closed 0
233.2880992172577 96.00956721003301 254.74284263563095 57.708135862239615 305.0551343145198 85.89051982623064 283.6006001108144 124.19177097463817 Oyster-Closed 0
