331.657504 2.073216 416 2.073216 416 70.410794 331.657504 70.410794 Oyster-Closed 0
416.0001852046371 167.8899 385.0699350364848 167.8899 385.0700847705921 126.6223 416 126.6223 Oyster-Closed 0
416.0004607680967 257.50862099999995 382.7017768074584 257.50862099999995 382.70226836490474 185.63592300000005 416 185.63592300000008 Oyster-Closed 0
350.4719948185848 266.78532765592286 413.4008980390536 251.061802166081 430.96541072446416 321.3492125327973 368.0366250700936 337.0724447092143 Oyster-Closed 0
350.8837881186337 264.6874387615517 365.2769574767626 327.8834912098156 273.6864067019633 348.73810151178475 259.29508746553984 285.54365715651113 Oyster-Closed 0
246.9576311661731 239.26973151780498 258.10485943821186 181.91458106187878 349.66046606298914 199.70714557750222 338.5144075364806 257.06127516410265 Oyster-SemiOpen 0
136.89043110403873 126.12065076588058 187.0866234799687 70.9610727669039 261.94447384020896 139.0814952105327 211.74896275577703 194.24041410151477 Oyster-Closed 0
254.08802802117134 1.4782373627223262 254.00811499506017 15.21457316248637 213.52061015510117 14.979023933202027 213.60052699999142 1.242691999977076 Oyster-Closed 0
355.5436681548272 2.4396564356665937 354.848173710634 63.610170682872564 274.1605877375987 62.69260066770738 274.85623990792374 1.5222646866189082 Oyster-Closed 0
108.60427768822774 112.15164045664687 23.634538493006403 86.66237796209661 42.9932075849938 22.130829965014964 127.9623244725517 47.61999467355585 Oyster-Closed 0
81.92481308178321 270.1344320376524 138.43327160520494 245.5494979059681 170.20801253040554 318.5737670653482 113.69985116977114 343.15819600636615 Oyster-Closed 0
25.03777434579024 330.42057615047617 41.70262931651814 329.15808051132603 45.51934738875934 379.52768774777405 28.854494715702458 380.79016341542956 Oyster-Closed 0
23.38077649529805 354.1635831268467 52.8485949084461 280.6498736688785 127.37655400242147 310.518984856188 97.91076611648532 384.030976519763 Oyster-Closed 0
100.56474125165187 415.99996811506657 100.56748257738946 358.8738376843792 189.6928537168351 358.87744384085664 189.6918518084094 416.0018521733046 Oyster-Closed 0
364.4662513806543 338.08623132262466 362.2310855350406 406.0472443124892 283.2091315847829 403.44693759782797 285.445985226419 335.487655495863 Oyster-Closed 0
233.65732087233482 415.99990702992096 233.66053253761493 339.04585399222964 323.3662087710254 339.05019854527956 323.3653137788133 416.00183703497146 Oyster-Closed 0
244.9756142082406 333.7797718144398 201.5803982903708 305.66474344570383 241.38517566504015 244.2371457796731 284.7791979124304 272.35165361776825 Oyster-Closed 0
265.42035710076016 292.8890777191027 247.63479204724717 249.05100686304294 308.09003910547835 224.52650641074712 325.8758389544564 268.36392116973786 Oyster-Closed 0
175.5458601669052 254.15694303214124 168.1838493502073 205.07283256727123 233.64120289227867 195.25576792480257 241.0037387523189 244.33923703080956 Oyster-Closed 0
198.6667279844405 314.57960077575075 156.81713590647632 272.900610810741 215.96756956277386 213.5162347999753 257.8163214454471 255.19439748340707 Oyster-Closed 0
50.997935264967964 212.48918836725855 119.53524341843149 201.45955897675952 132.9065525077458 284.53991771009595 64.36929855487688 295.5693444691954 Oyster-Closed 0
108.81580353224126 386.0700871798091 96.10091162122626 340.6704896788698 166.80638163039112 320.8721060555141 179.52190697960032 366.2706903072067 Oyster-Closed 0
257.74617203604066 327.78073643841884 225.9209323066243 384.88073818730857 144.01021150935412 339.2340487954661 175.83552674845123 282.13557894773754 Oyster-Closed 0
182.6700460747852 31.03563053713203 212.66694212076254 100.93036284228985 125.13305126265914 138.49641797739918 95.13671319442801 68.60214854834044 Oyster-Closed 0
217.7466458191011 1.2667866609779859 217.5047846903617 42.847071003276845 129.59384887363194 42.335599692302495 129.8357817408032 0.7553712200799508 Oyster-SemiOpen 0
