417.2490924311387 295.0750143142173 326.5621641706566 302.89743467591654 310.3404984711415 114.81080720164735 401.0210494239109 106.98866973972383 Oyster-SemiOpen 0
150.85462709582498 211.7844111537867 144.57532475910193 296.2244140997923 55.80718854949373 289.6226735242065 62.08801100002165 205.18442700001006 Oyster-Open 0
283.7737345706664 75.88606998602958 264.7389365261806 229.11761645506098 0 195.26906835050892 11.34586486679109 42.04123467627425 Oyster-Closed 0
389.27592927428486 177.88074907816127 276.9445232389953 178.5876379442486 275.8259548838323 0.5285670056831524 388.15380493202247 0 Oyster-Closed 0
225.90084405050948 335.96659008285394 235.04711949127523 222.89822273709157 425.1399808324677 238.27268755348544 415.9995513188078 351.33536307861624 Oyster-Closed 0
303.46312023193605 380.55495753653526 218.84913491760017 438.06338848986974 148.1277282717674 334.0282815038242 232.73668500002168 276.5222269999867 Oyster-Closed 0
41.87594900001932 415.13799299999175 40.27925759381105 346.3294771726698 184.13558673919033 342.99085712257147 185.73553168019134 411.79597739643947 Oyster-Closed 0
0 215.16689200845352 10.758389446920773 167.69375980738414 129.73040925651367 241.3728451372537 100.32957211701432 288.8446402122377 Oyster-Closed 0
6.007709720961429 246.23536011743045 84.78742849593982 235.61714978170676 98.2924789156823 335.8017717235549 19.512819287938328 346.41970578800675 Oyster-Closed 0
0.20283221561840037 17.431333092065316 54.93499683272967 16.79447280902801 56.01801314117256 109.86907900837022 1.285848457377142 110.50593605285728 Oyster-Closed 0
44.21804358507143 52.22482602840507 51.50952687198878 0 176.48784236946085 12.766688794065473 169.19659792824314 68.55810727003028 Oyster-Closed 0
355.56651099996816 0 355.5666198373947 65.25688651817762 256.6566999224233 65.25680821661979 256.6567789999899 1.40683884947835e-11 Oyster-Closed 0
312.574616061851 175.66787340715254 313.7126647376026 223.7555263011487 247.3571357795845 225.32506601126613 246.21966303621593 177.23796790877984 Oyster-Closed 0
239.42769507667617 138.91519670999133 306.8315367840478 200.10106647193686 146.17968387978908 377.05480130177875 78.77889790636254 315.87221468540696 Oyster-Closed 0
214.61352378093216 73.79490308749601 224.9708407326034 31.077805320524405 280.7530815426326 44.60288052883929 270.39591558757456 87.31984394113408 Oyster-Closed 0
