389.50490248929054 34.077003783863844 385.2306354924476 82.93446119439571 299.5075766337104 75.43477854580898 303.7820243762908 26.57750017249382 Oyster-Closed 0
359.83893975230967 130.48381744830584 400.43740308950873 125.31424509726136 406.9269170000116 176.27678800000015 366.32846112292464 181.44632458603104 Oyster-Closed 0
413.35380666199126 263.836437333726 364.1091565335046 263.26348025583803 365.00555901890766 186.29212582629572 414.2487086134752 186.8650741780147 Oyster-Closed 0
334.0621033989155 276.1576748454444 395.97560281785627 257.4228233494978 417.18919472703055 327.51774851581274 355.27585235063816 346.25223754117803 Oyster-Closed 0
334.1877737759896 274.737899990751 352.56207759183235 337.29748960986313 262.8358422690653 363.6440248734721 244.4634659946605 301.08608443957934 Oyster-Closed 0
230.17362158948163 255.11119190148395 238.17793431384416 196.70604797893705 329.89697040148894 209.2745397784172 321.8938765716666 267.67859142083597 Oyster-SemiOpen 0
114.77082529990003 147.35755088225213 162.4706440452028 89.5668827602562 240.4829571285918 153.9554556938799 192.78397451335331 211.74534097247613 Oyster-Closed 0
222.7062794348385 19.484258599466546 221.68760386707072 31.127882912782376 183.67303716997048 27.80205297899939 184.69172096240072 16.158437183004672 Oyster-Closed 0
247.5825905039892 75.15501453772463 246.173065246021 23.040416911514853 313.595305613675 21.216897585025052 315.0049840813663 73.33131645472781 Oyster-Closed 0
86.32429630394836 135.07608016920702 0.6776411838436616 114.59708179825066 16.491012268434133 48.4656821875838 102.13677581656157 68.94457073892667 Oyster-Closed 0
67.76974783655533 295.07893636246445 122.93353194305382 267.8812489859371 158.45645056641297 339.9192063029336 103.29306193930825 367.11628546569295 Oyster-Closed 0
14.891095173599751 359.8211005021143 31.36809721109239 357.72350122907574 37.80070480406357 408.2400354486904 21.32370966029339 410.3375985373034 Oyster-Closed 0
14.29502118009259 383.77869595055085 40.06699149409178 308.179817484543 115.63714319841529 333.9366412022298 89.86741127000641 409.53362256732254 Oyster-Closed 0
101.14998100002413 416.000000000013 101.15169204436461 380.1475491138666 181.45775684688851 380.1504794969697 181.4570569081843 416.0019353552212 Oyster-Closed 0
351.67238223523236 347.74767294795004 353.3944080392612 415.37771349609613 274.957388196337 417.37240446447555 273.2371909397516 349.744143255359 Oyster-Closed 0
225.95533700002125 416.0000000000065 225.95793944579782 354.25537533064966 313.1405242752662 354.2593720967206 313.1397599762822 416.0020891763203 Oyster-Closed 0
233.2530438673457 350.2140924945816 188.4713697992811 324.9272696371168 224.74083283674918 260.7084642435573 269.52110096089746 285.9947887878333 Oyster-Closed 0
251.8560546458284 307.74270145657806 231.26659818652843 264.95556401969895 289.38305311508157 236.99318000025377 309.97264358446046 279.7796507475635 Oyster-Closed 0
160.4016193059433 274.2109577074774 149.99584564436736 225.3320217035374 214.1248470181672 211.68095712464338 224.53111516462377 260.5592094188486 Oyster-Closed 0
186.59935298517667 333.3352947991729 142.33382565992724 294.4735807786196 197.6246464468095 231.5044848890156 241.889071165504 270.3653746939169 Oyster-Closed 0
34.3884638812051 239.3315578305914 101.92864311501035 224.97158813112344 119.55747022871219 307.8767056231054 52.017389883530996 322.2363824464533 Oyster-Closed 0
100.9990559622529 410.94628183324033 85.40238989187492 366.1880080365965 154.50057459735035 342.11524146609986 170.09776881145808 386.87245452037973 Oyster-Closed 0
245.5230899073431 343.60711223904525 216.42274371566964 402.69110298261177 132.95407507214622 361.5876523555312 162.054743275723 302.50532556090667 Oyster-Closed 0
155.08990956300477 49.39510519262865 189.5566178637273 117.4859661573341 104.66813181016187 160.45384768701604 70.20209433724813 92.36355373481592 Oyster-Closed 0
188.59085889058406 17.182658773524746 190.80841385703752 59.048241938497846 103.56416853997507 63.669201633084626 101.34675076665735 21.803736185863546 Oyster-SemiOpen 0
