368.48620928139644 208.93689587086274 286.05685568941044 269.20589584635775 208.22459553004228 162.7598657488783 290.65128054084926 102.49228925322015 Oyster-Closed 0
388.1698385801792 180.1918603710543 443.24233074500444 232.98747506225632 347.0941446092402 333.26921764291063 292.023258582336 280.47522895410674 Oyster-Closed 0
310.51277271995787 416.00029084727765 310.5162642349751 288.63416661018135 390.9258294573556 288.6370189024802 390.9255204455985 415.9999478201494 Oyster-Closed 0
331.88415272741986 415.9988475905041 255.2619564712768 452.8403364891235 197.0901962160424 331.87965047886826 273.7069380422945 295.03967581381033 Oyster-Closed 0
122.65270599998621 405.48525700000886 130.13177432795783 337.56436089678067 217.01209919199755 347.12933028036724 209.53519428348227 415.04818667015536 Oyster-Closed 0
237.9017475131368 137.933865227286 210.29490653190805 120.91928801342198 237.17258576955646 77.31030989344782 264.7792241698189 94.32480566031214 Oyster-Closed 0
168.40644242725466 315.7315442458427 160.20163112493174 222.27228320408622 287.53931587656916 211.09387507991477 295.74663374714146 304.5504006367472 Oyster-Closed 0
144.98210239201217 310.08703168682064 72.51479710925923 278.2103002942181 112.73326922490742 186.7930717487388 185.19794918415937 218.6691521294667 Oyster-Closed 0
416.0003964354837 172.961137 366.80766687644063 172.96113699999998 366.8080009158475 111.59874599999999 415.99998795811916 111.59874599999999 Oyster-Closed 0
111.31990684357152 99.48615486868435 127.0070970082852 174.58200604392763 60.83008276703913 188.4049459680431 45.14363299471006 113.30974734038033 Oyster-Closed 0
198.1216265328403 126.74301859508202 188.90646755288253 210.48479826842816 114.34107786023742 202.27896279221025 123.55702560559439 118.53805961147724 Oyster-Closed 0
112.83941202474671 413.39399629070465 42.64709620130088 393.59002922473286 71.39813417205005 291.71876112558334 141.58611220978855 311.522079223497 Oyster-Closed 0
161.67288675349846 120.75164534449594 127.6032046990913 122.67767727878375 125.28009608060893 81.58248801229621 159.34952314309703 79.6564634108289 Oyster-Closed 0
79.07991724748717 98.15148722113413 105.48432964353196 71.6085714292954 146.01362539278125 111.925759301099 119.60935787363633 138.46853276787758 Oyster-Closed 0
327.4451904574162 155.60151406267403 353.32758552785526 137.7591627811677 390.4998241086723 191.67920353635532 364.6175765354892 209.52137489637977 Oyster-Closed 0
22.114528999976756 291.84284600000103 51.748646506719524 289.59775989689194 57.38279931630677 363.9526236417648 27.748687656629045 366.197661103197 Oyster-Closed 0
227.73792960317223 400.92071700596205 180.3850725711418 388.0926323511267 208.26801725649057 285.19491403595003 255.6180601063752 298.02260239426664 Oyster-Closed 0
49.056384317773336 136.28021063164917 10.544172945490573 112.34988258801344 51.88184547394485 45.82466170978427 90.39368744355306 69.75483908532614 Oyster-Closed 0
77.45292237572357 164.21480340837252 119.81917167394568 185.12643420397168 81.44833436898261 262.8582421647605 39.082307630345895 241.94695076816905 Oyster-SemiOpen 0
