346.19601207569576 188.68457567195603 250.36971966433703 245.80125933328458 188.0263897515688 141.20859055230758 283.8498158623879 84.09302379216915 Oyster-Closed 0
367.99954087369406 155.51186719646947 415.45852895174903 205.61583610693907 304.0539694181716 311.12793821347947 256.5965854710339 261.02552002665703 Oyster-Closed 0
135.90320319957027 298.64594706928233 128.76220449502944 207.70970884041247 246.23897914098052 198.48503886922984 253.3821061829658 289.4189636396373 Oyster-Closed 0
321.9626759677085 404.8155237556584 249.31453012051134 382.57967743070316 289.14722861167684 252.47624542230832 361.789977505141 274.7112014567085 Oyster-Closed 0
275.7927690230208 393.816685909307 189.7275709087662 422.61809210274674 151.82211253153582 309.36395773826695 237.88164330063955 280.56356062263 Oyster-Closed 0
68.83407099998294 394.32736000001063 73.36567580962219 324.81752040481274 158.69956605232437 330.3798129073459 154.16997800449099 399.8876989053464 Oyster-Closed 0
236.07539770323274 58.50896179588719 258.2053898243721 77.40503480487601 220.75210699029049 121.26747173501892 198.62219498519335 102.37148456267776 Oyster-Closed 0
40.16744700000345 184.38970099998488 53.241687259967875 151.83625168742503 95.08352673523768 168.64001236357058 82.00955101631553 201.19323934351354 Oyster-SemiOpen 0
172.48906759148667 386.2909210274764 128.02563510454638 362.79583624135836 181.8283167725349 260.9997306681318 226.28929094250634 284.49401323191 Oyster-Closed 0
2.017604433327506 399.0986647659913 0 299.54507972199343 143.1596444577517 288.8258709031371 150.35872417577775 388.3748780830997 Oyster-Closed 0
0 301.624188 16.467204 301.624188 16.467204 359.52253 0 359.52253 Oyster-Closed 0
89.11787923801603 312.62502231394785 33.749510493806156 281.9650898414903 94.792609390086 171.7425977817444 150.15860945638633 202.40171967670648 Oyster-Closed 0
31.89243989048191 182.83401261901437 8.04112043171699 115.35973380761686 91.77160405705217 85.76269590942096 115.62329304509694 153.23634767416857 Oyster-Closed 0
148.73379245869364 113.07028809877978 116.53921588919911 105.86609050507086 127.37601199236087 57.43919272358762 159.57035873393397 64.64336368372086 Oyster-Closed 0
28.9236069999788 130.50063399999996 0 102.37265872018148 59.47086656400643 37.81888632427798 89.46377428403866 65.94668958895565 Oyster-Closed 0
0 183.74029499998295 0 151.0949807267502 40.49429314881854 147.39964001803722 43.28177388097174 180.044754804363 Oyster-Closed 0
72.78372320807102 88.26057160775083 103.26416219339808 61.79938020701785 135.91078415461016 99.40432789085531 105.43044618995555 125.86541268140661 Oyster-Closed 0
118.4795040419267 97.42184832920233 190.91452987950106 120.19986502426606 163.98167745658066 205.8440816534403 91.54678285800401 183.0663384048678 Oyster-Closed 0
408.61779134758035 149.65966736092582 351.184882546444 147.31950595464403 353.8371901285318 82.23530063373174 411.2693372635731 84.5754465278045 Oyster-Closed 0
317.9496313225354 134.59353049092235 357.75066988945036 126.88620120032668 367.84030716879715 178.98756991507534 328.0392846618379 186.69484248517801 Oyster-Closed 0
378.19668995576285 224.3313563213477 414.2803224531126 242.24965408307796 372.64932277232583 326.0745215064561 336.5659444623343 308.15662606594265 Oyster-Closed 0
