364.4151802127926 205.78517882617598 283.94422141772156 268.8863706704403 202.6513168255442 165.22046871299185 283.11980563893303 102.12076066157887 Oyster-Closed 0
382.6461335444146 175.95089155913476 439.656588969061 226.25552642302614 347.31408675753846 330.894917207097 290.3051131856482 280.5918225037633 Oyster-Closed 0
164.85315879644259 318.2615587139216 158.11410533608432 226.19813497359803 278.64139376271123 217.37605976545441 285.3828455631774 309.4368906947028 Oyster-Closed 0
311.53986294519564 416.0003875419706 311.5433377666159 285.39811990681727 391.6446305775753 285.40092768402735 391.64439102128745 415.9999491366859 Oyster-Closed 0
335.74347261348885 415.9987084961353 260.40524492223267 455.3650063545381 197.72017785607022 335.4241872358549 273.05314779524633 296.0595234889714 Oyster-Closed 0
126.35764599999675 412.540960999977 131.12659737842114 344.11661165111906 215.53137608191537 349.9983779734707 210.76450875603769 418.4207004439408 Oyster-Closed 0
231.73642714684684 139.50795401267587 203.60316306678578 123.67501064306113 228.80447551172983 78.89650030907136 256.93752005829447 94.729366519876 Oyster-Closed 0
58.46408999999039 202.8649299999849 70.03233355513294 172.14323587468803 112.10679125074239 187.98528623557732 100.5388242344452 218.70674778272726 Oyster-SemiOpen 0
229.55701854059225 403.69171727506506 178.41661067534733 385.95412908645824 213.3483865006856 285.2677715822942 264.48571289951724 303.00477019915843 Oyster-Closed 0
53.252809782912664 417.36777446463765 46.526567916465865 316.7035572489218 199.55779942015215 306.479525165777 206.28861382832838 407.13874139482334 Oyster-Closed 0
16.631380999999237 285.54977800000034 57.1620194396055 283.18963436101245 62.87593131110407 381.2958797301265 22.34529852002379 383.65595368069376 Oyster-Closed 0
133.5150727167129 325.82328357850287 69.51203848758814 301.9835702186025 109.24275074779143 195.3351729771767 173.24278830554977 219.17427279397697 Oyster-Closed 0
44.360993815218535 203.29328504712913 18.04910679636305 132.04214797822726 95.66210661533114 103.38186626350416 121.97438134180265 174.63228892388213 Oyster-Closed 0
154.48601920005967 128.12229057806292 120.54648060797626 126.80085001417314 122.33466921052604 80.8783274616031 156.27392202971168 82.19976246554134 Oyster-Closed 0
37.13079930391541 149.02030491262877 1.1324675473442767 121.57822319823943 50.289658201079874 57.095687564040105 86.28765233564991 84.5375789929305 Oyster-Closed 0
11.849850393791712 202.7464022739606 8.989695600423147 169.57024649634857 55.94969845851301 165.52193629199675 58.81008211709195 198.69784055705912 Oyster-Closed 0
73.64143207607049 107.39228580637139 98.89887144283784 80.73081987128862 138.43166550918613 118.18108625009023 113.17437299014273 144.84241006928 Oyster-Closed 0
122.29883410074399 120.72818209421268 200.769465405956 134.61955288088777 185.95632725230826 218.29318048145905 107.48574724390346 204.401986162738 Oyster-Closed 0
416.0004567887554 168.422543 359.9344420737543 168.422543 359.9347983076332 104.54737799999998 415.9999536504947 104.54737800000002 Oyster-Closed 0
349.69050470671937 208.40579326241402 327.3085719469527 158.65395609792256 362.72704452851394 142.7211568279706 385.10905995567737 192.47268927950554 Oyster-Closed 0
416.0006840682545 333.209367 384.98849578877343 333.209367 384.98914944063654 250.11257300000003 416 250.11257300000003 Oyster-Closed 0
