369.2330190725115 193.64984100477145 289.9567957670697 259.3106462548952 206.21919910962242 158.2129955797826 285.4932134481569 92.55365339874777 Oyster-Closed 0
386.5234761424035 163.03988042289444 444.719148085871 211.41726433354376 354.9261407523627 319.42196489885396 296.73176967131076 271.04599420665375 Oyster-Closed 0
172.92885344690512 313.0732642521198 162.9551446748119 221.17550182361646 282.96782097774485 208.15144090344887 292.9437431815568 300.04668803917383 Oyster-Closed 0
393.2836860688476 412.74416992072497 314.21281367835036 405.87022965962234 326.1065048615201 269.1280848208686 405.17076294306025 276.00173194323764 Oyster-Closed 0
348.3402594714207 410.5109947114273 273.6084127224385 451.96681547075343 205.3491873301209 328.94112831874503 280.07585916079915 287.48705516273765 Oyster-Closed 0
135.9634809999843 408.96497700001044 138.3598272413983 340.2076790885791 225.28019559129825 343.2367711388299 222.8859023874429 411.9920090243809 Oyster-Closed 0
234.85600578437516 131.79144295389412 206.4268474914643 116.78955203790022 230.59453685884364 70.99198359625574 259.02348217955296 85.9938061990044 Oyster-Closed 0
63.18921099999352 201.23476599998688 73.80451451111367 169.96854415832505 116.39163513961466 184.4264809761763 105.77660895932058 215.69246948459502 Oyster-SemiOpen 0
238.88281524810373 396.5878708521954 187.47594754664533 380.2002138634147 220.04893366552278 278.0487943619888 271.4527065833172 294.4359140448099 Oyster-Closed 0
63.395528823028144 416.3161090680872 53.13202215893034 315.8029840920352 205.46752670346177 300.25026559151127 215.73532900708597 400.758457154015 Oyster-Closed 0
23.30922399998235 285.5497780000019 63.806974846818775 282.2446713320201 71.80540491922147 380.2317222525193 31.30766520551697 383.5367314705119 Oyster-Closed 0
140.96556077403147 322.17685023991214 76.59411687947431 300.0494790533537 113.84320044171182 191.70477023686746 178.21160836594572 213.8315761889216 Oyster-Closed 0
49.485807328066585 201.99994480379453 20.80250433445326 131.81515901231813 97.64968591792785 100.41008424704721 126.33331171088503 170.59417753431626 Oyster-Closed 0
157.42133973388263 123.04002302500672 123.47071680503723 122.5152307367708 124.1821543783808 76.50011170319104 158.13250353771218 77.02490187796005 Oyster-Closed 0
40.60415342765191 148.02605630921096 4.005473416844325 121.74799982518078 51.61893712781239 55.43606563936404 88.21726009521444 81.71394111436621 Oyster-Closed 0
16.598750433015084 202.74405020151883 12.573255067276477 169.64774480427576 59.53910721354259 163.93555916676672 63.564819188606634 197.03161402077808 Oyster-Closed 0
76.10011492410922 105.01482665628525 100.7637207157859 77.45281434656592 141.18230604976998 113.62038885834373 116.51884992187479 141.1822593088923 Oyster-Closed 0
125.12285891831561 116.38636800490123 203.76488442088157 128.3630370547473 190.953568339286 212.48188192085263 112.31158070939273 200.5053605778983 Oyster-Closed 0
416.0003956802502 155.48135900000003 363.0084525589118 155.481359 363.00876753128614 90.99954599999997 415.9999698436768 90.99954599999997 Oyster-Closed 0
354.5360252109713 196.55594076743012 330.5461856775182 147.70715268314032 365.58705207168896 130.49934920439932 389.57694348649966 179.34785705695282 Oyster-Closed 0
416.0004272392107 320.237665 392.1904751650218 320.237665 392.19100975573747 238.92402600000003 416 238.92402600000003 Oyster-Closed 0
