341.1811789954081 188.05477582695482 252.30769536950174 253.89286470087393 179.41229718247268 155.49599025774052 268.2833303042862 89.65923593972667 Oyster-Closed 0
361.3604830992481 154.50116794214594 413.221430257443 201.65842323792987 311.595823018637 313.4089187090515 259.73626974786384 266.2531013567169 Oyster-Closed 0
338.77796936199593 410.97927110505555 262.6700997673215 396.1049518344963 289.8067381360743 257.3040442733763 365.90820760911083 272.1777039324202 Oyster-Closed 0
295.36342500397586 405.11433315358056 212.81596234343306 442.52475544052174 159.27756322587084 324.4114006868644 241.81922513119935 287.00248519781377 Oyster-Closed 0
83.02386800001477 411.7632870000181 82.62494550869451 342.83822344033024 169.18384483241243 342.3376578181204 169.5847391941934 411.2606742157151 Oyster-Closed 0
218.34506086327383 68.4582740799849 242.2926950764595 85.87397444478965 208.839378208384 131.87343290530606 184.891818227381 114.45781947288074 Oyster-Closed 0
144.28486243311636 314.25882941985446 126.07413585302493 224.4995457090863 248.40204477750012 199.68333724603613 266.6146562520553 289.440123410816 Oyster-Closed 0
109.97663036690574 314.4331716971804 42.74278748888901 282.9615133498441 86.87393600691576 188.69706054596114 154.1052380984438 220.16803345064096 Oyster-Closed 0
405.6413140307377 151.96834910927768 339.9302675204999 147.75748568380675 344.17304862373567 81.5568609472624 409.88323980487985 85.76769768535709 Oyster-Closed 0
12.476352409295941 130.23595555094477 82.1734562715501 108.0401836768949 104.53972637433617 178.27027127432535 34.84271359274862 200.4658229511761 Oyster-Closed 0
86.83035345290773 200.76097429464616 99.79690702637527 116.7704478356224 172.29412126977695 127.96226066106718 159.32855983304762 211.95190425218016 Oyster-Closed 0
65.84820662063066 429.38059447777925 2.8022522243554704 405.0075597751303 46.130210660456214 292.9648938571037 109.171850383751 317.3369974070467 Oyster-Closed 0
137.1255980521455 126.18417631996712 102.8602077940377 126.32290756218329 102.68569982104236 83.18525933637146 136.95081350549663 83.04652865970718 Oyster-Closed 0
55.612982239879784 108.65505432765066 83.30882921639932 78.81697966219592 121.7251394934101 114.47456702821586 94.02945517561602 144.3124856379803 Oyster-Closed 0
333.8379657280275 186.40555066950893 301.8405354703282 136.33151949856094 330.6680593754463 117.91154328537286 362.6654547027574 167.98533870787648 Oyster-Closed 0
0 318.936085 19.239261 318.936085 19.239261 380.242905 0 380.242905 Oyster-Closed 0
188.1054513399613 396.4536171249493 143.40891727029157 382.45077972669293 176.9404469371584 275.44641882136915 221.63427898165537 289.4488064882276 Oyster-Closed 0
23.236140439668816 150.63164553170935 0 128.30029038791082 32.104672787689196 57.571728385321805 67.65961771245202 79.90290960604895 Oyster-Closed 0
31.174613718379987 275.1962730860863 0 248.81794574335262 58.69330200034892 171.88946421544287 92.03698146041643 198.2672959115808 Oyster-SemiOpen 0
