354.3681149273507 195.82887005712547 270.39089970548594 260.70069489576144 192.49145665265314 159.86280357980522 276.46625156448863 94.99239466399986 Oyster-Closed 0
373.2642467231235 164.16506871935783 428.15132721780174 212.68608149318595 332.1852750737562 321.2308643671478 277.29960004263194 272.711323610877 Oyster-Closed 0
364.80475400726573 417.3009012892344 286.9106900130246 406.09806080921095 306.76036295634185 268.14070122444866 384.6477409381914 279.3430419152265 Oyster-Closed 0
320.6280909085508 412.7078566548681 242.14700920849646 451.73400731216094 181.56150711462033 329.92072345442944 260.0368927617128 290.8962418027245 Oyster-Closed 0
108.38884500001222 411.94784500000316 110.39734114903331 343.0335294184334 197.03102826441318 345.5582293323084 195.02458585743807 414.47047989675895 Oyster-Closed 0
222.87213585723293 134.87678766269732 195.88125023364773 119.13136252623173 222.894411497291 72.82642180218294 249.88509201068882 88.57177103419093 Oyster-Closed 0
159.339796111115 317.265870276325 143.72941444199023 225.42641719291282 267.78298726266803 204.34223563824645 283.3954742502465 296.17907286944643 Oyster-Closed 0
130.46579020228455 314.86251017593446 59.78729739568735 285.02862180742204 99.14986395584128 191.7907588684191 169.82567634595762 221.62401615011225 Oyster-Closed 0
416.00042791938904 157.681937 351.84996304060405 157.68193699999998 351.8503834952935 94.05994099999997 415.99996271272903 94.059941 Oyster-Closed 0
48.63003940582348 198.64572546252418 24.83249349763355 127.95827104724586 91.8500049100694 105.39714390177669 115.64789667447621 176.08394187784972 Oyster-Closed 0
109.57208120724681 120.52962471804062 183.2906325637996 128.36029456680293 174.34306203778033 212.58974344236833 100.6245247246261 204.75917003337977 Oyster-Closed 0
93.1590187871916 425.92865430375224 27.2893461820604 403.64044857200923 63.91821229128982 295.4230112050858 129.78349765736857 317.71040910719313 Oyster-Closed 0
147.42180225497214 125.28172857245848 113.2920576474171 127.20812792706243 110.91581368324114 85.10688427464022 145.04528737167493 83.1804926768121 Oyster-Closed 0
64.90424548382362 107.10579596703913 91.30336793991592 78.3894567351224 131.75062999778675 115.57224462127323 105.35167178447591 144.28842682393525 Oyster-Closed 0
346.6227562710628 195.51481078612682 313.80092562021673 143.05925419524561 341.85996243066984 125.50344138471152 374.6817637265849 177.95874646247407 Oyster-Closed 0
1.7537389999779407 301.44213200000013 41.18472089428906 301.21277837320065 41.63972468407519 379.42273751916156 2.208742884966341 379.6520857210491 Oyster-Closed 0
212.98775697188103 399.5267288339538 166.6129337065322 387.30934990421946 194.4880987514116 281.52891255509525 240.86009885339445 293.7459053861816 Oyster-Closed 0
34.9163530332371 147.9830609072761 0 125.84291116349075 38.26679294749556 56.090086405998875 75.92542577637505 78.23007378667756 Oyster-Closed 0
63.727025426625914 172.6857188821868 105.0494897817116 192.17605995273973 66.41569217150754 274.0784674791356 25.093446801547543 254.5884718957089 Oyster-SemiOpen 0
