223.55558213993572 140.0944544074085 223.90670925574886 87.70235354000059 305.00866323958326 88.24581814697031 304.65796528736246 140.637478535131 Oyster-Closed 0
55.85748137426344 158.14269542266754 21.81010147395864 118.82711165083425 80.04782692672961 68.39442862876217 114.09500553732869 107.70971425076745 Oyster-Closed 0
376.7294584476331 308.6821718125381 223.08410735072175 233.079746481018 282.9673078988162 111.39962004326985 436.605795799951 186.99997934622465 Oyster-Closed 0
286.58839376695323 364.98689542123805 224.73489800822426 452.4912960133854 0 266.82918475690894 23.8992715476561 179.33241062787735 Oyster-Closed 0
249.4499234630639 405.3418134050747 245.87992700553878 317.6340371612105 388.61591973069517 311.82307696784255 392.1896692102455 399.5271196274729 Oyster-Closed 0
323.1796809137886 15.525180991175983 366.74779675753234 21.55252266353591 357.68390841698056 87.0698102150203 314.1157959999982 81.042486 Oyster-Closed 0
413.1132821887404 82.26274882964216 377.8695656380296 81.23726588931399 379.4230784479696 27.85002016659956 414.666593999973 28.875499999999327 Oyster-Closed 0
140.44838600213552 127.97728146058058 114.04259900911711 76.88046431879496 193.0479507532982 36.05257310997604 219.45377999072662 87.14906153407927 Oyster-Closed 0
402.9309827329307 304.13152258555573 376.43561708132256 367.3251202997886 139.96838264634061 268.1848464782245 166.46533062281742 204.9948524526546 Oyster-Closed 0
132.00187899998127 225.23121400001884 141.2186199090538 141.36426416951466 256.49173649237855 154.0312591219676 247.27674909674897 237.89664878537835 Oyster-Closed 0
123.50812745677467 219.86900462846862 86.23367433629028 179.38257421931112 144.3190440274957 125.90867636962844 181.5930881095228 166.3946051070601 Oyster-Closed 0
71.16933708071883 171.35889614308425 64.19508780960314 109.61566083699215 180.94015103667698 96.4287624313972 187.91514861714677 158.17109774763594 Oyster-Closed 0
181.2144096548327 35.885925504589764 202.19971828810958 0 279.0129788325212 20.515146211414898 258.02778704080265 69.07848303524833 Oyster-Closed 0
192.69216825881085 55.44690601815823 162.9747566484548 46.869560294052555 178.97848192718084 0 208.6958120000345 5.788609520263601e-12 Oyster-Closed 0
