128.80752926235436 131.6539662656011 95.82124792385002 86.87835628973352 169.6907058892284 32.45930860655183 202.676875362562 77.23462050587933 Oyster-Closed 0
215.58414728432763 127.60905989000196 206.52218638570776 77.0691021325971 287.48441160852235 62.55250302243437 296.5466357459518 113.09209340233521 Oyster-Closed 0
47.43715731355769 177.36640730689518 14.531887383964204 148.8819046860737 66.91765234277045 88.36822057391174 99.8225633691327 116.8524604829548 Oyster-Closed 0
67.89292142614795 180.96710707503814 53.81272245344371 122.96941418567525 158.48405668580017 97.55885413370628 172.56476217320596 155.5557370701663 Oyster-Closed 0
136.4497317742571 220.66111304252362 92.23778761235735 205.51634181263222 114.6155808382573 140.19441844879523 158.82664798830956 155.3390274066975 Oyster-Closed 0
173.5726974128047 223.48510774838422 145.73316225387316 171.06281439274244 227.82421858174712 127.46962988832286 255.66383671028234 179.8911741239433 Oyster-Closed 0
233.05104935908457 221.6732032423286 256.0291737603693 92.55596756923023 421.9783014988425 122.08730604981692 399.00390620111284 251.2012394518756 Oyster-Closed 0
408.07362323649795 251.22044836715597 388.22296392878343 355.1357508567182 120.76127014344092 304.03533035477307 140.6173642559952 200.12569368721506 Oyster-Closed 0
303.59512066305615 334.1420124996415 258.1112885173716 433.17907458772333 0 301.80426221385414 17.521850824869034 202.7756695479904 Oyster-Closed 0
271.70515063469793 388.06971915495103 258.95847299855086 283.7785907036302 399.90574891481083 266.553136218729 412.65605410476564 370.84023059951204 Oyster-Closed 0
341.2309487125676 0 341.23097218184193 53.67468909532416 296.6617279999882 53.67465899999483 296.6617585754757 7.745748890919479e-7 Oyster-Closed 0
408.62056011427194 0 408.62057507602003 38.71948894053626 359.8672389545609 38.71947312884212 359.86725431135346 0.000004309502801071526 Oyster-Closed 0
