139.63649395123502 159.635103629083 104.37829101414172 106.79311297587658 172.15337412206281 61.57205319754529 207.41148943287044 114.41362481245207 Oyster-SemiOpen 0
218.90906722397267 166.19443408196975 216.75990332134097 113.380628079381 299.87734362165793 109.99831254460645 302.02701688328307 162.8115729415246 Oyster-Closed 0
67.99100645490762 191.24947048562578 29.31468148292697 159.4768024944357 72.5525851478451 106.84659243085471 111.22848500003602 138.6189800000135 Oyster-Closed 0
73.7826609342992 204.81055704878284 66.65239454736366 141.76207461232687 180.41621351359208 128.89669537127764 187.54740979158305 191.94405345989742 Oyster-Closed 0
181.47854695601563 245.55454724297914 175.6830449822155 181.26225161070454 263.7533097193518 173.32359417303132 269.54975444800584 237.61486723498942 Oyster-Closed 0
159.6854927206623 251.48433496092292 107.70339409036387 227.62563545215568 135.5419370891468 166.97889881078908 187.52296036755433 190.83731216621447 Oyster-Closed 0
248.46499371692698 260.0796845337373 281.45404943319227 142.17285709555992 448.98335826421317 189.042501444529 415.99908129135656 306.94517388903466 Oyster-Closed 0
421.0172712842286 315.885342332118 392.636474151157 400.8005008812824 142.4919876698259 317.197799784415 170.87610919276995 232.28835248829276 Oyster-Closed 0
350.4786975672323 387.36251548583755 303.0844741240726 471.883110086947 0 300.15917742565676 44.204812491614575 215.64674484704466 Oyster-Closed 0
416.00276539441256 416 309.3975272844 416 309.40056350254235 331.861584 416 331.861584 Oyster-SemiOpen 0
292.28642119282085 39.55226483458654 335.4649642410768 33.750929634306125 343.9573142356094 96.95794001736274 300.7787759879502 102.75925307955397 Oyster-Closed 0
414.1171198060292 84.56645813129964 369.0008734691437 107.30172474311445 347.55944801783335 64.75313540115494 392.67545576506745 42.01794040861687 Oyster-Closed 0
