208.6733137366391 132.43048623352269 199.13606953303315 82.25179927615523 280.21203974854143 66.84224013314164 289.74955258688715 117.02054389252552 Oyster-Closed 0
39.71458178817193 184.21005967714083 1.7201916464146052 151.47730295499005 54.33970148787921 90.40194330927164 92.33365100001174 123.1343830000096 Oyster-Closed 0
229.4335400794298 238.1906991491716 242.3048827508901 100.21166471764452 407.04707678717386 115.57884821177207 394.1796811660606 253.55413036341446 Oyster-Closed 0
296.10942903473915 337.1253911018884 251.70676543778245 436.8894908195568 0 309.46976529937797 9.80978553904788 209.71378602605074 Oyster-Closed 0
265.1222732152346 391.3573787490267 251.30550430664152 287.70187378292803 389.74462670788853 269.25033468133074 403.56491245847064 372.9018678154235 Oyster-Closed 0
334.23342053819215 0 334.2334492229238 57.8546823476138 289.5734889999985 57.85464799998676 289.57352383291436 7.676431584014662e-7 Oyster-Closed 0
353.1388725891229 0 401.8116850869228 0.02040750699492002 401.56438749092194 42.11368624517834 352.89157500433066 41.8277342506835 Oyster-Closed 0
121.32766600155082 137.5834811880678 88.3501109889985 93.28765352341917 162.38862707674343 38.16797356801288 195.36605717649581 82.46348359146104 Oyster-Closed 0
397.6252973578339 254.3638164413001 384.3271940044142 321.7811529071879 142.19751292505316 274.0167247960743 155.4985440467135 206.60285131306014 Oyster-Closed 0
125.36554799998703 233.3546560000192 117.99164550831483 150.882859430907 239.81835041284285 139.99012680196913 247.19374199141384 222.46035023258332 Oyster-Closed 0
115.53362604405265 230.60709957798971 74.31796434631542 197.09053272965883 126.17218484491241 133.32946920521772 167.38713980447938 166.84557955682487 Oyster-Closed 0
58.442512426183384 192.89932475411163 40.613491414220334 135.4162731662103 155.85320263582253 99.67442181104073 173.68271446872677 157.1565387674818 Oyster-Closed 0
151.7606292288874 40.64138797403248 162.56861128586752 0 243.34975717993075 5.719739830834124 232.54187689809987 57.50190827400351 Oyster-Closed 0
164.30596818887716 57.629844961966675 133.80363381033385 52.65440782812466 143.20407739487564 0 173.706324999981 0 Oyster-Closed 0
