143.55871982712415 130.5295049513091 112.95967284506696 80.51656605759915 187.94822559006934 34.63744888845601 218.54724572191844 84.65006754408206 Oyster-SemiOpen 0
306.39271560029374 81.50236401152061 308.07683779652143 133.71195100417097 226.29836656482075 136.34924704614988 224.61466426058178 84.14005163673252 Oyster-Closed 0
62.943671651064506 165.55214342525275 30.10612429502362 133.3930069579671 83.07164622960772 79.31187318544613 115.90892460944815 111.4707509562835 Oyster-Closed 0
74.92665074864635 177.35761074907057 67.1052233823757 115.81416094967811 178.746866130532 101.62615741135502 186.5690227812629 163.16869118895315 Oyster-Closed 0
173.78209823944053 216.72235992134736 167.15540387112924 153.70917532051988 259.0425399512387 144.04617472909422 265.6700492364871 207.05846429263585 Oyster-Closed 0
145.91660503112507 224.27720923649733 100.5762443731619 196.0639195221119 137.73370340827023 136.35423447705378 183.07331070903092 164.5672156272851 Oyster-Closed 0
241.6403016775621 231.67043039001143 279.09535857373703 108.36124909881491 445.1120921163274 158.78582036626332 407.66135794640286 282.0913032749339 Oyster-Closed 0
421.68755046439037 290.47378941001836 391.98227408795356 380.18273326231173 126.9753987662807 292.43131325108453 156.68405736335626 202.72830683909032 Oyster-Closed 0
317.50813340709647 356.3702310429693 264.11774417561173 446.664396522105 0 278.8852449606328 33.73157920562153 188.59919359339992 Oyster-Closed 0
279.54901242275446 401.98336638409 274.48757918697083 305.341676406107 414.64702075672176 298.00075657015014 419.71235941023406 394.63846818382655 Oyster-SemiOpen 0
315.12507197724335 6.976040848899114 359.48426607503643 8.21581405473173 357.6633650511794 73.36768443880948 313.30417100001796 72.1279140000004 Oyster-Closed 0
416.0000662256389 67.49934800000001 376.6495438916645 67.499348 376.64963890972285 13.113703000000017 415.9999948902441 13.113703000000017 Oyster-Closed 0
