301.95452820121864 71.74825702960788 307.2688170965921 123.68486069067309 225.68595740286764 132.03193725106706 220.37207976875652 80.09569914835208 Oyster-Closed 0
64.3475792641002 172.63113902913085 23.78195418314135 138.00649952192566 73.02116509537154 80.32073910420198 113.5863799999861 114.94508899999225 Oyster-Closed 0
249.6481087419379 238.48769166833614 270.96567227745254 102.79006923408784 436.9773620407577 128.86854606342825 415.6640525454459 264.56226986228796 Oyster-Closed 0
332.1559818640635 344.97527185180803 285.3057485958743 438.848331360403 0 291.42702921914065 36.74992826070229 197.56242983706565 Oyster-Closed 0
416.0029782114907 391.188041 290.95540442081983 391.188041 290.95992275358367 282.19109099999986 415.9997182215302 282.1910909999999 Oyster-Closed 0
305.6379100000195 0 350.07229068803645 0 352.6415959543665 60.07524318124136 308.2072153404115 61.919025151853305 Oyster-Closed 0
415.9999968695811 0 416.00001888395855 51.38080447076113 370.11681606650745 51.38077546892281 370.1168457521635 0.00001685757315521279 Oyster-Closed 0
142.4811440948215 132.07065270883604 108.51999309506937 84.26029949721064 180.32687565142623 33.254376328274205 214.2879306557952 81.06442229236549 Oyster-Closed 0
421.73496478239394 265.4546737165667 404.81656907149954 330.659473339806 167.04151349676977 268.96345966255114 183.96237899742846 203.76214461812293 Oyster-Closed 0
152.5764470000031 228.10595600001565 150.43756470450535 144.30770312360693 264.7205135623153 141.39038305697 266.8609049261686 225.18714554861398 Oyster-Closed 0
142.9802158013881 224.1761561557755 98.89576660897364 188.91097694705613 147.30357474812627 128.40129432772238 191.3873253669699 163.66603580429626 Oyster-Closed 0
81.12752562523383 183.56314671563428 65.94577801636842 123.06302212133158 180.26496835022772 94.37676191995699 195.44728860739997 154.8759677436146 Oyster-Closed 0
167.1275898708518 35.201613721085266 180.47996174396758 0 263.21863838318677 8.269483275525317 249.86636609031848 57.597586182022965 Oyster-Closed 0
183.99484351155843 0 183.99486313188027 51.962338777649286 152.90164106116572 51.96232065618648 152.90165930226067 0.000007107923596294103 Oyster-Closed 0
