130.0898018769294 158.76206523734567 95.68205856620261 107.79630081959436 165.47233876484097 60.68094299814076 199.8799875384393 111.64629266638605 Oyster-Closed 0
292.03241242071454 159.00505922749383 210.5778582201565 163.09234078582674 207.94230750398856 110.56195460464868 289.3958541841057 106.47469827568786 Oyster-Closed 0
55.40647035153961 193.60052435958642 18.533683829504298 162.3206073069074 64.70247303198994 107.89946557673856 101.57484299998032 139.17908999998554 Oyster-Closed 0
180.86928473551598 167.20215642904378 155.9916034680864 225.6890186931432 59.05369214851453 184.45696592481897 83.93172044443054 125.970972759911 Oyster-Closed 0
149.8066144076074 243.66149925556462 101.75560143655457 231.47362432929663 118.02166819192644 167.35139199632007 166.07159551595396 179.53912348772195 Oyster-Closed 0
182.92662249687783 256.3406628140114 156.73913022861234 197.31559005062678 233.82230460032588 163.11889944735185 260.01007032866255 222.14305895276902 Oyster-Closed 0
235.83854288546718 256.67585828659065 270.0823815671283 135.98027418053854 444.2934183361176 185.4037365412747 410.05457864152413 306.09501335598725 Oyster-Closed 0
422.6322588177827 309.57886998794686 393.35744958026044 405.70232934325884 128.14752642222447 324.92960004655185 157.42691040101272 228.81237670245585 Oyster-Closed 0
332.5557454445261 383.03223363593037 284.51168373872497 471.13012721921393 0 306.09485960085453 29.900685772663564 218.0059558226913 Oyster-Closed 0
416.002818218476 416.0000000000001 289.212739601513 416 289.2168201258173 323.573352 415.9994722876363 323.57335200000006 Oyster-Closed 0
337.65314491936806 91.30322389017432 293.5264680000073 97.48792300000076 284.71759466916046 34.63769956858334 328.84397276832533 28.453021372454362 Oyster-Closed 0
362.1133424385189 99.58939598975851 341.10141259275406 58.18086308995477 388.3651258972095 34.198025731269155 409.37708156435474 75.60643606076971 Oyster-Closed 0
