138.77251336699192 133.90892977984126 103.51553606289599 87.69522389446476 174.07554053870263 33.86494945922607 209.33238515476842 80.07835148741408 Oyster-SemiOpen 0
223.49556569424385 130.74649994647623 214.8197327210437 79.35257784506977 295.69616331736324 65.69994478703588 304.3722789478452 117.09348563208421 Oyster-Closed 0
61.38968978754565 177.79931519903437 25.838824063430366 149.2429287006739 73.8088470899711 89.52569630525248 109.35931151382829 118.08182923223985 Oyster-Closed 0
75.20344729353383 187.8781926139942 60.791957012243074 127.85566338637705 170.4549933572489 101.52622808086633 184.86706539155057 161.54782950244496 Oyster-Closed 0
177.26191582312458 216.0955597188725 163.85390309624927 154.47316908213446 254.86902441899656 134.6704855218187 268.27767741961725 196.29202271538242 Oyster-Closed 0
149.7396225899647 226.85482211338132 102.19446095958119 203.2030522227701 133.64194702203895 139.99198442701666 181.1862190157517 163.64349063130553 Oyster-Closed 0
246.99775052308541 223.69382581010885 270.6256601499372 96.7012933148544 438.6705899352237 127.9656911673108 415.0465172090335 254.95481310805403 Oyster-Closed 0
419.15255761241497 259.43533611093517 399.4967429059325 352.13326931787924 138.3366162678176 296.7511846428839 157.99690414221914 204.05865475202904 Oyster-Closed 0
332.82696513092014 338.70236496544555 289.31267912191834 434.87791218140967 0 299.77384421634275 34.20337042957908 203.6069236701046 Oyster-Closed 0
416.0029317586959 383.318578 291.9258148567642 383.318578 291.93024266394787 273.10419699999983 415.999730979438 273.10419699999994 Oyster-SemiOpen 0
299.20115900001474 0 343.586755231765 0 347.09422973132314 54.465373893685936 302.708633506194 57.18765727561745 Oyster-Closed 0
412.24554158791943 0 412.2455603377057 43.22096551625312 363.91252331208307 43.22094542567779 363.9125430259519 0.000007707442958649985 Oyster-Closed 0
