134.18125020470325 131.0021755427811 106.95499422615467 81.07296514740482 185.73544627917 38.114730692700114 212.96172416965783 88.04360675681279 Oyster-Closed 0
218.09513783873263 140.8147450790581 216.92299724535405 88.57996629231194 298.02677354809566 86.75998531653424 299.19932736916235 138.99432495740496 Oyster-Closed 0
49.28181068032063 163.7513763814899 19.711948983756884 130.74517486233475 77.78107284010548 78.72328447019824 107.35073541556994 111.72921531999086 Oyster-Closed 0
67.51413796983616 171.16842545631908 62.32877493275009 110.55802107623244 168.3486587309235 101.48788015362267 173.53472216290902 162.0974687633419 Oyster-Closed 0
130.89436554662825 220.8319789801879 88.63610288012205 200.49276516142695 118.61648394497388 138.2078873906562 160.8739772026929 158.54688410935088 Oyster-Closed 0
166.33298455823387 230.49938851702024 145.745884489319 173.37250848145976 231.2633918810934 142.55584223777785 251.85088661263944 199.68187153340693 Oyster-Closed 0
222.42451883729154 237.21971828432058 266.13887364939 113.03847978345922 425.9928706462524 169.3070650964308 382.28295923672704 293.4845290488797 Oyster-Closed 0
397.13117463472736 296.25374475480334 360.97915542595 396.2615537401123 101.99803290150521 302.6418037359873 138.15390358871446 202.63985958790656 Oyster-Closed 0
281.2468685544045 363.0289883769488 220.9005575162082 452.84128005848424 0 275.4307870402521 17.178893126856565 185.62631225684075 Oyster-Closed 0
244.14001561273108 406.6277700419024 240.88466554155093 313.29076925558644 383.98517668848217 308.2985480713739 387.2445405734725 401.6315898553769 Oyster-Closed 0
316.28343386473716 13.401616313970905 359.8224927387455 19.17297590638955 351.0871828548443 85.07181452649817 307.54812700002003 79.30047099999993 Oyster-Closed 0
410.5700415905776 78.70303154579018 371.2522451598852 76.41303981442411 374.4417836447283 21.652944269925012 413.7593753478395 23.942929730211354 Oyster-Closed 0
