296.1737754662681 46.887151947898936 366.9869893325231 46.611133860623035 367.45655652576534 167.07801100946554 296.6433426329786 167.35402597781135 Oyster-Closed 0
89.18678599998748 188.23322000001758 71.84747901032824 127.90053968211099 200.73206424985256 90.86051306013898 218.07197150347565 151.1921803277673 Oyster-Closed 0
329.87597909856777 170.64598858592072 295.1129843044073 207.0482946374425 215.16122660573456 130.69960057080002 249.9237149814362 94.29785451372864 Oyster-Closed 0
9.255504688844667 187.60671433024535 12.563165000010486 116.01505400000275 104.17686659096216 120.2475921157446 100.87014270140571 191.8383298523846 Oyster-Closed 0
192.281952000023 186.43551800000088 266.24807808510013 142.31902124613694 324.76613526861183 240.42455410198036 250.80069402679146 284.540108843325 Oyster-Closed 0
226.1010877037079 305.17718232932873 126.63236976541157 301.56066666932156 131.18271447965526 176.49334333886497 230.64600226511175 180.10975828808913 Oyster-Closed 0
416.4402248471197 228.05921872843658 416 295.80069099997877 311.17993711655436 295.1175014685479 311.6217819999911 227.37765700000304 Oyster-Closed 0
43.192638873460965 254.78827695666536 132.35253775781166 215.23874460861344 212.0181261398793 394.80854280148554 122.85960925822656 434.3558489609521 Oyster-Closed 0
168.39607973072634 119.66104894950763 95.0867488863878 78.8025643291447 123.76190357161249 27.3538812366847 197.07083062969832 68.21222752040893 Oyster-Open 0
155.6669563869873 82.20808742536418 109.49442155836368 161.39714245700458 0 97.38624518724245 45.88373577667517 18.19790052377409 Oyster-Closed 0
63.55099548766157 22.49516558327639 88.31247524575883 0 129.57967174838632 30.654543574230335 104.81823426685878 58.800283588684636 Oyster-Closed 0
97.31465335295434 1.7213619387263892 115.43425875193861 0 141.40067285077384 44.85725533221788 123.28107535050367 53.87813859868518 Oyster-Closed 0
