290.68912659010675 44.55821213947656 361.26576059825675 46.33520315612861 358.25144211012594 166.05283586758966 287.67480913652616 164.27586448706808 Oyster-Closed 0
80.03954400001749 190.59635300002105 62.06217103133895 131.28136289932215 192.58647537490833 91.7224767201402 210.56442857369257 151.03644758404928 Oyster-Closed 0
320.7053330965791 168.82360382324575 284.93496348825283 205.81708490866637 207.37825858281576 130.8271293249397 243.14811366776848 93.8342001139809 Oyster-Closed 0
3.616887156484154 191.45803784312074 5.690781000008428 119.68774099999261 94.28257027580912 122.2476201276738 92.20958665936632 194.01700475903905 Oyster-Closed 0
182.95135400002255 187.0014969999909 259.1059255493201 143.46034905998198 313.8897315527429 239.27241085259598 237.7357924840835 282.8126619116982 Oyster-Closed 0
213.18403776377818 306.0649395851474 114.34609650011771 299.6125499791459 122.4947581311535 174.8449561245329 221.32729987203857 181.2971649552857 Oyster-Closed 0
416.0016107257434 292.69877500000007 300.3971679969909 292.69877500000007 300.399273331288 223.05256600000004 416 223.05256600000004 Oyster-Closed 0
31.974666974932916 257.3986541852393 123.35218247410012 219.33368257029204 196.95019066589884 395.9835151461857 105.57391581113552 434.04638804665893 Oyster-Closed 0
102.18530600001031 58.45006700000215 153.43825551117334 21.964950678614017 198.96450025038575 85.91822870273724 147.7117087592378 122.40316199448357 Oyster-Open 0
149.17984453936515 83.21895173107337 102.46172934718561 164.19347184074263 0 101.77996749322138 41.00099615308136 20.806183611440364 Oyster-Closed 0
59.3113190088261 25.272867990084762 84.74743758367549 0 124.84368786022969 32.188563943206844 99.4076162776073 60.853090145883534 Oyster-Closed 0
93.56112748297892 3.854256478843247 112.16823282244877 0 136.41227888766298 46.491850363007536 117.80518133231453 55.26626858822058 Oyster-Closed 0
