263.1043093724438 70.41228970840696 333.925149748331 70.54894033839234 333.69341886973416 190.64333806609756 262.8725785214665 190.50668931463343 Oyster-Closed 0
55.260017000022344 218.82768400000242 36.4706447262688 159.45271348820958 166.22519144761463 118.39296331837343 185.01522398375891 177.76671970319867 Oyster-Closed 0
296.08354942544975 194.2018324800331 261.11213302046235 231.69362944785166 181.59580655181344 157.5262614256457 216.56666453501384 120.03512156812035 Oyster-Closed 0
0 150.123934 67.620272 150.123934 67.620272 221.716332 0 221.716332 Oyster-Closed 0
158.38137399997868 214.02814800000203 233.41709124282352 169.01073473097517 290.8142768491016 264.6732457776812 215.77933120937814 309.68960621090457 Oyster-Closed 0
191.48557444489052 332.66956926024534 97.97201793285785 328.73557805827414 103.239271932267 203.61590806282646 196.7471553609539 207.54977762960547 Oyster-Closed 0
277.46684805331097 247.49751627111388 398.4518759999992 246.49598300000014 399.0367210751938 317.1358758186292 278.0516928492834 318.1373914117822 Oyster-Closed 0
8.68554775492521 286.4296530155514 99.06794493594862 246.42044230253043 170.55396923429726 407.88184746835395 80.1728940168723 447.8889066476109 Oyster-Closed 0
134.65119187022356 148.23638916133922 62.257791008501954 108.18637820095738 91.28888616386757 55.71221631276961 163.68170436274158 95.7620288933627 Oyster-Open 0
122.15517463389915 110.54663768798483 76.81710819635555 191.95642252201128 0 131.15682546929088 12.981580339648644 49.74808603698475 Oyster-Closed 0
