272.613874995488 33.56548637588364 343.3321463620741 30.399392703655845 348.6292205296304 148.714235037393 277.9109506876048 151.88029883985647 Oyster-Closed 0
72.56998699999895 203.94426199998009 48.686664749162446 147.97168761542753 176.85326303962938 93.28505984544394 200.73693150346662 149.2566086395127 Oyster-Closed 0
311.0079682351825 154.1497460089159 278.381591239071 195.39862945336392 195.8748239483175 130.14057892359884 228.50090611875567 88.89226389117992 Oyster-Closed 0
0 141.212373 84.408293 141.212373 84.408293 212.84272399999998 0 212.84272399999998 Oyster-Closed 0
175.04334099999323 188.4122139999963 248.7459192655915 137.41053112263333 309.6031911203536 225.35013956332395 235.9014073131366 276.3508371614642 Oyster-Closed 0
213.52001350986393 303.8777288624678 120.18556078494657 304.298053775147 119.62843849944693 180.02650239511294 212.95777363943853 179.60618927287007 Oyster-Closed 0
294.80204738852626 202.16627094026595 416 195.49307800000014 419.9128160447617 266.55103932619 298.7148679090242 273.2241334343914 Oyster-Closed 0
29.030463480707112 275.37224772527554 118.73375339101403 229.21432235353143 202.5237902642766 392.0257085217427 112.82223241885731 438.1811400200362 Oyster-Closed 0
85.46846499997991 70.29542299999241 134.29509919568227 28.390583490860504 184.10824674433388 86.4314591495288 135.2818244008231 128.3360757692256 Oyster-Open 0
133.6446932948893 89.19753977421313 95.44971950468607 176.17513636252306 0 126.46953664596802 20.45551461747891 39.49284223966564 Oyster-Closed 0
