274.44772194985126 32.6195186399843 345.0496391819797 26.984643519732415 354.52932311133554 145.75872222186788 283.9274112977437 151.39354500054708 Oyster-Closed 0
79.85427499999787 203.52016999998872 55.16396732404246 147.16107991338623 181.28424147680562 91.91086243441221 205.97486662801384 148.26893576593477 Oyster-Closed 0
317.20084018712805 152.41902025679985 285.73145010782173 193.69814802674335 200.70531354118793 128.8797082527937 232.17444445211368 87.60115304655417 Oyster-Closed 0
4.943980320360424 141.5770737225839 89.45536561612971 138.62604565396214 91.95005173033496 210.06536339387674 7.438670278599602 213.01635891392914 Oyster-Closed 0
182.0145569999804 187.3892780000048 253.4850238629806 135.11455001000976 317.9781420853178 223.28488026590944 246.50852980833224 275.5585848280727 Oyster-Closed 0
224.5881583791852 302.08082531767394 125.36785761981082 305.9932544940781 120.45918919454925 181.45737690417877 219.6740348342537 177.54505803257442 Oyster-Closed 0
302.96966155429254 205.41470050137139 416 195.22727400000076 422.23072016560036 264.35154655710056 309.20039525081665 274.5388260122824 Oyster-Closed 0
38.87837041955572 275.5044325984908 126.29011780095607 227.22798070964612 216.42708125450372 390.40841165163323 129.01726916219923 438.68221252915964 Oyster-Closed 0
88.11449899999207 69.79595399998813 135.33067475451026 27.32075983314576 187.38695819184068 85.18710024056934 140.17100335203213 127.66206688691528 Oyster-Open 0
137.32047796273037 88.52801839713939 100.47935068552397 175.04838815334324 0 126.21345114432559 22.6335203543822 39.69398477276876 Oyster-Closed 0
42.028014402236295 42.20420238324561 64.097500502412 10.48360469638036 107.69658253351736 40.81746798641054 85.62717193228673 72.53800024293558 Oyster-Closed 0
73.81612429326196 16.71472693271754 91.4987479777119 5.840679256195814 120.99189811313408 53.800326341827834 103.30928988096275 64.67435417062387 Oyster-Closed 0
