306.7108824893985 78.83190399109213 376.67245853175336 90.96518080352425 356.2243440677703 208.8670570554835 286.26281709728937 196.7339638320167 Oyster-Closed 0
77.97980799999277 179.8811510000227 71.86526231247626 117.75280457593571 205.26949580511427 104.62330097248226 211.3849782802463 166.75057920911348 Oyster-Closed 0
318.3483430823835 205.53618576219372 278.02557327016984 235.29512441029834 212.4653075200622 146.4666121996326 252.78709748641995 116.7082054041954 Oyster-Closed 0
0 164.92454334432642 14.908955999999307 95.58068899998888 104.72186608694028 116.14399619187745 88.8455615170933 185.48703224991468 Oyster-Closed 0
180.0101009999962 196.56806600000553 260.3172543996334 165.82929007808272 301.2597203932819 272.78558555259923 220.9529355415798 303.52363465881365 Oyster-Closed 0
192.78785848337793 318.63087103359084 100.91469900392622 298.8225059004256 127.1089696486597 177.35777535072668 218.97718517036628 197.16557985778894 Oyster-Closed 0
414.8627699435274 278.51812080080106 403.45660187008616 347.35303849178933 279.2449648080765 326.7713289239348 290.65295999998125 257.9387769999907 Oyster-Closed 0
21.09734826661952 236.88710634232282 115.69237462959791 213.23987477344292 163.26387044879448 403.5098142874137 68.66934729530112 427.15574037071667 Oyster-Closed 0
167.91131802325253 127.16558398427632 103.01983955129617 73.68696032678888 140.264245203467 28.495037815074923 205.1554332534579 81.97346487709608 Oyster-Open 0
161.88871920918245 88.07063267241959 103.07143976009684 157.62011591131645 5.713254215181223 75.28560307043307 64.53025535493362 5.736621876720644 Oyster-Closed 0
