276.6776649999738 64.17456900000094 346.9878942776122 60.63142355015054 353.0973512069577 181.86502761223178 282.7871248755764 185.40812662649986 Oyster-Closed 0
77.38031499998397 208.76564500001086 58.6213379338551 148.35854484554156 184.62325630107807 109.23081086352364 203.3828579098772 169.63677462827764 Oyster-Closed 0
316.0803212865758 187.12612703789011 282.9301434867266 223.87557267429216 199.79459411368953 148.88556701532423 232.9442773916744 112.13675677104379 Oyster-Closed 0
1.1570915363881795 209.62640644385888 3.217681000005541 138.2446899999918 90.8335660158591 140.77381686515741 88.77397580663819 212.15453104410224 Oyster-Closed 0
179.82751700002336 205.17352800000225 250.94820554446414 159.18445814929746 313.97809168587264 256.6506857771615 242.85823576788243 302.63867631349086 Oyster-Closed 0
218.97652283613206 322.72525915885836 125.70348013531111 323.6885109091752 124.4114084952671 198.32343329620568 217.6789667371413 197.36021028872747 Oyster-Closed 0
415.99989932074095 241.06317146013123 417.7792933395831 310.5802512680143 302.1949617761675 313.53607071048253 300.4175879999966 244.02101500001837 Oyster-Closed 0
34.85254841256756 276.3389412218201 121.05114527839396 233.96180470770437 205.42565466405722 405.5574931505177 119.22869273065226 447.9321869185775 Oyster-Closed 0
153.22646094644006 138.32814009916623 77.6444946841948 100.30150193473699 103.71292086095855 48.489305029342354 179.29433269811489 86.51577885020991 Oyster-Open 0
138.82004338039042 101.7657276525183 95.0387904226809 180.87264183743693 0 119.062057149467 27.13603153058284 39.95604257128643 Oyster-Closed 0
71.90506725787054 24.789852697243692 88.86379141331417 13.126940640598438 122.52711736879064 62.07574447280011 105.56841583601636 73.73862868873942 Oyster-Closed 0
88.6241729966896 73.14300045452762 48.32469874638264 71.36655825258948 50.39433048484716 24.418011988293035 90.69365542593368 26.194451083662614 Oyster-Closed 0
