279.3732719999862 63.84808599999971 349.8192810949877 61.525320468762885 353.80808691002676 182.49727598719412 283.36207894770996 184.82001112973904 Oyster-Closed 0
77.37680899998668 205.98132299998178 59.42458512153462 145.48086516084194 186.3012306859855 107.83401995655177 204.25410197026576 168.33335102301348 Oyster-Closed 0
316.61592422838294 187.102432206911 282.87866384386507 223.5088718427981 201.0040650333467 147.6402168678386 234.74080235996007 111.23440258435245 Oyster-Closed 0
0.2437027901651163 205.91921747520607 3.1321460000253865 134.56976899999637 91.68779529920357 138.15461803192093 88.80035435535683 209.5030728243824 Oyster-Closed 0
179.9753190000083 203.58675399999203 251.99880984767515 158.52981934617895 313.35368975000165 256.5980217248573 241.330990747927 301.6539059327886 Oyster-Closed 0
217.10298292115112 321.59485495538337 123.73641129485259 320.9278792569987 124.63374450841002 195.71785804534392 217.99486866110965 196.3848139877916 Oyster-Closed 0
415.99994353658985 242.1566949092874 416.9869807315263 311.65665761849 300.9757326089202 313.30167734930114 299.9907030000031 243.80374800001675 Oyster-Closed 0
33.61415408509856 272.95949117875284 120.71866481389225 231.81923142096184 202.77820903414613 405.5313393446716 115.67523765545411 446.669229754376 Oyster-Closed 0
154.45580509377396 136.614883631066 79.66366445372842 97.3793638181566 106.67430541043723 45.89218203375152 181.465918002712 85.12753579019783 Oyster-Open 0
140.6808155237777 99.76383392712117 95.8377007229501 178.49086411921462 0 115.37319918167894 29.87029952038938 36.647037125742386 Oyster-Closed 0
75.10966781366005 22.10957060156213 92.29251652686071 10.663688025937303 125.12986675892171 59.95983873543836 107.94703863561153 71.40569548945118 Oyster-Closed 0
91.00053149841551 70.61606988127022 50.71212629201909 68.13090988591605 53.59494455697131 21.397273051126735 93.88321028258724 23.8824289904334 Oyster-Closed 0
