422.7206472778671 96.87846329239241 401.9481357644436 158.69207024283492 289.68833501429253 120.96694625231633 310.4612047639639 59.154011088270046 Oyster-Closed 0
369.5315581890318 165.32441540706645 329.63549717179194 198.75203409627744 255.46684082407592 110.23353990309054 295.3622036476554 76.80638828844589 Oyster-Closed 0
213.0839297832681 190.5288731001426 228.47697579821397 131.55112397969222 370.5719176661951 168.63495551449654 355.18045290382724 227.61135031841073 Oyster-Closed 0
189.42145485116635 232.27831943919946 210.66819979623324 149.24260073267348 265.2470479662661 163.2073324463055 244.00125830009347 246.24221925792756 Oyster-Closed 0
411.1964447256869 243.1514124591976 368.38185664881894 244.89444105358925 364.59898868668824 151.9615742926131 407.4121812569865 150.2185742984224 Oyster-Closed 0
403.9749540195371 299.3709333534727 280.55305522542767 333.09725313991345 250.4573749056908 222.9642447664215 373.87313548934253 189.23881132056383 Oyster-Closed 0
268.62327399314745 245.22116976255415 256.43693214481027 309.2794967399284 142.94938625155555 287.69019675082046 155.13703897935557 223.6335806831458 Oyster-Closed 0
136.17485627567658 413.15710963820874 23.34637907960132 423.50485043662616 7.847267030003422 254.48212116044277 120.66452088223014 244.13489942768706 Oyster-Closed 0
128.69737700001133 415.9999999999866 128.70066981995114 365.2431789225844 242.669183742084 365.24908197173903 242.6678869023781 416.00392766983765 Oyster-Closed 0
285.8693087716383 139.0226778816177 199.54861404674375 135.0345012733023 202.33901193934435 74.65191708240822 288.65872425733323 78.6400708966012 Oyster-Closed 0
