416.5577013965885 89.99370947970708 396.8528539441977 152.84628844512986 286.1096073857625 118.12708836906508 305.81482237655655 55.27514986432903 Oyster-Closed 0
364.328522734475 160.27008474451128 323.84026515851656 194.44174856693775 250.59867576852048 107.66356816135131 291.08626068044396 73.4923602646358 Oyster-Closed 0
208.5060744940747 189.34149011016197 222.73503659745256 129.57297053917713 364.5336852213841 163.32830750635898 350.3062755373976 223.09548924065606 Oyster-Closed 0
183.67448255311683 231.47480377693918 203.26997891687643 147.34639896277525 257.6253127916716 160.00650966107878 238.03075878578238 244.13408883974094 Oyster-Closed 0
405.12449155618015 237.785565821514 362.1889527281128 239.0373254405584 359.50247699327883 146.87028843081362 402.43666490112446 145.618548623748 Oyster-Closed 0
397.65908247525294 295.11286274413266 272.71855937386863 328.0619250837489 243.5941944801816 217.62605744680698 368.52857705551287 184.67784891164402 Oyster-Closed 0
262.31522897231116 242.45119281547062 251.50849151155126 307.13690156183264 137.4784764168362 288.0864275606699 148.28659424922807 223.40243631632188 Oyster-Closed 0
127.74855679466782 413.61693287226626 14.338639056411921 422.7328691278048 0.9584141794111929 256.23741094055134 114.35716359954677 247.1219270969684 Oyster-Closed 0
120.61590700000306 416.00000000000875 120.61931298781928 363.78433683769094 235.4520948663776 363.7903466150823 235.45075390101192 416.0039655196484 Oyster-Closed 0
280.7931422320107 136.3601212907149 194.5775466747291 131.3716711363239 198.07397946123092 70.9532172513329 284.2886147557583 75.94163931776092 Oyster-Closed 0
