432.07292645411144 94.70042550679605 409.2995446951827 156.12809015558545 299.47690417310514 115.41294437141217 322.2505817908386 53.9859165603869 Oyster-Closed 0
376.6187866473156 161.83640353121388 335.1079979276292 193.92353956468193 265.12197559445485 103.38544995788159 306.6320206428827 71.2987423334889 Oyster-Closed 0
219.6785787377412 182.58196244884178 236.90629142553007 123.88358046456784 377.1165334550933 165.03208885484307 359.89034575822734 223.72917381790927 Oyster-Closed 0
193.78717970978323 223.48467626914908 217.61060280246602 140.83453048034795 271.42461982698296 156.34546710774697 247.60211142605112 238.99482272647649 Oyster-Closed 0
414.5979967697058 241.07897023476454 371.74729635452604 240.8296877777726 372.2865315201125 148.26371897918193 415.1358880731859 148.51299755678446 Oyster-Closed 0
404.9663622235021 297.5025427753243 279.66987806378893 325.705033320209 254.60350466119053 214.3411284998703 379.89376670125785 186.13936583624118 Oyster-Closed 0
272.06570566803566 238.6387426546937 257.94763469648024 302.46970472560116 145.26123319850376 277.5465379915913 159.38048721642917 213.7172230174905 Oyster-Closed 0
132.24580062237146 409.33998595172295 18.955528626516752 414.4489392027342 11.07101518273339 239.52617535869732 124.3503020368662 234.41746529509246 Oyster-Closed 0
120.57236994128107 415.99988154484834 120.57614443721104 356.79823317217813 241.67822858892032 356.8049611185272 241.6769059120852 416.0041303347655 Oyster-Closed 0
294.2103129407624 133.3510171938635 208.29548834676098 125.36775800279217 213.88970845509175 65.17011693627524 299.80362415545824 73.15333331896836 Oyster-Closed 0
