412.6030177011853 33.41696487545069 402.4461856977541 99.03637171280498 291.3595981599101 81.84155520457799 301.51672955664253 16.22249865399915 Oyster-Closed 0
370.623551889541 111.21595484273166 333.69539203410386 151.29206595372386 252.67972878504952 76.64079609816771 289.6075851006135 36.56504299315076 Oyster-Closed 0
220.37117282508916 163.69379492068725 225.4526068644118 102.21709462168934 369.738019944416 114.14215421801075 364.65774361914737 175.61777655771544 Oyster-Closed 0
198.31511373172543 208.95287250640712 205.03190633429404 122.5094079954051 260.1018256563766 126.78840963815475 253.38579253441276 213.2311534173105 Oyster-Closed 0
418.66936995392825 182.83906128360772 375.7192926255302 188.1658894455235 364.609938608206 98.59056956130405 407.55905709696526 93.26380184616202 Oyster-Closed 0
417.3016235240684 241.79312235228363 293.976021554241 288.0596810167328 254.15744115014604 181.92373875737573 377.4782956692143 135.65817044048504 Oyster-Closed 0
276.6999204273561 207.84700663988602 275.7903295357173 273.4251439320209 159.27732172694596 271.806885925741 160.18849589027377 206.23032824514615 Oyster-Closed 0
159.04819247509295 400.0025628096523 45.848827734986116 420.0723832742498 17.201863165111718 258.4994179712995 130.3906660132925 238.43055829771677 Oyster-Closed 0
151.1530050713227 412.2027611301042 139.4494966559687 354.9521326720461 257.47176837772713 330.8296999488102 269.1769560112989 388.0781021887898 Oyster-Closed 0
285.2775684767621 101.07616915574465 198.75301669424516 104.13951272340033 196.6227537328632 43.95979346944901 283.1466190079518 40.896462313167476 Oyster-Closed 0
