427.8506682372645 110.86597802020887 401.7973156489825 171.63241910699946 295.614538288788 126.10724058220657 321.66813147216453 65.34150516360957 Oyster-Closed 0
368.8037171233227 175.90292157345857 324.86329131558523 205.69753748293564 261.2784035101977 111.92654691432088 305.21790240520204 82.13235984324474 Oyster-Closed 0
211.20319808313798 189.47603027516243 231.4414337309936 131.23022314570719 368.5812003894607 178.8780527800574 348.34456835252786 237.12250498929188 Oyster-Closed 0
182.1122640891699 229.02696193682388 210.16353449652524 146.9982342657168 262.753918750499 164.98166545737462 234.70358948826106 247.00958771120452 Oyster-Closed 0
401.7400345415481 256.9460826619343 359.5518087360724 254.48908214058144 364.93963027064456 161.99955537936017 407.12641820610224 164.45651389644843 Oyster-Closed 0
387.77318548172843 314.02768611904435 260.2238038426476 333.5944071931371 242.84789884250858 220.31905743581675 370.39049538941254 200.7528673374108 Oyster-Closed 0
258.94395743421046 247.7172005942146 241.66197819660374 311.2144838797633 130.46523590748984 280.9517192340181 147.74827429935976 217.45610970679814 Oyster-Closed 0
0 236.522698 110.241579 236.522698 110.241579 411.782007 0 411.782007 Oyster-Closed 0
95.7283576089867 415.9999285708036 95.7317172603507 362.8984821016186 213.31832826203026 362.90480618530177 213.31712091075315 416.00408422782596 Oyster-Closed 0
288.3695579607702 143.80860772287463 203.42447922789142 129.92375667735394 213.21693583712113 70.01991318047115 298.1610503557604 83.90468288722978 Oyster-Closed 0
