322.3228076500418 110.91644090744788 367.35613794069286 72.70412015793451 449.5707208603162 169.5917054403866 404.5379818235124 207.80340469078254 Oyster-Closed 0
379.0005290304107 201.29780632826146 333.4995919991379 226.0982002099204 278.02047643214974 124.31501593870314 323.52017389438333 99.51503721153871 Oyster-Closed 0
220.25988108855745 193.40202740162172 247.20227227806754 139.1744479703679 379.5372354541796 204.9191566490835 352.59647733159 259.145347982526 Oyster-Closed 0
188.89175605139826 229.25645367659814 226.41608555606217 152.82308451216326 277.315710719402 177.81050058678136 239.79230378103603 254.24308016762467 Oyster-Closed 0
411.32468372780204 284.8311125802979 371.7745154249096 284.1408276618617 373.4575581410718 187.7706650837158 413.00614779670286 188.46093625993643 Oyster-Closed 0
386.5306347003534 338.6069813333188 258.7597628390249 347.5294536585112 250.85418025900435 234.28494314323123 378.61776176342755 225.36272634413672 Oyster-Closed 0
264.2338455754325 258.3925586499201 239.31952554589225 318.21108668523357 132.1638440350871 273.5844996821009 157.0787302520439 213.76757538434234 Oyster-Closed 0
42.2377941111954 402.2971519818466 0 233.0714736335705 74.79403218783773 192.2330077301883 143.2357356077555 361.45380086764203 Oyster-Closed 0
88.9171166349879 415.9991541434433 88.91938658015351 363.5477291133257 204.16828305522722 363.55158871774717 204.16809699750593 416.00092000003735 Oyster-Closed 0
302.06647607806735 158.23503007422607 217.84528258524733 137.157368513433 232.44692172669238 78.81670165825888 316.66710290320407 99.89422965291459 Oyster-Closed 0
