433.7410401099951 96.01261181610137 410.15718953707983 157.2748307373805 301.246028563226 115.34776086035299 324.83015644171246 54.086179010115664 Oyster-Closed 0
377.39639026026634 162.62163243441046 335.27909043410546 194.15014680904517 266.8892814765968 102.7938677662826 309.0058092693107 71.26577385168851 Oyster-Closed 0
220.29064768949684 181.57405900851205 238.2631806610225 122.99069315116712 377.71163278840686 165.76885259811576 359.7406209585679 224.35092755481787 Oyster-Closed 0
193.59636565734036 222.14648733864706 218.46589933628638 139.65447088995947 271.97580184612525 155.78586827977034 247.1071768282236 238.27710191030638 Oyster-Closed 0
414.57818634312935 242.04881814754756 372.32140532748235 241.8029913666939 372.86205623364367 149.01195674974227 415.1174862930311 149.2577795979423 Oyster-Closed 0
403.4186958661012 298.912486760203 277.52094398836925 324.97733148060576 254.36490582958868 213.12793334366188 380.25636029876114 187.063762588328 Oyster-Closed 0
271.5143825476407 238.18867944999232 256.61221164383824 301.93272486519515 144.29160287349077 275.6751171235946 159.19491538003058 211.93270756797548 Oyster-Closed 0
128.75745900837865 407.5125696726884 15.38861067741891 410.643833511203 10.56315843250195 235.77546051177956 123.92111069989551 232.64434424074005 Oyster-Closed 0
117.13745162323539 415.30395374506185 116.79519419640201 356.1414862364679 237.4319597262147 355.442733558743 237.7766429542571 414.6027397478824 Oyster-Closed 0
295.48234187214257 133.2348832652707 209.7821365679265 123.76781065695663 216.42528285539083 63.63677568716341 302.1245893017949 73.1037977566051 Oyster-Closed 0
