429.88803005768204 97.59544438409888 401.8508833852611 159.5183142583607 301.82834570925115 114.23076275723 329.86565211395646 52.3085249829428 Oyster-Closed 0
368.8945965470921 164.02702060959336 321.7388472424136 191.87893770325218 266.085373281745 97.65463791880386 313.2401784748072 69.8030743986497 Oyster-Closed 0
212.7006155780764 176.9717288993922 234.3848978636015 117.65268660841441 366.86761128428407 166.07955939331322 345.18480704195827 225.39735486075202 Oyster-Closed 0
230.31469875744006 233.90454137102404 179.51153270457507 216.35507633662394 208.53076564044386 132.35618777962355 259.33257437230714 149.90539472155552 Oyster-Closed 0
397.84094793273107 245.16526701640277 357.73962492353166 242.36129433213245 364.2330275313034 149.5129140511549 404.3330673425771 152.31684188608014 Oyster-Closed 0
376.55629963070896 306.29998309814243 247.35568889533533 315.4748895392131 239.11073520987338 199.3357068002352 368.3046009471291 190.1610424978871 Oyster-Closed 0
253.45640043595267 234.7797203310337 235.00857881690536 299.32043954087055 125.65239923454283 268.064318759177 144.1011955149188 203.5251874611483 Oyster-Closed 0
0 222.329211 101.600588 222.329211 101.600588 397.771806 0 397.771806 Oyster-Closed 0
78.26946661126931 412.25078341688095 76.20091412656984 352.9773388679731 193.82038391880997 348.8724229273581 195.89120179149904 408.14352165357764 Oyster-Closed 0
290.98837699776414 131.91905085174128 208.9777116371115 111.87928503698596 223.60006869726567 52.04173841239218 305.6099234707217 72.08139803132651 Oyster-Closed 0
