425.4872595089437 56.841160301538395 410.24770577644813 120.87006330595649 297.3396155042101 93.99635915178793 312.5795043803737 29.967921434384486 Oyster-Closed 0
378.29637069398814 130.52577749237994 340.32142130830835 167.45503249708526 261.17970277938366 86.0734449605704 299.15421548768063 49.14458570073404 Oyster-Closed 0
224.85604307037283 170.3853457200466 234.8572430995373 109.81699978346202 378.7149705471602 133.56961632222067 368.7150895286686 194.1367937997969 Oyster-Closed 0
203.00530094494388 214.10994685771539 216.65176770152902 128.8860980436643 271.77526275584023 137.7125181827565 258.12963029210005 222.93561255082827 Oyster-Closed 0
416.00042977056 207.01148499999996 374.9672115959147 207.01148500000005 374.9677723574641 117.21093200000006 415.9999583471399 117.21093200000006 Oyster-Closed 0
420.963187542533 262.5723397103463 298.6100892927425 304.21107765618916 261.8495498710254 196.19499121837262 384.1974485544888 154.55721773057076 Oyster-Closed 0
282.24046899445966 219.5636716844892 275.98926846846734 284.79161476156753 160.8614536902278 273.7570896777216 167.1141082763461 208.5307560145563 Oyster-Closed 0
160.63873794787287 404.4645493884111 48.10539432009682 421.49207636788185 22.39099568882375 251.54712013463057 134.91335719524432 234.52043832206147 Oyster-Closed 0
150.09110516091823 414.1907621329278 142.89893159257917 355.51768236959106 263.3407200027723 340.75656143399596 270.534929854206 399.427231547123 Oyster-Closed 0
293.2787431960096 112.53428816663646 206.89460919536577 113.5719792966581 206.16871683654972 53.10908951393814 292.5520798267098 52.07140305230006 Oyster-Closed 0
