218.89323028786748 158.64386148142162 218.83654444620697 204.30943859578744 109.28771775984569 204.17209792064043 109.34519519341484 158.50731036373105 Oyster-Closed 0
408.8635334633873 200.662159 364.41091245636926 200.662159 364.41141400002743 136.29483500000006 408.86322692878093 136.29483500000006 Oyster-Closed 0
236.3399287710672 139.92016005446732 327.2365783235364 164.74468572581344 308.571659244255 233.08333892688026 217.67513833279736 208.2591060530903 Oyster-Closed 0
357.2653206548748 156.40377439359742 407.66078383643617 171.9736452271737 386.8676106541825 239.27108353196084 336.4722299999812 223.7014009999973 Oyster-Closed 0
79.80287692916318 204.78415575259834 125.10914661513743 181.92299720569602 145.54389988303956 222.41769910573223 100.23776121553237 245.27866170024416 Oyster-Closed 0
104.46907403149817 347.9681634079317 72.56025836201661 244.41808455346046 170.82027064026988 214.1437918072446 202.73052873197958 317.69118584424064 Oyster-Closed 0
35.845622000011645 413.0661270000109 34.16085876298166 384.1123940405093 167.176201862796 376.3720395628361 168.86221977679816 405.32443949207175 Oyster-Closed 0
408.8632649999927 0 408.8632978968453 57.4227020000045 360.6840705253999 57.42266591604809 360.684107439949 0.000026913417628691908 Oyster-Closed 0
363.04170952006825 141.94850155991972 283.20044708648857 119.95050251592981 312.2751933689724 14.427784867706706 392.11539893044755 36.42563685841185 Oyster-Closed 0
405.2169876644657 208.9750915327595 427.73838906801757 303.4797410342587 352.2683526495239 321.46093353648155 329.7489157619275 226.95796716501636 Oyster-Closed 0
294.976166178767 331.86836108482925 297.3484290108463 400.73457699748013 101.95965693453036 407.45516665829155 99.59190895605207 338.593319723981 Oyster-Closed 0
283.504557999986 34.3412579999874 281.57721232622134 1.8113456155135945 330.949721286408 0 332.8770902845863 31.41598408516764 Oyster-Closed 0
302.12335715597874 20.37362104238005 316.58230587256185 34.78254452938766 274.88987976976205 76.6195113615682 260.4309663524582 62.210623421141996 Oyster-Closed 0
284.93770751257034 70.3256135702861 294.67889155195735 103.63087534760648 251.51003394619693 116.25663281123111 241.7689920945886 82.95149128697693 Oyster-Closed 0
79.70829323350335 381.8086276010617 38.8607202224739 405.0001068456854 0 313.90806283188647 27.977762835580506 290.717344530997 Oyster-Closed 0
0 415.15389700000947 0 378.92805539805613 30.499606823083013 377.0293546460246 32.60988227277994 413.25478150750183 Oyster-Closed 0
182.20736734961974 280.1305530913892 172.01284430012674 206.45577989342735 259.39466385465494 194.36578438397282 269.59031917346874 268.0391574496688 Oyster-Closed 0
