242.6676944214596 174.32098838531826 236.2709797394782 218.357035696832 123.74107033434484 202.01047275715166 130.13846087788988 157.97525808823607 Oyster-Closed 0
382.8077230000017 153.53596699999756 407.5117063734615 141.67620041073877 432.42687676956484 193.57225109440665 407.7229623107705 205.43191344325248 Oyster-Closed 0
343.91503586091494 172.47982975047776 348.38832916221145 236.3561319214035 246.3842488522605 243.4975077186337 241.91222133108386 179.62241101810008 Oyster-Closed 0
416.0002590776712 239.780259 364.8864959999846 239.78025900000006 364.8872287718368 175.38286300000001 415.9997824430029 175.38286300000001 Oyster-Closed 0
104.90932240417169 209.90722004642814 145.4586962129615 185.19478070302566 170.900358768984 226.9375461996104 130.35116308188663 251.6497519426453 Oyster-Closed 0
142.73953846086806 354.24529645658356 113.27774667960693 245.05477589325866 211.74839515683198 218.4896528850897 241.21190100000968 327.6772620000171 Oyster-Closed 0
83.6511972285407 415.42173515046807 83.31417809705454 386.287113860591 217.00840800609149 384.7385404097496 217.34678138141317 413.8717919613861 Oyster-Closed 0
400.57877346862733 7.582776482285359 443.35166421095346 41.211648545424616 408.2199763676472 85.89574605832497 365.44713984341433 52.26694635314054 Oyster-Closed 0
309.12196676601525 39.36934470473169 391.7020550964189 38.75117638629261 392.5419691127645 150.95261661547275 309.9618810100801 151.57077925406549 Oyster-Closed 0
416.0013222957896 332.531019 360.2397894795031 332.531019 360.241199500706 232.947032 416 232.947032 Oyster-Closed 0
345.9689472575337 346.31020640379893 345.12966709920875 415.2620586252786 141.17075209715404 412.7707684178967 142.0146634122466 343.82359566225085 Oyster-Closed 0
289.44361799999024 47.63758000002186 288.9674691327309 9.977991548948712 333.2691466232791 9.417854458480267 333.7453379518847 47.077403364208074 Oyster-Closed 0
306.5468647185626 34.52850311882871 322.8035993380727 49.61826032943601 285.7181511490053 89.5714283785038 269.4614589409939 74.48171529317679 Oyster-Closed 0
296.23740759911016 83.45680664482151 305.10804422148067 118.49326681755034 262.9143528675959 129.17560925763533 254.04388039498008 94.13928947360883 Oyster-Closed 0
124.84127247338256 386.153487669225 88.45841734951318 410.5131205424584 25.421693350886926 316.3827372327426 61.80266141963148 292.02397263251083 Oyster-Closed 0
37.021838942699105 415.9643106200711 36.57054600000265 377.1170299999876 80.6428135772585 376.60518130592027 81.09469805444314 415.45186053061155 Oyster-Closed 0
204.5367594023519 290.17536106137146 197.54539344643126 214.80257918393764 291.23301579098916 206.11321325157752 298.2257732432081 281.4844135327405 Oyster-Closed 0
