238.2545178903638 167.30841681529498 228.05624867601 211.25800546383644 118.9522515630124 185.94116618162133 129.15104094978597 141.99234532465468 Oyster-Closed 0
382.08010400003695 158.30381499999388 410.4942620989823 149.61782063804256 430.6129729214372 215.42784670604942 402.19885958756277 224.1137437990607 Oyster-Closed 0
339.0039637922637 173.92071659723365 338.2491056996914 237.72990738855077 234.0395451498989 236.4957223413004 234.7955826937614 172.68774577458723 Oyster-Closed 0
373.8874657905908 177.9589248476898 424.5689793068268 196.5757825852706 400.8870218664706 261.04089031320444 350.20563299998685 242.4242770000028 Oyster-Closed 0
96.00353950483259 191.0939047367921 141.2253672573388 171.81878120369225 159.7162191504067 215.19778052225524 114.49448714905884 234.47274064458733 Oyster-Closed 0
112.08272223686072 337.62403687313 92.4902779504846 228.31558532696823 193.17774575971634 210.27097989700985 212.77225509162236 319.5766658088189 Oyster-Closed 0
41.757030103661236 399.4887606999779 42.888916462445195 367.17912826981967 176.2591384420848 371.8483146299677 175.12876561027224 404.15646432306676 Oyster-Closed 0
383.178341 23.763919 416 23.763919 416 79.88929 383.178341 79.88929 Oyster-Closed 0
327.78283641836606 35.87906111587202 409.0696203730149 48.58851676183001 391.7428672872411 159.4049528334592 310.45610898579616 146.6956168359274 Oyster-Closed 0
415.99982109474513 236.8659783479013 426.79269765047866 335.3561291037188 354.8511555983605 343.236809234605 344.06026833609576 244.74847196491655 Oyster-Closed 0
306.58418788948984 345.89155718048386 300.0359799850594 415.4838849361212 103.90869131753061 397.02500395666254 110.46089107095759 327.437045022248 Oyster-Closed 0
342.8868980815241 4.608194007079691 365.9297526176415 26.921138526972545 327.75478837256014 66.34477904472102 304.7119701539559 44.03187077114556 Oyster-Closed 0
325.5096626412851 34.01156254105734 339.2491504874488 50.30060750430843 295.82834861851734 86.92490339206424 282.08891213258175 70.6359067513239 Oyster-Closed 0
306.66942505459156 81.82014651545221 312.4123920473503 116.88071876053469 268.88709745913366 124.00991524826685 263.1442865540157 88.94948038152062 Oyster-Closed 0
87.39705359931395 368.12974011798747 46.482135215526796 387.82680857982956 0 289.52709419292563 40.06352315451295 269.8306617448674 Oyster-Closed 0
14.563956999987568 357.42511600000046 38.14060232578413 356.4646898105169 39.89101899997695 399.42358000000047 16.314374579524156 400.3839924222547 Oyster-Closed 0
188.32488589866625 279.315648117065 187.5326861475296 204.01921443741395 278.0030172545157 203.06745682717298 278.79665629490773 278.3624086101988 Oyster-Closed 0
