150.16236008946362 68.77995574544802 233.01115220497377 107.7246988995721 171.31628110312522 238.96513813142914 88.4679768186943 200.021166337524 Oyster-Closed 0
204.44163700000354 334.39826399999816 167.0987073870092 276.00737672166457 274.5641399944943 207.2884378612199 311.9068305832079 265.6775728967474 Oyster-Closed 0
212.78788959171652 252.19893207302655 303.4185700590133 257.69452597633784 296.7323174362609 367.9437417494473 206.1016514269395 362.4483132222799 Oyster-Closed 0
93.33733912666139 414.0730557483664 14.80884807647817 424.49735738114316 0 261.27286993758423 71.66204635671238 250.84908777962636 Oyster-Closed 0
80.21227400001226 416.0000000000048 80.21611095605476 356.09552291651335 242.9925337881541 356.10337005863835 242.99202148361292 416.00449600749874 Oyster-Closed 0
376.6295770651668 387.90132684467284 340.9943116541217 436.3105422085806 261.73512246691826 377.9791756556531 297.3698231006565 329.5715380958541 Oyster-Closed 0
175.94892260212873 240.5662508609894 102.66169972140051 348.2350090016563 15.793621691322187 289.1111741561471 89.08018980854831 181.4450207029647 Oyster-Closed 0
189.44372932202896 265.63954501175783 147.23163802081035 231.6095594024724 190.71540697780438 177.67608689541888 232.92677544788603 211.70561429609066 Oyster-Closed 0
187.96312895084338 362.1485006688606 128.33477739965747 354.6953912271981 142.87280437827212 238.4184055021087 202.49736840576224 245.87127002120093 Oyster-Closed 0
307.81425168055284 335.6017992812705 327.1588757857244 309.90256743671694 383.57221401326024 352.3581446556295 364.2281964865215 378.05682473043095 Oyster-Closed 0
0 193.544469 55.758891 193.544469 55.758891 264.418805 0 264.418805 Oyster-Closed 0
0 102.156321 34.883507 102.156321 34.883507 176.370241 0 176.370241 Oyster-Closed 0
389.53824779938077 349.2209171887322 359.59523041229477 346.9523095666225 366.72387240030366 252.88821048710076 396.66537699999753 255.15675999999897 Oyster-Closed 0
291.26984699996683 259.07149300000225 340.46514194192423 253.4663448066442 348.3743148281137 322.87391219723315 299.17903751177073 328.47895957612644 Oyster-Closed 0
359.5301722969489 330.43938703363085 292.59036576303333 307.9671279087598 320.00246557620267 226.32846709275037 386.93977500591063 248.80028036043356 Oyster-Closed 0
332.06441047185945 155.22889889096612 364.1432827899225 179.6715608552432 311.4184327355142 248.86315970154106 279.3398889306336 224.4208736361065 Oyster-Closed 0
220.22552100260145 126.11286898950745 275.32276508060386 144.21178133134148 245.40560824679415 235.28141847716543 190.30849209037115 217.1827825313997 Oyster-Closed 0
273.4970728226872 242.54255485164887 239.0568692619745 220.438824859366 287.5368528887775 144.90750945414797 321.97626146525 167.0108968143649 Oyster-Closed 0
331.97311570821694 159.58164779455834 357.80476391265984 137.0391492255979 386.6766863891062 170.12231544754846 360.84517301509914 192.66467013537869 Oyster-Closed 0
408.03172872751384 146.29564756175748 387.0801442658885 174.76268064016924 354.04978601585753 150.45330855944349 375.00131370992676 121.98642763031468 Oyster-Closed 0
57.728925723135035 226.7614978170101 14.581666696736647 188.10745129472025 61.59775667647409 135.62952601847425 104.74448997230502 174.28316385803763 Oyster-Closed 0
68.65538716340598 139.12580878768426 104.53609972142658 117.78982154827466 127.21778541333333 155.93235510096494 91.3371644532308 177.26822067966435 Oyster-Closed 0
253.5950950536644 388.92464875821736 269.58523548622543 377.63874963962417 275.3650675900899 385.825644634298 259.37495943313115 397.1115051804142 Oyster-SemiOpen 0
