176.30046836676775 76.10456079439496 258.84656176071803 126.6750890361535 186.7460974519854 244.3584767696773 104.20076357850849 193.78894182993184 Oyster-Closed 0
208.30758925016562 350.2631071605689 181.0162997029438 282.0672749685244 292.16352629308676 237.59342078335843 319.455620124907 305.78715956709607 Oyster-Closed 0
223.5645137871943 277.59319887390325 314.40215788837304 290.6925431950412 298.8850931552879 398.2754856687032 208.04753842510763 385.17656351818465 Oyster-Closed 0
0 229.59040672178813 71.87219016870586 212.19612426249589 113.54938613847844 396.2354288116057 36.72801633199197 413.62879226071345 Oyster-Closed 0
79.35761029704008 415.99848051973623 79.36110220128467 358.1109244263889 236.18304196749523 358.11886828533903 236.18264998343875 416.0032179080841 Oyster-Closed 0
273.5878098178582 415.999945141929 273.58920233503886 378.31476452260495 351.33709120272397 378.3174274945558 351.3367229856085 416.001563430234 Oyster-Closed 0
107.55048303785588 340.1468244971689 24.813158899934933 262.76305187686893 108.67090884496793 173.11670558517645 191.40588319674134 250.498430874845 Oyster-Closed 0
161.5021140661047 235.28590309734108 208.23797357924195 191.06040567419484 248.2226982158536 233.3112397857991 201.48735510781262 277.5362074809193 Oyster-Closed 0
192.33784388802087 368.2954470175351 132.39707587575322 355.58441602519304 156.28908295357542 242.9465714286025 216.22611658733513 255.65718391251295 Oyster-Closed 0
311.49581252170174 373.5986121516086 332.9016326726596 352.82434226226127 385.405238507763 406.9101783337278 363.99995061385926 427.6839098415104 Oyster-Closed 0
0 217.26889859577287 23.08901703884476 159.43894341053453 93.59207365601469 191.08080909212845 67.63725945016267 248.9099445675904 Oyster-Closed 0
15.091552680885798 73.33418850381959 63.143804615097906 79.28092696230446 53.854916250216775 154.33769766154143 5.802671890236525 148.3910040586353 Oyster-Closed 0
396.6201240410046 403.98007369959504 362.2732506766879 399.73026518028564 373.5443164415701 308.6679501468691 407.889205186646 312.9176332327868 Oyster-Closed 0
353.3806301234181 366.5829682143041 305.66193573172495 369.99462535934373 300.2265591614487 293.9716876988003 347.9431108873541 290.5601083121577 Oyster-Closed 0
318.49756159766184 288.05559912603076 377.17140798021137 266.06039044242164 411.5970396008088 357.878514884966 352.92353508085216 379.8731108801138 Oyster-Closed 0
294.2814921320023 259.87194588366 347.39027056848136 199.67515163630085 380.04239732295537 228.4800778180279 326.93420702863295 288.6763117996282 Oyster-Closed 0
241.9393018781011 146.92983998240928 297.3863737012871 171.34402709916017 259.1844890881148 258.09806615999275 203.7376624272256 233.68429241701062 Oyster-Closed 0
286.34989384431174 272.44452387773055 252.88883481112498 244.38775300382292 306.10208820156913 180.9311666694201 339.5624631506107 208.98746924831403 Oyster-Closed 0
350.16467807973095 204.1939324669653 376.94043426407006 186.57830332600523 402.72814699312585 225.77267441790673 375.9525157235257 243.38814684826627 Oyster-Closed 0
426.70003806571185 207.93432364382065 403.0517498368281 230.98770088938005 372.09107317218513 199.23017858887118 395.7391671935984 176.1769840499906 Oyster-Closed 0
123.7428791653656 184.897644753354 72.80250118937329 210.84233145091505 41.043821904302604 148.48881202312805 91.98338040239832 122.54437062815751 Oyster-Closed 0
91.93371169219608 126.52816740425253 127.8481823255097 110.38292898284857 146.76261721045375 152.4561409261402 110.84820150421365 168.6012888377668 Oyster-Closed 0
255.3854499999834 415.99999999999005 255.38551486025244 409.9626487926047 274.8649041912722 409.96281035329184 274.8648820943672 416.000118804662 Oyster-SemiOpen 0
