2.9013196282394347 91.35776374829726 45.34243855603563 67.69854375650144 85.90852105612794 140.46671315475584 43.46754495949426 164.12573150650385 Oyster-Closed 0
250.31615787070405 202.5053671562683 143.84019995595372 210.7335870374451 134.1972489192085 85.93335603516782 240.66969340600917 77.70527622165267 Oyster-Closed 0
238.13760174320123 334.3975780752815 204.18479294560893 268.83120845310646 310.0162389687357 214.03455896834743 343.96930142059136 279.59906023802637 Oyster-Closed 0
245.97999949319637 260.70414065126545 337.424027198198 264.6771029188136 332.6854150069885 373.72599931517317 241.24139477543577 369.7531577336457 Oyster-Closed 0
14.539204355791298 233.68375540188066 89.00061131157054 209.0539584930279 148.5899611308996 389.17935350792834 74.12915432009322 413.8078488293649 Oyster-Closed 0
212.87550545981503 221.58241103100073 148.1681964709751 331.862727564694 50.407158461115614 274.5055021485686 115.11435486544724 164.22800849873164 Oyster-Closed 0
117.43198699998175 403.17656599999265 123.18404035574349 341.1711090148395 279.68594728822427 355.683057144729 273.9374012507251 417.685295140724 Oyster-Closed 0
321.4998959247714 269.0534622356592 361.69109369521175 256.4323150937506 385.30596626723855 331.62120692159687 345.11488523421576 344.2420898425636 Oyster-Closed 0
348.34634773176003 251.17703208964448 316.7044465230392 219.0640140028054 364.77051546102666 171.70718920787192 396.41202706295735 203.81980439093383 Oyster-Closed 0
366.7761059319964 174.24780182288575 392.4903410688639 157.53728630027996 417.9992415105007 196.7883624009156 392.2851087982199 213.4987496769403 Oyster-Closed 0
388.33304156441955 164.44979333340328 408.6084745139815 144.90918139214028 436.25751525865417 173.59668708748364 415.9821993419064 193.13718247315987 Oyster-Closed 0
223.08494592998613 339.78949633142935 159.81382366035905 321.6670106751891 200.43497403896254 179.87251925184327 263.7021315576676 197.99440620412526 Oyster-Closed 0
311.1133780504897 244.59579175525613 272.97580115453457 227.40339119095634 303.0587908381749 160.67684734379617 341.1955134947784 177.86902625384027 Oyster-Closed 0
254.02355788514978 126.70661464519006 308.07488712097984 148.26584331655874 275.9268843526479 228.85998017974043 221.8757181245237 207.30104319258996 Oyster-Closed 0
331.56353135795507 265.5202457362186 371.3163699701836 229.36163478545114 429.6262675580474 293.4596702073248 389.87416695800493 329.61751032280694 Oyster-Closed 0
310.269284733964 412.7845187919317 309.6182558535111 356.6842933508895 396.19748446850645 355.67976438048555 396.85014027989746 411.77830610824407 Oyster-Closed 0
10.593181477910548 214.747932754241 36.84820861542903 152.19731253365305 113.21845951038267 184.25112756321644 86.96452442322334 246.80081436530975 Oyster-Closed 0
55.97386019041733 147.23386495366898 99.87103272400782 118.70674228725933 136.02750593137534 174.34175137844153 92.13054409014512 202.86860744183414 Oyster-Closed 0
90.27537079040121 125.36538848605967 127.04907789414938 96.77562712553174 160.00497949925193 139.16422619328267 123.23143260342113 167.75380728365224 Oyster-Closed 0
308.33643030202074 385.8535108194876 312.64140153460903 397.9777395439047 291.05436689435373 405.6404385850694 286.749509775138 393.5163067182095 Oyster-SemiOpen 0
