39.81447409004977 181.30255116759943 6.906502245714364 182.37010293531495 4.566804357076762 110.24259343688188 37.47419022034228 109.17505093629876 Oyster-Closed 0
149.98123232659418 79.7436645442642 241.9627663233441 107.07318377872527 202.26771446886414 240.6669740763941 110.28641448657072 213.3379966268728 Oyster-Closed 0
249.61431883915066 340.20391437473756 205.32056718830427 280.72215524009516 299.9892241994894 210.23592863698087 344.28232445277536 269.7160020775816 Oyster-Closed 0
245.2926997823779 265.9385359558146 335.1170922389101 256.22827118761523 346.9775336020866 365.92555987999447 257.1531903421419 375.6355275648267 Oyster-Closed 0
14.64550286757003 274.4196591340631 82.26794157152835 237.9075640289714 171.26011607793043 402.69778035455624 103.63911017112332 439.20783893393065 Oyster-Closed 0
102.41358529912031 195.15838220912826 203.2767052134477 232.31976425474843 159.36088951513375 351.5002440741493 58.49841939846738 314.3400074776776 Oyster-Closed 0
143.0098720000169 416.0000000000173 143.01431371401486 360.77300098773105 298.7945461771742 360.7833132797049 298.7930428107393 416.007332673492 Oyster-Closed 0
319.8742744585579 384.0762217765198 349.70539916076086 336.0445914737693 426.56252224739364 383.7666734096514 396.733075933309 431.7968344663563 Oyster-Closed 0
325.11955050272445 384.46192500446415 328.7726780395569 397.03007179843115 312.0742191986501 401.8823298600355 308.42118017400935 389.3142587603623 Oyster-SemiOpen 0
15.203053433073364 262.5422920498201 24.803126941947994 202.7316800608828 99.56966359485523 214.73116832230386 89.97066807005103 274.5408083531744 Oyster-Closed 0
83.4841744757432 154.0210410825377 96.39529310537546 125.1696273528704 135.73192119238956 142.7723066978793 122.82099610286605 171.62355539860332 Oyster-Closed 0
167.62540225818884 239.75168604310198 228.42379771583 233.204146924996 242.01112752849076 359.3537495242046 181.2127664872496 365.9010675526299 Oyster-Closed 0
194.44406952387726 202.9680779272811 240.60937223152723 190.99056327996985 257.70106551199206 256.8620786332349 211.5358273693564 268.8394278888629 Oyster-Closed 0
428.5663428025582 353.3355262932114 413.9286591616292 378.75062232073714 365.3042989748028 350.7514545697433 379.94198035707814 325.33680744597774 Oyster-Closed 0
321.0402365954651 265.8730540476917 364.05898336237806 246.5204850051199 394.1253824107771 313.345909371988 351.1068567550319 332.69811514951186 Oyster-Closed 0
347.94062300003134 260.3485449999884 382.86928713022644 226.49626145364576 434.47929128296164 279.74107624574987 399.5512235627175 313.5927575600503 Oyster-Closed 0
416.0002263684328 346.83413900000005 399.8097019341949 346.83413900000005 399.80993482840495 297.703792 416 297.703792 Oyster-Closed 0
256.35044171998743 131.4946525472388 293.5299457338224 223.48979141670202 242.35767675791067 244.16879562259433 205.1791346160935 152.17445781092803 Oyster-Closed 0
319.55314969530446 229.2706427324149 282.5036777977657 232.61301347186966 277.15556058612856 173.3303892602519 314.20425578441063 169.9880537668621 Oyster-Closed 0
344.35935774021345 239.75503248140495 306.0455508736959 214.48306386700017 342.4717697476299 159.26335898453033 380.78493504039216 184.53504134418748 Oyster-Closed 0
353.3526071579945 167.61109496517156 361.5231425967286 145.931569271868 402.214960146408 161.26669405886776 394.04458650040397 182.94608218293348 Oyster-Closed 0
366.4352411095533 143.62960831356432 391.0195274822072 120.98312997114168 421.5995798696167 154.17870178716106 397.01542378564045 176.82504541143462 Oyster-Closed 0
93.71090695002204 235.5080942411603 55.82843922198299 216.88408725308716 89.39961343734103 148.60387557474792 127.28128798028774 167.22765246927221 Oyster-Closed 0
