39.48379029933858 185.4768817788469 7.803272399152775 187.0563608767169 4.1601780201963265 113.9823747017309 35.84008914653168 112.40291071111929 Oyster-Closed 0
240.08484177642458 212.8610550911103 138.613807770922 237.77044810370745 108.55489953879805 115.32158668943495 210.0222573462961 90.41267619433494 Oyster-Closed 0
251.43793748877215 348.3432894778049 206.6785391211597 287.69096683316315 300.1055829292891 218.75512043983568 344.8643356734792 279.4057007558933 Oyster-Closed 0
246.35042453539063 275.24402561514097 335.50332484326645 264.0835656187185 349.3009834622426 374.2848736918951 260.14815051945334 385.44498039758145 Oyster-Closed 0
15.803112189842068 278.6323585053065 81.25605385557355 241.45735272428362 173.26133893343285 403.4199793644501 107.80991038529828 440.5929060339014 Oyster-Closed 0
204.5681808238296 238.049283134594 161.6112511634019 357.1052113475407 59.17869094514754 320.1489024803521 102.13701085866342 201.09623345055812 Oyster-Closed 0
147.3044640000153 416.0000000000132 147.30817732595824 368.04688221471025 295.9238319186625 368.05626702454316 295.9225798280895 416.0068879205661 Oyster-Closed 0
331.4822101465834 415.99968119584577 331.4841335340716 359.1767214525805 416.0002707814965 359.1793249297351 415.9999877265691 416.0006313106425 Oyster-Closed 0
327.95294990686307 393.6850450243145 331.45527766325904 406.4209054474152 314.950819302725 410.9582063091753 311.44858162138917 398.22242315709093 Oyster-SemiOpen 0
15.211398960927909 266.10750897936316 25.755891419983527 206.80630468438181 101.58854918472207 220.288972881279 91.0451734602284 279.58917843106536 Oyster-Closed 0
82.42133134818869 158.86344189079674 95.50532414308691 130.55233344392883 135.25362737297473 148.92133996673536 122.16983444409925 177.23227788151618 Oyster-Closed 0
168.24999096988904 247.04240844224623 228.59510177073025 239.51278955813123 244.47152915036713 366.7331380894769 184.12646582168964 374.26249390188343 Oyster-Closed 0
194.37638679817246 210.20540559163166 239.8948433546284 197.6755089522403 258.1301063128485 263.91443210395056 212.61172369090855 276.4441485794785 Oyster-Closed 0
368.19416096754867 358.65564710432983 383.9067943961709 334.75342296358 429.85833983292105 364.9538931072794 414.14618245408565 388.85569668616387 Oyster-Closed 0
321.8331627189036 275.0584543003555 364.0238522111249 255.52520580253687 395.4219910970969 323.3335426376871 353.23154194132076 342.8664048681301 Oyster-Closed 0
348.57044600002337 269.940086999989 382.746192614748 236.83573775446345 435.21384352567475 290.9946221458963 401.0387126180176 324.09834953564314 Oyster-Closed 0
416.00018954057305 357.016196 401.29840519003847 357.016196 401.2986261042752 310.208343 416 310.208343 Oyster-Closed 0
255.44579047465595 139.2172789364281 291.93205456891883 232.7652875686018 241.44290279415145 252.4552739174001 204.95764144385248 158.90810046169653 Oyster-Closed 0
319.6347874667954 237.95443511706492 282.8297945711747 241.9070454813928 276.48304907070997 182.80999182305703 313.2872401839486 178.85742483213738 Oyster-Closed 0
344.7328140274258 249.1258007800307 305.6415204949335 223.774173646304 341.1894263588001 168.9655960074954 380.28003510521376 194.3169256819231 Oyster-Closed 0
352.1490332661233 177.1944214285403 360.5130513983531 155.88176361102458 401.4836496405005 171.9595611392556 393.11980242452773 193.2720737039685 Oyster-Closed 0
365.005071674339 153.52456386606934 389.13152075869584 131.27291383655654 420.2522430812751 165.01434599449087 396.1259332337104 187.26585209723456 Oyster-Closed 0
94.31068613206662 240.52348012830478 55.73629235496264 222.10653516909414 88.14900337271683 154.2240203538766 126.72256822055715 172.64073411955897 Oyster-Closed 0
