16.976678179424198 62.319600949136124 66.82524377739173 69.69118791120047 55.24754322797526 147.98119353333237 5.398990255966055 140.60966128727392 Oyster-Closed 0
179.03785783224885 49.530937359240156 256.44732622701486 96.34665382676064 180.52350569645932 221.88162013402783 103.11466579433545 175.0667321792228 Oyster-Closed 0
201.6316509999706 321.7502999999885 170.173580207731 259.97299347868017 284.3542695672768 201.83672598175056 315.8126278466225 263.6122376726664 Oyster-Closed 0
219.4621288899143 239.65417577842817 307.707864642347 255.20436819456248 288.29588007842904 365.34859738445493 200.05026306497894 349.79886712921837 Oyster-Closed 0
83.30403951139306 392.3484809949892 1.7214029820461292 393.46218479716964 0 223.39505572789278 80.978396993145 222.28140410855121 Oyster-Closed 0
115.12858634801887 323.8893183729621 26.68004604689122 271.8181949732038 96.68097356145881 152.93163223671013 185.1254304418726 205.0012024102736 Oyster-Closed 0
70.69291199999498 394.2962460000039 75.16142358301295 331.24814610303116 229.69865363602366 342.1955856254306 225.23349890046666 405.2405828182298 Oyster-Closed 0
292.0698127673859 254.565142409712 334.8986094659376 246.852511707516 347.8388457670371 318.70089431549843 305.01008664595065 326.4133823665214 Oyster-Closed 0
321.50283319985465 236.16216391238063 293.69999848819134 205.154218454081 348.0238122809824 156.44909600186705 375.8263530138138 187.45665099537567 Oyster-Closed 0
349.5785415243445 157.96152024811525 378.6308613473193 142.84683651094286 398.8731139603551 181.7532106986389 369.82086244928723 196.8677949835061 Oyster-Closed 0
372.5386425247816 148.08889233369058 396.23542077391176 128.10910899210072 424.6668069247353 161.82854502882114 400.9701411852475 181.80820772738846 Oyster-Closed 0
183.33679308922365 331.08481811223754 125.66321278578835 307.1475300017149 185.482999986918 163.0421079195843 243.15316083862854 186.97859535347752 Oyster-Closed 0
283.55150958564263 233.208953653278 249.62660930715356 213.69867081393957 289.38610621656335 144.56918956320922 323.3103012819156 164.0792175397038 Oyster-Closed 0
244.82648563479597 111.8113081847011 293.2165191562999 137.19990160372603 251.80912384921612 216.11759212926776 203.419316011521 190.7293245705477 Oyster-Closed 0
302.58600863210813 251.06527343764543 348.13900506071514 215.21039669555233 397.6119394662601 278.058026222539 352.0595373195283 313.9122351983062 Oyster-Closed 0
266.6407191442486 396.8467146512846 263.00232756878904 344.80253533416175 346.3675932003134 338.9757909805648 350.00728570482534 391.0185226004978 Oyster-Closed 0
61.557772713502345 238.17782063096365 0 209.69125823254342 21.945656283009157 143.45123682078426 89.49342392752078 171.9374436857197 Oyster-Closed 0
42.292830398444494 136.24716523628692 91.88866826885351 110.4443790668142 121.51653602572696 167.3905543275705 71.92084658667227 193.19312037730467 Oyster-Closed 0
80.73690490008084 116.03298229986152 122.6927084143681 88.72307891343237 149.83858924908782 130.426006008204 107.88290535935812 157.73576085404156 Oyster-Closed 0
262.8573989668075 372.6509888262636 267.0439209610777 384.1696457280006 244.61230068603618 392.32031023238204 240.4258878914152 380.80174596447654 Oyster-SemiOpen 0
