166.060572022805 69.38709629683521 249.9233966810025 112.58651783190065 185.19065609282552 238.24629597274824 101.3283963278518 195.04770871288906 Oyster-Closed 0
214.77403699999923 339.6327059999902 181.02052442614513 276.09912801967477 288.70933577677715 218.89479530638525 322.4630494463854 282.42648749689005 Oyster-Closed 0
224.5679199073711 263.2159451618381 315.2525431429458 270.8327144332376 306.09152275433735 379.88461039510497 215.40692837299503 372.26807636280137 Oyster-Closed 0
110.46314286271081 405.3806910177421 30.54705385973648 420.59421177423366 0 242.75529298495016 76.59718247737692 227.54260856726094 Oyster-Closed 0
88.3757013695431 415.99830835310405 88.37925120041837 355.12823760603794 249.58989742284393 355.13622072831566 249.58968799530703 416.00281912657846 Oyster-Closed 0
281.771754935693 415.9996517474704 281.7740158751403 357.4467604355775 375.8553708567888 357.450243723885 375.8549839931766 416.00122084625457 Oyster-Closed 0
112.51265137976952 342.072115026485 26.04830420003418 273.9894505585132 104.0513729894119 174.94130876104904 190.51267808346165 243.02212103304328 Oyster-Closed 0
202.00450380880648 268.5142707239333 160.05567172222072 230.79970216378817 204.40594652005893 181.47521206790546 246.3541512283373 219.1892863798632 Oyster-Closed 0
198.23119023357867 362.35725832518244 138.35239738853124 353.4181535328201 155.53928742313292 238.32299202598045 215.414313500376 247.26180422200127 Oyster-Closed 0
317.42989759305055 351.478927058621 337.85556036594426 328.2401441919829 392.78223326697844 376.506962975279 372.35714470336825 399.7451993879677 Oyster-Closed 0
0 232.30241282048559 16.220442786285275 170.73203434206664 87.68856353762385 193.97057243388312 67.66802773494783 255.54006457253953 Oyster-Closed 0
5.161466324174398 85.2659892464985 53.12765888985086 88.34065865030095 48.33904243795041 163.04339486432747 0.3728519104915904 159.96875054655032 Oyster-Closed 0
403.75600459021007 372.9807368623981 369.4707235594942 370.78335284435883 375.4086781987935 278.16848214660723 409.69210899997415 280.36580599999945 Oyster-Closed 0
358.7691089928521 340.8677208385348 311.1459861162075 347.082458611466 301.52617323513186 273.3725704912811 349.14737389651054 267.1579611689422 Oyster-Closed 0
319.0528693566521 264.7254324932775 377.27262982341927 238.45368039598628 416.92592815846 326.3160994450851 358.70659502927447 352.58719160263007 Oyster-Closed 0
293.97938135231016 240.33525260343555 342.7540130424277 173.63084240559675 376.934728813987 198.62229485234064 328.16069858460105 265.32616265744946 Oyster-Closed 0
235.13533590691077 133.02996034900747 290.89612851464335 153.20008876339634 258.3382719678157 243.20156129617462 202.57764048729587 223.03175320227135 Oyster-Closed 0
286.2837977851341 253.8487796410537 251.64301976240313 229.33395790038514 301.0635495968454 159.50636642375994 335.70356281052955 184.02080237755752 Oyster-Closed 0
345.8323216019817 177.7749392521832 371.8875907544025 157.64412526300157 399.8392116395662 193.81984017184504 373.78407497304215 213.95050337256393 Oyster-Closed 0
422.3429554260292 172.8172348948784 400.1484867436375 198.58250457316842 367.4988492672055 170.45905203811256 389.69320551363853 144.6939497887502 Oyster-Closed 0
120.65042865754367 186.7026503533223 70.47966826365155 216.85971036778528 34.7567949195909 157.43172183238386 84.92678885918212 127.27495353084618 Oyster-Closed 0
84.41584823382072 130.06334352806928 119.91999474233307 111.10902716071934 141.38572261496665 151.3162193875835 105.88164974136453 170.27042991450674 Oyster-Closed 0
267.8326228705264 408.35603539659337 262.4788769961269 399.42182680666735 278.65284379290097 389.7324352433451 284.0065867313533 398.666584671493 Oyster-SemiOpen 0
