0 178.0989835890185 0 109.88115800001971 23.546649688614707 110.74946966015071 21.03145168622359 178.96707940670134 Oyster-Closed 0
142.91609187794165 63.33528323352729 226.24286059266888 97.51566151576542 170.69888912245733 232.91850947164883 87.37249426585186 198.7387886334286 Oyster-Closed 0
209.1766460000108 322.0761890000029 168.72023869736222 268.24034815247285 273.3950210037001 189.58897212756463 313.8508035021914 243.4232486930711 Oyster-Closed 0
213.74627835552747 236.63742982830033 304.82944305074125 237.92012360886955 303.27765278683364 348.0965346949551 212.19448871958593 346.8138772540281 Oyster-Closed 0
100.89272028701816 408.6507668889925 20.04143326907797 423.5629277925401 0 270.55855309367973 72.66349868383986 255.64709495644243 Oyster-Closed 0
166.64842253601455 215.56574518952993 125.95091348350252 343.681194295928 31.932866232189554 313.8167402207959 72.63191182304945 185.70427781911886 Oyster-Closed 0
91.63878800001476 410.1502460000023 88.81568146946302 349.47748004032724 247.76193845233502 342.0810412765191 250.58807987571709 402.75059444015886 Oyster-Closed 0
276.3528855167351 362.4405510626818 307.6760351369412 309.34692444728813 378.43365555747005 351.0824000932532 347.11208336392156 404.1746561006833 Oyster-Closed 0
279.17377443087753 361.01689178463926 283.2844638026472 372.64578113614647 265.46453764040416 378.9433251844937 261.3539326284845 367.3145074121583 Oyster-SemiOpen 0
0 204.293026 60.166688 204.293026 60.166688 268.06197 0 268.06197 Oyster-Closed 0
103.08624300894735 161.38424462197034 66.7296274574037 154.43495003289317 73.32613984288764 119.92609146228311 109.68244638064061 126.87535562483237 Oyster-Closed 0
138.92169540235045 222.7013197306503 200.56397973293497 223.5949339022461 198.7508929162941 348.64675739114546 137.10860924441658 347.7531715779793 Oyster-Closed 0
169.95798391827338 186.64240789968272 218.9668656638387 179.77196882774996 228.0030294370663 244.22484634057986 178.99416695007312 251.09520068656735 Oyster-Closed 0
387.8977348522458 321.95137718466685 373.27330793206056 350.45179093357285 324.1602271639822 325.2546628990218 338.7847123131469 296.7547065873539 Oyster-Closed 0
342.8426535563085 230.72367925436342 355.0475419890099 291.308948165641 303.1010783424972 301.77147573211886 290.8970494832647 241.18695967401058 Oyster-Closed 0
317.2827599999946 234.79137700001093 356.93189939622243 198.53233852411037 402.1322339412509 247.95422697060553 362.48359202510983 284.2127470755396 Oyster-Closed 0
388.39454867472887 318.810337454671 360.1856598664417 316.5079402120925 368.10981541642104 219.4444432978663 396.3173590000224 221.7467840000004 Oyster-Closed 0
211.74817421327316 109.13741756634838 262.5045296294011 121.25774115725872 238.4401873916613 222.0277643747116 187.68390059319427 209.90762126853247 Oyster-Closed 0
292.48879183649115 209.2860676825467 255.1340183680586 208.08703435918557 257.12282865384987 146.142938257419 294.4768722194094 147.34195979001032 Oyster-Closed 0
315.7353433093813 215.045154968718 282.2449942161693 190.09640148393595 324.9027120716855 132.83772870829057 358.39257711064784 157.7862172859333 Oyster-Closed 0
335.274759330292 141.73596434191205 342.67993513117835 118.28109702695082 381.24659245871226 130.4569763944036 373.8415507999016 153.91172901985618 Oyster-Closed 0
349.998142701108 116.1413458843712 377.9364086676287 92.13462515282436 404.528723715619 123.08126755782096 376.5905551404503 147.08788439919277 Oyster-Closed 0
64.87772932062944 229.66297135173355 31.485160511401773 209.89402477568368 73.07843865231553 139.64231680324195 106.47033879117953 159.4110106164517 Oyster-Closed 0
