6.394341264956893 109.78647906095426 53.27238238112477 107.05624876004853 57.78988361246229 184.61911383630783 10.911844947528152 187.34931644544034 Oyster-Closed 0
151.85691120010233 64.8674261480932 242.82909453288448 89.5603538293156 205.66352884934167 226.47867547824532 114.6915268024859 201.78620091043143 Oyster-Closed 0
255.76614499996867 319.3183589999882 209.33210674484144 264.4462795174437 302.87044066685485 185.30151420499007 349.30354944938153 240.17211635612594 Oyster-Closed 0
249.39153754286963 241.99580799324426 339.78106640808255 230.57880297334756 353.53174206130643 339.4299362103741 263.1422747824545 350.8466214882926 Oyster-Closed 0
165.8879560567766 402.4807621883944 90.68581940931108 434.0755815028012 22.176840978252585 271.03563765620646 97.37194627582721 239.44250180495376 Oyster-Closed 0
208.7040564973322 213.83607870676659 168.30368649182492 339.55785220997245 64.5350792916106 306.2138382071608 104.93709628910801 180.49529172236655 Oyster-Closed 0
150.62649799997598 408.63819800001005 147.12785878354407 348.52215513872125 301.53006672055926 339.5355406863575 305.0315790470704 399.6485676483823 Oyster-Closed 0
324.61088342115545 235.75422669557918 362.7374326654244 216.01635578363906 397.7106241895199 283.56478948452224 359.58430579135893 303.3023158875976 Oyster-Closed 0
347.8135405378089 211.7872223791766 311.5248563530986 187.63880052980895 350.29451949746726 129.38191266917687 386.58264452724325 153.53008068840307 Oyster-Closed 0
352.60309704953033 131.2137391948462 375.4792562394068 109.31048810250822 406.8331979986906 142.05617741263987 383.9571573576286 163.95930824875128 Oyster-Closed 0
371.994930228062 116.5171210056645 388.88029631022073 92.00937558647855 426.67753954532236 118.05039900954947 409.7923053437007 142.55802715700008 Oyster-Closed 0
240.74797560436855 330.6487567902417 176.54721209503623 323.97325111199314 192.18802029806102 173.58985005324465 256.3845572286227 180.26513580214157 Oyster-Closed 0
310.1031228479296 215.5721135165854 270.54375637337944 205.83726262289736 288.74614443577593 131.87432812805906 328.3046346729134 141.60906688393345 Oyster-Closed 0
235.25812000113729 109.97787214619942 290.91050104417445 121.23519542298199 273.53278651320943 207.14121408675678 217.88044727621673 195.88402777786632 Oyster-Closed 0
333.8488136657361 229.99531212166679 366.85202499678417 185.12916426199283 434.3215827530548 234.75498173181728 401.3192142390253 279.6203646210985 Oyster-Closed 0
327.7424870978466 366.24137868075377 345.15770399603934 310.83555675607033 428.36808675051725 336.98496437817545 410.9546437218851 392.3892630091325 Oyster-Closed 0
15.438236508576665 256.04309345326243 27.220360693725524 187.37139542961998 104.78901782258981 200.67895866490514 93.00813257089976 269.3495405308932 Oyster-Closed 0
45.13751190472249 177.27577006168255 84.19059661018764 139.88485167255678 129.32444618082445 187.02273092940686 90.27174347660912 224.41325996219587 Oyster-Closed 0
75.57882932119173 148.32682057399396 107.26191985295372 111.97896937348355 146.43221888967673 146.12119546830374 114.74938852684136 182.46879977725936 Oyster-Closed 0
331.3641261817247 354.7460658764927 338.19196037339134 365.34417799622037 318.5384966768288 378.00282881404223 311.71075334312263 367.40479666838235 Oyster-SemiOpen 0
