277.72116485876177 182.19254202287084 227.55441625157619 164.69850790573417 250.56928183218042 98.70370283243433 300.7352462720992 116.19758825904904 Oyster-Closed 0
416.0004993136172 249.466221 380.3770024753867 249.466221 380.37780113926783 146.22342500000002 416 146.22342500000002 Oyster-Closed 0
162.59665989820496 131.6412458826542 253.22138885458844 130.38602465128395 254.747681840141 240.57585074792942 164.12295347015242 241.83104921130794 Oyster-Closed 0
300.7330926208306 250.74374069922416 400.40004064426466 207.98325293388842 457.0822684175764 340.0826855283726 357.416290340665 382.84156416587587 Oyster-Closed 0
176.73553087836262 323.07944266827263 222.76135368679388 269.49703852950415 277.617132419502 316.60910770972464 231.59246203106522 370.19042283145984 Oyster-Closed 0
213.62076570780118 263.74081496525974 293.90683395229644 224.97419092275112 380.60378817823585 404.4947329923013 300.31916153816564 443.25908299952147 Oyster-Closed 0
221.78240108150567 243.40471772629616 254.92123238956628 174.46426716719415 352.6092795577024 221.4178327200315 319.4722709120433 290.356721649012 Oyster-Closed 0
382.6230408113406 185.99801774833747 341.9772199332947 168.2161818791757 354.4659404295744 139.67119089255792 395.1114425762935 157.45294631175506 Oyster-Closed 0
334.3810334352602 241.0468932177731 303.411654479336 207.7458787687328 357.8572435490714 157.11615920290626 388.82628206121444 190.4167581114246 Oyster-Closed 0
315.4999150857693 233.87401388810474 281.9817688137591 218.68833256883028 310.98377962483573 154.67998009176327 344.50124687185235 169.8654841739244 Oyster-Closed 0
44.45200517069679 400.27205134018374 15.29676676661984 404.8310332239445 0 305.8402058026064 28.96856116809795 301.2813666487865 Oyster-Closed 0
32.57898118551384 377.9824595136115 36.3868489081251 290.5297451445637 123.85460274307115 294.3375720115373 120.04908478674406 381.7880293425095 Oyster-Closed 0
209.54751909590414 288.93192250343964 167.1890124691672 355.10486827204966 63.95846974450615 289.0329467509237 106.31666675161978 222.86208377619556 Oyster-Closed 0
160.80583599998863 121.84150500001647 165.7271690523994 82.70362751107585 206.38576705465675 87.81606634502104 201.46459585551202 126.95380095540149 Oyster-Closed 0
150.4022535373515 165.05641603192072 132.77076528451653 143.91192668657558 171.2322955242089 111.84164389809804 188.86370678933963 132.98600460362096 Oyster-Closed 0
147.6733175213085 201.40818474734235 119.64337684140264 205.27964064831102 113.6696189827162 162.02995135052086 141.69917286001873 158.15852258404416 Oyster-Closed 0
142.23587505218165 161.31030241327386 129.60777905705982 174.3531664037496 94.24806160034859 140.11917563289893 106.87608137510688 127.07639493103841 Oyster-Closed 0
154.44230596185662 131.47530387593048 136.54847810643696 155.35033476940558 104.09853307139201 131.03041849838283 121.99231785007942 107.15549759622986 Oyster-Closed 0
36.080861192829616 212.28369613123547 36.217459583265736 185.50992729960504 67.0774080788251 185.66734906095266 66.94095505279256 212.44097347696726 Oyster-Closed 0
73.33912899995266 206.87149800001717 80.07740650895721 183.84629698829497 122.39174799758257 196.22855868545065 115.65367983514807 219.25358195760975 Oyster-Closed 0
262.56780233911195 415.999948623421 192.56260503084923 418.17269062015396 190.41594003247155 348.97996936299063 260.417942959466 346.8072762964509 Oyster-Closed 0
372.474258000002 416.0000000000085 372.4745147900285 404.4212775338553 412.25443799998175 404.4219409999845 412.2543476424362 416.0004973565585 Oyster-Closed 0
