234.67093862143884 53.92184307347671 281.3918468527263 73.16497320678945 253.7893638926762 140.18066511821138 207.06851851266765 120.93765305627116 Oyster-Closed 0
406.52746814911734 161.9755481541702 361.85186330070064 162.23721334473987 361.1756108863883 46.68092966992168 405.8503203009641 46.41926699854841 Oyster-Closed 0
138.34939933420173 107.49529938008814 229.80980579874813 99.14675597487111 240.04762605466385 211.30058762027318 148.58723826598361 219.64899828631093 Oyster-Closed 0
399.9169480717028 311.39038110445546 300.23862058159284 306.74818282854545 307.8731446456586 142.91798846436956 407.545299344707 147.56004806583778 Oyster-Closed 0
206.95528991878018 238.99670303567737 261.18613410910984 257.55073951351767 234.07367119940682 336.78533365261916 179.8430101393169 318.23168846399994 Oyster-Closed 0
198.92866476064592 230.4047011598701 282.4968619430547 178.35159051572043 389.89713953162936 350.75580180817514 306.33108504158736 402.80617745004207 Oyster-Closed 0
233.03206032807066 137.1378562484102 316.6871414176712 142.95553917990844 310.72761056104355 228.64570844174168 227.07253556244905 222.82810651594943 Oyster-Closed 0
370.54934734906055 77.02441329412746 364.5519005188835 109.95583539375015 320.54093723606275 101.94058459162687 326.53847339614003 69.00928063946611 Oyster-Closed 0
317.78229805616866 176.71556136300796 285.3230937389744 152.04797708397342 335.3735368435082 86.19076749293333 367.83235172833156 110.85813213568018 Oyster-Closed 0
298.488265353677 175.53536070258053 266.04399580941754 164.71808798565777 289.60083855305857 94.06747980548838 322.04459076734565 104.88465975047423 Oyster-Closed 0
0 414.4183910000115 0 333.56618534759787 34.27786829713659 330.2304392577596 40.87879632831755 411.0815492612714 Oyster-Closed 0
41.120076430051995 397.10814509107365 20.75070261390283 314.3398060037536 103.43396310069147 293.99556037859736 123.80475535623191 376.7617548207056 Oyster-Closed 0
191.9388424372264 258.5851224764216 165.6940695207486 339.7102078204289 59.58787872466564 305.3864590777998 85.83383212447734 224.26363654227902 Oyster-Closed 0
159.11125496850218 58.565146703092154 188.7976724042528 71.31680658505971 166.6020364154574 122.98849079525903 136.91565199999604 110.23688700000179 Oyster-Closed 0
129.84291909640888 155.9294551328241 110.87509903757018 140.16797393585705 146.56753786109766 97.21604624246217 165.53521236593224 112.97742974447706 Oyster-Closed 0
130.27149013541566 193.95808002792475 101.53936835208879 200.4268371186271 93.11047675950249 162.98987226028473 121.8422649878521 156.52115415291587 Oyster-Closed 0
121.51437311496193 154.58934691643273 110.89883806303624 171.717706613218 72.8755575899886 148.15308403675766 83.49108449566484 131.02482453659917 Oyster-Closed 0
83.37741196348361 137.08001523961153 95.75922507888026 106.65904698053068 128.5227188914796 119.99395777211257 116.14104918777593 150.4148045990251 Oyster-Closed 0
21.40403846823756 235.721079637494 14.14536936330478 210.86978972062832 47.231235687268054 201.20670834899803 54.49000142879231 226.05783411348133 Oyster-Closed 0
56.723651000000245 219.762216000005 56.57417638778497 195.1246141256793 100.2090389956029 194.85976956486581 100.35870817245086 219.49718026090292 Oyster-Closed 0
192.5815115253754 398.77559692037613 181.10547806068644 312.9494075969208 252.62141557772702 303.38910122843095 264.0990577252596 389.21335509838303 Oyster-Closed 0
396.7267964840685 379.8637581013984 349.2064034197865 377.65091257125897 352.1161145054175 315.19933017687697 399.6346829999893 317.4121329999993 Oyster-Closed 0
