259.84642869805975 160.48908966523612 208.4015725069694 154.51043356233293 216.62663269806944 83.7413530171199 268.0707184762796 89.71996425257552 Oyster-Closed 0
413.80785725796886 189.89336190552154 369.81988426282624 196.05014276036678 353.5812056927243 80.0299372587088 397.5680478800641 73.87323301063861 Oyster-Closed 0
138.275417067558 137.39925315807554 226.19591517969457 117.5694259340964 250.76706714826287 226.50665397069858 162.84668678113667 246.33612439265096 Oyster-Closed 0
416.00176074976116 335.720064 319.3005960240698 335.720064 319.3050711655087 171.714969 415.99954218156563 171.714969 Oyster-Closed 0
216.08729986550316 267.2521372309945 272.7097742940241 269.04249367999415 269.89847871486927 357.93934996561376 213.27600577061457 356.1490371187358 Oyster-Closed 0
215.1083849265924 255.0510013420514 288.5287694328399 199.94836212433498 420.3724022197566 375.59517017029316 346.95498526404845 430.6944140286955 Oyster-Closed 0
329.7488590540088 168.65905519001004 323.171442911811 253.85031721736186 229.191477764085 246.59344981583774 235.77024399999937 161.4036779999961 Oyster-Closed 0
361.05939271088937 135.97325783901508 318.70286776749344 127.89888997641711 324.771611328335 96.06502823586531 367.12786047213376 104.13936890166626 Oyster-Closed 0
326.5589178306582 202.31097304336532 289.5228756062097 178.501224140608 331.15914081733354 113.73953934342894 368.1946198516998 137.54904906168076 Oyster-Closed 0
306.88979727040714 200.55074900919345 271.8581681269825 193.42694605016658 286.26167758956944 122.60257607520475 321.29262538587864 129.7263085789998 Oyster-Closed 0
17.36491523677978 346.6078265301822 60.264775886567804 340.6047892745701 70.81745200001751 415.99999999999915 27.917627048951545 422.0028844683459 Oyster-Closed 0
69.73102434736575 418.4634570529167 49.43869607037777 332.47940662499815 131.78962967189364 313.0489988165996 152.08354945979954 399.0307105516233 Oyster-Closed 0
216.10232543713937 283.2584340051945 190.6046056436171 360.4713943593202 78.10946368936129 323.3261213856583 103.60843620932064 246.11562175107605 Oyster-Closed 0
135.33489200000622 131.84282099997782 129.4197868033225 92.25628206166836 170.76390176947461 86.07864324665651 176.6791380729228 125.66503161975173 Oyster-Closed 0
134.54663077116493 177.06966448741915 112.86006910268043 161.52220330536917 142.92636163378847 119.58575095637927 164.61272031983026 135.13310787676355 Oyster-Closed 0
139.5109091519189 214.40052949027486 112.80269672356008 223.98792188550055 98.46431129729172 184.0469373710946 125.17216153588379 174.4596164604792 Oyster-Closed 0
125.76978105879607 175.8262795556558 116.21734789045149 192.02004035792336 75.27690661379165 167.8710468089427 84.829337962321 151.67740071400948 Oyster-Closed 0
131.08739089916708 143.00843265140685 119.11085420173185 171.50104713892023 83.02472943969406 156.3331210061727 95.0013166621502 127.84065158327925 Oyster-Closed 0
35.294473732366896 254.7428150542213 28.088384276972647 228.772418989037 58.28342258047269 220.39491569170164 65.48961619618058 246.36514189604537 Oyster-Closed 0
69.2538599999898 239.4685949999877 69.67826360485924 214.89879448147124 112.99261029450281 215.64678530479205 112.5684229379658 240.21637634372723 Oyster-Closed 0
300.7546379372907 413.6086620625005 232.7771929600567 431.78901032838985 209.6245489147732 345.2355278620088 277.5981183514268 327.0557274346802 Oyster-Closed 0
416.0005912072156 404.25746499999997 384.58468237578927 404.25746499999997 384.5851957637351 352.127446 416 352.127446 Oyster-Closed 0
