292.22850956010734 120.72031704663999 402.6439302288163 129.58004604377885 388.82378569710636 301.80379019887744 278.40841313160126 292.94434314547846 Oyster-Closed 0
42.4184834566513 62.316643356733685 43.14031560637159 0 179.7224556758556 0.713542028331987 179.00084893389067 63.87714565918253 Oyster-Closed 0
402.2229557629398 134.8200926437564 353.0319708388888 130.80468274309365 363.76824879158085 0 412.9586115152306 3.300586991317209 Oyster-Closed 0
326.26640037947436 15.344803465937423 394.2138260535103 28.96834007656386 370.09578378556034 149.25589445893021 302.14838699999746 135.63247900000377 Oyster-Closed 0
208.6045681172982 234.58574609931418 236.88039917666174 245.91281340922484 193.4941717861184 354.2023439968398 165.21853136009668 342.8756195758319 Oyster-SemiOpen 0
0 390.28820797803536 0 274.0139480000081 191.23758668267692 285.42322861605464 184.30487859357527 401.69090046332843 Oyster-Closed 0
91.89638892146831 284.9716789090758 0 281.11798499769264 3.520758287588251 89.2710817490586 99.58978531444882 93.12465123266445 Oyster-Closed 0
19.703422962949844 31.85672183066822 92.36385160521604 47.81636947337288 69.24510867306162 153.06910193266492 0 137.10958854902378 Oyster-Closed 0
98.86561830618302 71.69591442143059 210.40824658452402 75.39857466479748 206.34546960811713 197.7866215526347 94.80284340360595 194.08401472891484 Oyster-Closed 0
352.0662443164292 396.9558640217595 306.5055063040454 386.9507150921869 321.73611098088804 317.6147691784863 367.29489563943935 327.61969666015847 Oyster-Closed 0
365.48232230017675 335.8737293641873 348.2943440114359 332.0990409496962 355.4731847043113 299.41716905203924 372.6608519999718 303.19182199999534 Oyster-Closed 0
194.93827655083805 144.01713498820664 152.20346698310823 36.877429270366996 284.5476553527151 0 327.2828076654441 91.22844491309027 Oyster-Closed 0
