301.7067526622159 167.37925124258174 415.19856604454253 158.64644676718237 427.5075504778506 318.6006160685587 314.01576143008424 327.333122882467 Oyster-Closed 0
155.73307866448158 96.6101556788822 15.768327967143705 65.36889333521195 29.629476353973587 3.2709293350276982 169.59359362522446 34.51212622328607 Oyster-Closed 0
353.1205679999839 28.705347000002423 412.7554987215044 21.941081277137947 429.1479783740324 166.4582583719615 369.51305915850753 173.22244184210274 Oyster-Closed 0
317.76743401932254 51.7418436241347 389.1628869754859 54.93748954465224 384.09841408765715 168.08330841063264 312.70296199999575 164.8876979999995 Oyster-Closed 0
233.34961183851556 261.8377123229596 264.90149532931537 269.7378076551113 238.02640345490727 377.05497450827244 206.47461047010802 369.1551251904696 Oyster-SemiOpen 0
253.63797597547455 375.9211511148341 209.1848541252184 469.73442743509963 0 358.1096268027752 18.039514286509075 264.3039702585829 Oyster-Closed 0
9.20057818153873 109.20115736266942 115.71104263019515 107.98055484539421 117.95350058078475 303.6463062977707 11.4430351872943 304.86686450806707 Oyster-Closed 0
11.02000814785788 47.43255721789705 87.86470071969597 52.37093969640983 80.999582802433 159.19542354717132 4.154891999995016 154.25708800000098 Oyster-Closed 0
218.8629028611831 213.32938427730974 103.4863576640164 216.82081004542815 99.78875759570656 94.57315481858718 215.16147131353864 91.08178716249118 Oyster-Closed 0
405.10151101034717 418.8730961241379 356.9175454805554 415.77734252501585 360.9328403537147 353.311580541993 409.11476009092075 356.40726818823634 Oyster-Closed 0
408.3140579613464 368.8756167077814 390.1363311776295 367.7076573534096 392.2232768802387 335.23787138335206 410.4006389999704 336.4058189999992 Oyster-Closed 0
147.01868030050173 79.78653154552283 221.71449855027095 0 333.40725728702455 91.86274486381947 258.71247101805784 177.36272631083227 Oyster-Closed 0
