299.5740613281232 183.58321692123147 412.2053220097878 184.08106125244743 411.49911488278303 343.8351078852768 298.8678550092736 343.33728186506437 Oyster-Closed 0
159.37300288133338 99.72326917851943 21.815485626935697 56.737520715076734 40.73770551872076 0 178.29465286633422 39.17187357022951 Oyster-Closed 0
362.29132400003436 49.60339399999932 414.24010858446854 47.94525734640603 418.88234605073376 193.3817865501262 366.9335622883118 195.03989757946925 Oyster-Closed 0
325.03271141882215 69.58762288350847 396.231061121478 78.65617449838021 381.97673190432397 190.5657853508887 310.77839999999924 181.4973519999995 Oyster-Closed 0
223.50461344315045 270.9967971566631 254.4419160597754 281.552278487441 218.82177914763815 385.93318425536484 187.884639941567 375.37803997832924 Oyster-SemiOpen 0
230.11512252983448 383.63829855979486 178.13436330993136 473.11465151659417 0 346.65049371131596 12.396029518080468 257.1811423017939 Oyster-Closed 0
11.713238770145836 99.83956518251131 118.39266321922332 107.33357062947164 104.68778642174584 302.4145412264765 0 294.9208013582859 Oyster-Closed 0
18.57947305728885 38.313736329799625 95.09446046513403 49.58606905586621 79.53227625675572 155.2185401054209 3.0173050000012154 143.94630699999655 Oyster-Closed 0
212.9750205615601 221.39485301254172 97.24994494088605 215.461180402576 103.52467234376309 93.12965806770778 219.24582221367018 99.06322966249687 Oyster-Closed 0
337.6572210000013 415.99999999999187 337.6583004161257 376.9620612399894 388.15260515464615 376.96329253190015 388.1522132954451 416.0005478985286 Oyster-Closed 0
389.8094150616271 392.71560144337997 371.7096023576669 390.0496987079701 376.44011245742877 357.9422287701328 394.5395440000284 360.60810300000253 Oyster-Closed 0
152.13565125685636 82.54120656724939 233.37784274839214 3.6003018370713984 337.2524649611805 110.50234508509988 256.01128607766077 189.44222164563064 Oyster-Closed 0
