99.12201995639771 146.4006819345119 50.52850265982852 96.22556833515475 155.54676983682657 0 204.13987193658613 44.69362612954829 Oyster-Closed 0
229.37149485852206 154.09235146464414 169.00182201291682 61.828842020394724 260.3954690852552 2.0293379184875673 320.7649759973283 94.29208228230851 Oyster-Closed 0
194.76627503022246 212.32154414588538 114.06397304014536 216.0319061085852 106.61728258320727 54.03374599012252 187.31642231098158 50.32345833382141 Oyster-Closed 0
309.6291424625415 36.59276659467933 354.07325496237536 50.685018318704884 313.5060940698786 178.6232375189526 269.0620525300219 164.53116501885168 Oyster-Closed 0
243.97102699998504 167.52644900000686 271.53466120086523 141.90240890721995 313.9929273802045 187.57225284666117 286.429533581555 213.19604383935246 Oyster-Closed 0
346.8850468988676 238.51048476627162 307.7217893074012 240.87268678076163 301.41125418873344 136.24501615136847 340.573110504316 133.8828575291438 Oyster-Closed 0
355.4644754930123 257.35829160943723 302.6254382531333 325.7372418260099 169.07892410922432 222.54821321396977 221.91693024616688 154.17159253991446 Oyster-Closed 0
320.02205592408063 288.7386967303708 268.2133472961468 436.7877956237198 0 331.9264814565141 20.379831135265704 183.88899997293382 Oyster-Closed 0
343.9027551881518 167.25911727141667 394.30653245821304 167.34288454120335 394.15480847322397 258.63050390568304 343.751031172942 258.54673806326383 Oyster-Closed 0
329.284113667145 127.54290150268527 338.71091442524994 93.92207219969413 400.5040447911415 111.24753947062754 391.0775104252971 144.86813912007085 Oyster-Closed 0
387.603959782562 131.98046416223283 412.68604145783684 131.12814598901568 414.53808231302537 185.62795031546767 389.4560010761161 186.48026204920114 Oyster-Closed 0
399.0240004302832 128.1080186453391 371.7761623757069 119.87092990220678 389.9220567383127 59.846908962881216 417.16962267903364 68.0839529673805 Oyster-Closed 0
38.64923743608597 50.50214793550721 103.48915484194004 53.480011253502845 96.21508749479472 211.86155095224714 31.37516991839948 208.8837415514572 Oyster-Closed 0
17.73915542764371 185.64133435556795 0 176.5279040652021 4.608282578374201 60.52020875605374 44.344951637875056 69.63352440667121 Oyster-Closed 0
102.78444491890332 73.89115004672591 51.735271736441064 68.84051032870165 58.84710858057588 0 109.89608635771219 2.009625651895608 Oyster-Closed 0
