107.98795959315612 139.65918694343858 67.76925321669842 79.30781455733862 184.86343884424787 1.2758968895207239 225.08204005497464 61.626732261999294 Oyster-Closed 0
234.16651887874104 175.37108301054218 191.48708464980882 69.68965210654915 288.4705368331306 30.52385138528099 331.1503171329932 136.20419799511959 Oyster-Closed 0
193.1050377657739 221.03428018419615 112.8220200567921 213.47137279011193 127.80344116917695 54.46323477278288 208.0832718777856 62.025987911265155 Oyster-Closed 0
329.0738417587745 77.75748136537754 371.94568423323653 98.71757570485838 314.1955602918388 216.83541634515893 271.3239350867334 195.8756768621343 Oyster-Closed 0
247.22585100003562 191.54049599998922 277.62449885649767 171.76093493992 313.02636446439647 226.16527601589826 282.6279027744313 245.9446012731491 Oyster-Closed 0
338.39540845247757 283.05679489867737 299.3994348058877 279.94248025803637 307.7532408334155 175.3621811578924 346.74752628245915 178.47642685550977 Oyster-Closed 0
344.3554323121789 304.5066554765463 282.2298956979357 359.98755706319184 165.6184078769329 229.42352754655607 227.7411020637519 173.94481876118834 Oyster-Closed 0
306.4748040294289 328.6033029408065 227.78442896940396 459.6002793104047 0 292.8506993878423 28.862597370512958 161.8647394543434 Oyster-Closed 0
345.087088490709 214.37909592470086 395.07376145259695 221.4994176459688 382.32522704510484 310.9875681708249 332.3385827763668 303.8673945311731 Oyster-Closed 0
335.81736320886193 169.89242365740054 351.60273175021575 139.62299701819728 409.72715219620295 169.9331667880541 393.9421320884794 200.20229472412868 Oyster-Closed 0
392.96919697859266 188.63122538385576 417.90161820157664 191.28039297091772 412.22243291109044 244.7254137754243 387.29001593323846 242.07627317608475 Oyster-Closed 0
395.16355955369 120.2077787231432 421.9120680783999 124.86133239108804 411.2047550995958 186.4043145033306 384.4562568578658 181.75080016787493 Oyster-Closed 0
61.72587886365727 33.43569716839195 125.83773139656114 45.50131116484005 96.90355678320338 199.24286677710083 32.79174238053383 187.1774426167169 Oyster-Closed 0
22.175973554687516 162.35857508280586 0 145.83248229230756 22.43228765603635 35.14086658939219 65.07460393801739 51.66679776754644 Oyster-Closed 0
86.75360153063957 0 137.89536999996926 2.406972999996061 124.2056190384792 66.75304232379283 73.06385243904879 55.872561756027835 Oyster-Closed 0
