102.63870108940682 163.49023621852302 50.85419074163656 107.96096859243563 148.91676043348343 16.51332942555805 200.70077874680283 72.04199983096235 Oyster-Closed 0
231.99643505682252 185.13271834848786 172.23732247135922 82.44839775529972 258.29213632210667 32.3686340800964 318.0511944077007 135.05189314072118 Oyster-Closed 0
202.0557634033794 229.5654352925718 122.95598408073784 238.66744304858992 104.76157175008484 80.54423726315117 183.85784080541634 71.44243744118478 Oyster-Closed 0
304.9146459686599 78.59291364954444 352.10757776075843 90.6463373469336 320.19983567178133 215.57084038052903 273.0069703992049 203.51761734292222 Oyster-Closed 0
249.3443299999817 199.01758599999147 274.84446960761125 175.68770784261068 320.74135570214276 225.8504866450511 295.24149980800576 249.18006871939585 Oyster-Closed 0
357.2595087199443 278.8058359384312 318.9996434004861 283.7473352900036 305.4424778106295 178.78446225348532 343.7006945491703 173.8430722828432 Oyster-Closed 0
368.11657517897766 300.75365785094243 317.43473599914796 362.01117463204935 176.61306064496603 245.51321893646931 227.29340705560753 184.25829120422347 Oyster-Closed 0
337.71095553188206 329.69592185546566 278.3201032501347 465.19448980690817 0 331.65895962950844 33.04539053638291 196.17239710330102 Oyster-Closed 0
349.7182411615104 211.85484729593963 399.67441906666136 208.45931190886893 405.82280907676613 298.9069339517315 355.8666395706023 302.3024002261767 Oyster-Closed 0
330.39134040565114 166.76840149236688 341.9687255002027 135.66024693212597 404.9821442433167 159.11058680182558 393.4051149988554 190.21843867843882 Oyster-Closed 0
416.0001727169183 233.01870100000002 393.554561572324 233.01870100000002 393.55477749896454 178.93829200000002 415.99996031895716 178.93829200000002 Oyster-Closed 0
378.9813518187075 112.44656594641518 408.05804099511806 111.35633094287577 410.407381658988 174.01147732795542 381.3306929296923 175.10170372182046 Oyster-Closed 0
35.439314810500946 64.98805247550573 100.38424079019023 63.44131091026893 104.08380629777093 218.77513797576222 39.13888340815902 220.3218495881292 Oyster-Closed 0
2.1915657929748704 75.31903290772473 40.93097886531541 74.19187367363048 44.23885381862419 187.87759056653255 5.499441911601025 189.00473499182021 Oyster-Closed 0
51.104382466372044 19.26990663339835 103.33886884610183 19.254079813825747 103.35923721817016 86.47718798686292 51.124750842460344 86.49301475940482 Oyster-Closed 0
