243.27915722610123 72.081638096527 279.8678231733538 75.69223202045221 274.6215844606486 128.85518653362573 238.03292060798776 125.24460948882557 Oyster-Closed 0
371.46369513194804 148.46518824221678 344.42087959074706 124.34797941616267 389.80963897395486 73.45451465764884 416.8522599940334 97.57157147518335 Oyster-Closed 0
184.4455149999594 136.89202900000726 214.8597413150601 104.556493483219 255.55831914520968 142.83574142698603 225.1443242935893 175.17105169583164 Oyster-Closed 0
189.2276283708852 222.38368725049557 148.75199746332873 197.92697320179434 185.04957531205218 137.8590146041486 225.5245316588589 162.3154674461277 Oyster-Closed 0
0 119.94554800000002 51.160743 119.94554800000002 51.160743 186.180347 0 186.180347 Oyster-Closed 0
125.63097336150531 245.4617585884297 115.43965247238884 200.05450550905798 162.5111719627639 189.49057470236576 172.70278821249303 234.89739814745735 Oyster-Closed 0
283.84931157172105 245.63686421192932 273.31904129639224 278.7107549363997 202.6104494930296 256.19995826010324 213.1410086406977 223.12661918154353 Oyster-Closed 0
198.81848606612402 242.6068677076514 188.3222464415776 208.45552672983598 247.71050188781373 190.20425055220187 258.2069658748296 224.3551826661635 Oyster-Closed 0
130.84959846515267 124.3750977610122 164.5642080462785 157.57761007139922 118.95555358640559 203.88716580199133 85.24124776748067 170.68496297825806 Oyster-Closed 0
0 235.465762 18.269193 235.465762 18.269193 320.637863 0 320.637863 Oyster-SemiOpen 0
188.9708484454568 58.38180975580875 164.50730708282208 61.49918191468367 157.71635241421973 8.207069223182893 182.1798128613118 5.089702476447278 Oyster-Closed 0
262.0587760861563 90.47708530532778 165.39247752573647 187.39118654033368 19.507972083032655 41.879690010646705 116.17302916190238 0 Oyster-Closed 0
398.71576250464204 263.64602241218347 218.89404033104438 245.90210728988228 231.30122105590272 120.214972109067 411.1154302444338 137.95851655924633 Oyster-Closed 0
279.3921614969113 74.62714955928186 299.2740368409977 77.25101131293289 293.46481467570993 121.26874009765442 273.58294134784956 118.64488839909833 Oyster-Closed 0
