229.7784910000264 91.59575899999811 265.91692539546057 85.50161155077915 274.69017705773877 137.52616568945524 238.55175148296257 143.62028075303786 Oyster-Closed 0
377.38232822141435 153.45097679338772 343.19307228987964 133.48130399115072 374.698828178025 79.54334136188068 408.88775502899443 99.51289272882126 Oyster-Closed 0
188.25300600000992 158.16720599998936 211.11171754686075 124.63135175400407 260.7897719573484 158.4915827373528 237.9313794096488 192.0271528792621 Oyster-Closed 0
164.29923941236484 182.0070593644613 207.62719598041076 155.1712920556044 241.88775618340514 210.48378182571997 198.5600337852702 237.3192468655353 Oyster-Closed 0
7.221729506873089 155.0533171487262 56.28971677587833 152.76809318520247 59.470983431339846 221.07193920926744 10.402998381639918 223.35713736495484 Oyster-Closed 0
155.42261040633093 271.2229224349562 140.36277864403382 224.92145806908667 186.4588509266432 209.93004665951003 201.51893173963254 256.231023886108 Oyster-Closed 0
318.3495825624159 257.9323628737604 311.36334920027366 290.28947081766836 235.4079651797838 273.8911494559877 242.39461825140825 241.53463989726356 Oyster-Closed 0
229.8116721674087 261.6748668486681 215.06688681364903 226.81690416304878 265.8080171019865 205.35564307120876 280.55293246340443 240.21320703523904 Oyster-Closed 0
168.03782806455638 210.98106103358458 126.79862203155062 228.05116793763725 100.74990634158894 165.1240829232165 141.9882772259225 148.05417389565417 Oyster-Closed 0
18.538673479608406 269.69311936400726 51.314252619707986 264.16699772421 67.87605803234328 362.37966602570117 35.10051854159974 367.90563456372536 Oyster-SemiOpen 0
171.61631533360924 78.43426452159123 149.85677546108855 87.81128730862159 128.18622730034986 37.52462713371286 149.9456586935994 28.147631248454502 Oyster-Closed 0
253.90680999643155 106.70950169409787 180.9727579829996 208.28173929429965 0 73.3463903735013 65.9873309335162 0 Oyster-Closed 0
421.773810645911 145.86755089416482 415.3748168177699 268.0842159292172 234.94375042226602 258.633005671645 241.34639249280735 136.42009551950713 Oyster-Closed 0
266.17932421262594 90.91419146854665 286.109446555507 88.22222950758726 291.8628953028674 130.81744338413807 271.93277516860326 133.50939403310383 Oyster-Closed 0
