262.3681487878275 103.62163884813485 299.75319254701753 105.38913676662753 297.3025131197792 157.2230092831557 259.91746963820333 155.45552185687797 Oyster-Closed 0
390.27580853953987 134.22183687738178 423.32568413230183 140.49367890261698 413.08095213620254 194.47647537445147 380.03109024060177 188.2046836933486 Oyster-Closed 0
206.70438600002308 156.12882699999173 235.50402390371528 128.92808818484946 278.52266072492057 174.47350236536897 249.72326781847005 201.67399093131533 Oyster-Closed 0
178.4170373765919 174.53151093697122 226.24720875608546 157.11544207891635 248.39062690912397 217.92484151788656 200.5605560435979 235.34071565119953 Oyster-Closed 0
18.81919310197918 110.21120385867056 74.05182800437979 112.82247080691471 71.07694971773162 175.74405792236718 15.844316520742723 173.13281154720022 Oyster-Closed 0
148.4874069606194 254.93691870806506 146.0645476235768 207.12115346771293 196.3650726126034 204.57267951639923 198.7883954388344 252.38794452903753 Oyster-Closed 0
314.8811192948415 283.68132774774153 300.9456935248854 312.5424646997631 228.8075472911114 277.7151705697305 242.7430863680347 248.8546154476824 Oyster-Closed 0
225.02167382555854 264.8426524875457 220.02357095885964 227.78250541503274 274.1098317194155 220.48884822117975 279.108296675382 257.54856009790893 Oyster-Closed 0
174.98464197732392 199.74704779528003 130.72953863427028 208.05461059478927 118.43709688722447 142.57338809781592 162.6913234809581 134.26591058077693 Oyster-Closed 0
16.59939803733505 219.06031664727382 43.46067180380123 217.02516256842847 50.469297718878806 309.5191873993371 23.608029621227615 311.5542977871448 Oyster-SemiOpen 0
207.14110637766498 75.80318534499256 183.73520124918286 80.55401360748778 173.04664823986604 27.89473917471944 196.45244019096572 23.1439228541806 Oyster-Closed 0
281.84776610633344 122.61421191479029 191.08670129586972 204.40935925739404 39.00331757706954 35.65607902519131 129.76247071749094 0 Oyster-Closed 0
447.43283283828714 205.4865820691727 412.46627888991134 318.90285715840486 230.27160148594703 262.7315163389194 265.2407003627486 149.31939461191854 Oyster-Closed 0
298.73754348051807 112.67437542835975 319.23715912520856 114.35024608337427 315.84409633996984 155.85369215281486 295.34448173087003 154.17782976513007 Oyster-Closed 0
