416.0006958006452 248.53372699999997 365.2442760362501 248.53372699999997 365.24537139707536 144.24160699999993 416 144.24160699999993 Oyster-Closed 0
150.32289955522356 268.971230315611 170.8866783133999 113.9728423577444 357.76332457328317 138.76451208109563 337.2053392112757 293.7575648554707 Oyster-SemiOpen 0
112.83583021324011 257.7396797355128 8.78599836347712 263.05835154919646 0.8435975283719017 107.64002247932747 104.888377122159 102.32147755834846 Oyster-SemiOpen 0
157.23126173774654 61.787776950738454 166.91162747901762 44.166077009510026 217.09213004645062 71.73219022631541 207.4118332123253 89.35383060295109 Oyster-SemiOpen 0
277.48342591319306 279.85661268470847 328.374697554289 258.62471816129533 363.25827017165284 342.2250551782962 312.3672886725435 363.4564241731967 Oyster-Closed 0
416.0018138325686 339.931303 346.7260238439085 339.931303 346.72768960985195 228.49546800000002 415.9995373291822 228.49546800000002 Oyster-Closed 0
120.99728574886831 351.6726026437127 171.10614941487802 301.89940621558725 233.12588900003902 364.3247869999878 183.01842137170752 414.09659045484676 Oyster-Closed 0
175.32418499999403 416.0000000000127 175.32670646382758 366.9176867993569 293.6760202752812 366.9224818151188 293.6755073292006 416.00277622409135 Oyster-Closed 0
260.65454400000453 415.99999999997794 260.65490540620885 407.6510065363839 340.59909135055204 407.6534784655789 340.5989719683748 416.00222928083735 Oyster-Closed 0
32.6503646289857 395.80574241607275 4.996403713183099 348.08148636073906 62.39781845705875 314.82779382246525 90.05175827347557 362.5510363110503 Oyster-Closed 0
90.42679208893242 286.5418635593135 90.71400372550488 218.4087631043103 200.5699902424385 218.87155329274546 200.2844519187056 287.00294583887285 Oyster-SemiOpen 0
325.1459227007472 191.893881990649 350.2386333048162 183.96879967334564 370.96083566204834 249.57506640763629 345.86817224761035 257.5000423902559 Oyster-Closed 0
363.5243771180794 214.82694556911906 325.01729989516025 195.27025982130021 357.4646137136697 131.38602907112391 395.9709772363094 150.94249496476112 Oyster-Closed 0
187.1159088519089 138.09980694971378 151.86478642251313 147.36012460471593 133.71369551839234 78.26534393444597 168.96439142067902 69.00508283204525 Oyster-Closed 0
32.42062797389735 415.9999976293716 32.42147963243042 396.25032959513214 112.6449307408584 396.2530358141494 112.64464656171185 416.00213277852777 Oyster-Closed 0
131.6210029312424 374.1518865111479 109.13930001841072 370.7465620333701 117.72802943212082 314.05958963200567 140.20896286002244 317.46485471347177 Oyster-Closed 0
306.13111844618834 339.81211162382243 282.09910815476906 388.13620025064586 183.10413843904826 338.9136710340887 207.13641208878835 290.59122863619245 Oyster-Closed 0
24.445175237928197 328.55151914876916 38.45292604680435 285.287440271396 116.12261053724433 310.4301165459172 102.11602590601251 353.6932046383223 Oyster-Closed 0
29.384472636411374 299.9617207419881 32.34161760314237 265.04687998012747 93.4366356642422 270.2204569984535 90.48006788738712 305.1347609374825 Oyster-SemiOpen 0
114.09211802247955 415.99999945267894 114.09364069378717 368.8615145248423 174.92400533156615 368.86344089455844 174.92347599002824 416.00092454598064 Oyster-Closed 0
193.19530887703877 72.88490374270424 200.9249726216476 52.693551176509565 244.0764105903072 69.21265455224308 236.346815930101 89.40394842319981 Oyster-SemiOpen 0
135.00545253409655 92.1167457205521 127.16151716949025 67.44267174556379 169.37286243343988 54.023718878612144 177.21683453727746 78.69771924819065 Oyster-Closed 0
96.31704330534558 95.90973951592872 108.55377031982789 74.80561132474753 138.71905864989822 92.29599190621842 126.4824025446942 113.40005852681398 Oyster-Closed 0
286.75583440629634 145.4541664238104 310.976831814296 125.1194004207643 355.9541632650289 178.69030370549217 331.7333601710525 199.0248632875511 Oyster-Closed 0
397.1864963453263 18.499207643667603 395.570916849465 53.187370959187625 345.687656313723 50.86403141316576 347.3032865126661 16.175922836182064 Oyster-SemiOpen 0
