345.5380049999985 223.42788399998474 388.0681912795044 132.16386783091727 442.2763178855748 157.4245163967614 399.74722636248043 248.68759660261202 Oyster-Closed 0
133.58943744510543 254.50717411733518 161.51378663502328 97.30281596305147 339.6080860427246 128.936373036457 311.68914794774173 286.13590866627703 Oyster-SemiOpen 0
0 85.676059 103.60026 85.676059 103.60026 240.92101 0 240.92101 Oyster-SemiOpen 0
170.20851163375482 47.46345148263845 181.95914711236037 29.548654588899584 226.2467778177961 58.597572596758916 214.49619263441127 76.5123248061158 Oyster-SemiOpen 0
248.55198345271856 267.5602998918533 304.69443155918634 254.77000036572312 322.9096446723088 334.7131125417494 266.7672832497992 347.5031339375122 Oyster-Closed 0
324.44942303950666 217.51512747303985 402.3926167455538 227.037359867756 388.8232252419257 338.09384776659465 310.8800727902417 328.5718786291161 Oyster-Closed 0
118.25761007282199 393.66707937998814 80.58922951031491 329.2309049620543 151.80048165188418 287.61099409154286 189.46880701623013 352.0455312818348 Oyster-Closed 0
126.50220140332021 426.1266627029177 113.29983222504598 375.8349652414198 229.25346068005092 345.40187122511895 242.4571331751904 395.6915288692272 Oyster-Closed 0
187.16813000002367 412.3524189999978 186.92114080517058 398.1576567956369 290.2402288553021 396.35835037729316 290.4877313033139 410.55260038979657 Oyster-Closed 0
0 312.602943 42.822876 312.602943 42.822876 365.175714 0 365.175714 Oyster-Closed 0
64.6137218003314 268.0081513778187 67.695005759575 199.7716924598661 174.28979262246503 204.58439582593624 171.2100898726203 272.81931154076034 Oyster-SemiOpen 0
312.7102863153559 183.11399037330042 339.65346475350816 179.65424669764903 347.9284483395095 244.0918998865791 320.9852779042594 247.55160116628736 Oyster-Closed 0
346.61892156421527 207.81856948479646 313.5715245823012 184.3368825624439 356.76971871426576 123.54471051915385 389.81659591019707 147.02613318236604 Oyster-Closed 0
177.38201912403383 127.10909181570014 140.43598810010008 122.59489770819943 148.80374414306425 54.11256730286561 185.7493917532738 58.62673845389162 Oyster-Closed 0
0 403.0169077374437 0.41623226349111064 375.0736365211492 60.61418514552133 378.2454994556692 59.141887632751605 406.188192825571 Oyster-Closed 0
85.69004450752982 357.0518983884407 64.84359127440621 349.9532042104786 83.15021823814095 296.20444733039835 103.99604500790156 303.30302516716125 Oyster-Closed 0
263.9969751344688 328.30495920561174 234.80584150390132 377.63736908922994 145.56433972675586 324.83993745997446 174.7554043573873 275.50904527172503 Oyster-Closed 0
0 307.9779494456735 7.387913725429826 263.6688463404592 77.8865440907175 291.04898575807226 60.67614753875387 335.35721183112156 Oyster-Closed 0
0 278.3277622341917 3.6886376900620235 243.3429233198282 64.35306486717673 251.72193964218874 59.520802266295505 286.7062796850579 Oyster-SemiOpen 0
59.5359290000124 406.208018000018 62.49500534899926 350.07111184398775 123.79115196335988 353.30127476076694 120.83328563164469 409.4370286107372 Oyster-Closed 0
204.71928764387485 60.11806675715773 214.14397617641953 39.413113785344244 252.78653257825135 57.00272058802935 243.36189763157745 77.70762787797776 Oyster-SemiOpen 0
142.3841870000142 75.96236199999285 136.10439062732257 51.879058276541464 180.12074966464934 40.4017073059616 186.4005814001357 64.48495247670367 Oyster-Closed 0
102.62282689194762 78.6356923537755 117.47119194710831 57.24561725454988 144.8325102363524 76.23887608359904 129.98420016445016 97.62890199289293 Oyster-Closed 0
339.1120983284345 180.5261647393828 307.0222931831231 192.74976160557836 284.0645576299139 132.4824924129421 316.153858792346 120.25900153001743 Oyster-Closed 0
415.2675155210236 6.77569882488665 413.1228409919313 47.49937769225015 362.14839815122104 44.814808951174506 364.29311738522665 4.09118321990153 Oyster-SemiOpen 0
