368.2790389999973 213.09714899998033 401.6124413778525 134.40230581067314 449.3324709119661 154.61474418841343 415.9998796327418 233.30888716880358 Oyster-Closed 0
154.33271492175118 241.29995394281497 183.74584740727005 85.18580734673998 363.72963402932146 119.0948123111289 334.3216436406401 275.2043857881969 Oyster-SemiOpen 0
21.14842833586954 67.1995600481652 125.81330605421317 76.32642123491182 112.06774055507776 233.9524605712628 7.40289187446615 224.82578878178668 Oyster-SemiOpen 0
186.20367073234956 34.30473114713263 197.710011635314 16.701604897397566 243.2982658153196 46.500440745726245 231.79196366852193 64.10353251734323 Oyster-SemiOpen 0
272.78117536542777 256.7076446260623 327.9854969883163 242.26298763971278 349.4770620880154 324.3878920894428 294.27285242185826 338.8322354439886 Oyster-Closed 0
416.00173364648435 323.454336 340.0194715124817 323.454336 340.0213961093177 211.713086 415.9995131371652 211.71308600000003 Oyster-Closed 0
105.41613849108762 320.7404047014968 163.38134739609814 274.1366016990237 215.82678700000542 339.3565370000002 157.8626185956673 385.95919626025585 Oyster-Closed 0
155.19932390983013 414.1275154444968 142.23186945244015 362.9951862235944 257.984292297715 333.64560874061135 270.9530554988305 384.7759327547759 Oyster-Closed 0
215.09492902024067 401.3531048552366 214.32061457265445 391.1306165000837 311.2303900515326 383.79070318622297 312.0050188259811 394.01284618275764 Oyster-Closed 0
15.645713410041935 298.5379659561759 67.58893045951481 295.8162634085197 70.44454156358915 350.305514468933 18.501328816710156 353.0271746384082 Oyster-Closed 0
87.22760470536014 254.48358980346293 91.10447083529652 186.22749191652252 199.00585533045887 192.355439185585 195.13051917104895 260.61005414194483 Oyster-SemiOpen 0
333.9860066647998 172.30248742118818 360.66389141004765 167.95768700403278 371.307553996754 233.3074016347613 344.6296815153364 237.6521505055349 Oyster-Closed 0
368.8475077780422 197.3989153075479 334.5113977962137 174.0464133251904 375.90094364914694 113.19299297677559 410.2365395782217 136.5452516227356 Oyster-Closed 0
196.45867888517023 114.28150756942472 159.13804751357384 111.02702538650865 165.1694754864693 41.864824676874754 202.4897733470716 45.119292818834296 Oyster-Closed 0
18.41032463881129 388.6851791539693 20.208046015079162 360.7457566381322 88.9854114344671 365.1695090959187 87.18836624258984 393.10829572484926 Oyster-Closed 0
112.66629193514018 344.04876905885163 91.2826713147806 337.49921727397157 107.94752650840383 283.1011822959011 129.330518843788 289.6506307775342 Oyster-Closed 0
290.8961257758165 317.7600558937703 262.2007240063067 366.224425729574 170.91088191779636 312.1807446575585 199.60621400307718 263.7178485105957 Oyster-Closed 0
13.523425502684404 293.1914462383686 30.74292246227924 249.5019895737595 103.87605920087299 278.3221255362171 86.65758173005815 322.01071780186066 Oyster-Closed 0
22.456314072980604 264.6189852368382 27.32327503920169 229.5169569543912 88.30538155843533 237.97115628555395 83.43895134930062 273.07270727220885 Oyster-SemiOpen 0
88.15553699999873 393.169263 91.76682873175014 337.04067685125943 152.93752830991434 340.9754283405961 149.3274153050079 397.1029003750491 Oyster-Closed 0
220.9851129353665 47.348270926977655 230.3581458608969 26.98381132992833 270.12017297610146 45.284786856172175 260.7471830563154 65.64920974170931 Oyster-SemiOpen 0
159.58786499999042 62.74803399998169 153.42242584766063 38.26389512434035 197.0393782200008 27.28058103111239 203.20484531455077 51.76467344986241 Oyster-Closed 0
119.7863419175701 64.92407300751363 134.29781702026958 43.89923717903321 162.16784716017355 63.13519577610545 147.65641768981732 84.15999085962181 Oyster-Closed 0
302.46863683138145 123.90106819673385 330.1985348656417 105.53540002024532 367.14762983782566 161.32229254899954 339.41786256281557 179.687803903829 Oyster-Closed 0
416 0 416.00001068592246 35.89965900000008 378.7523838777561 35.89964846131331 378.75239451917514 0.000005053885416696272 Oyster-SemiOpen 0
