230.68583582836436 49.524787752863446 382.5359085759155 25.662000851641555 440.3689205914852 393.6601179722905 288.51941617659395 417.52124363389817 Oyster-Closed 0
0 412.23331399998466 0 339.70978358083084 72.89843651347837 337.974892312326 74.58757104344113 410.4966230875535 Oyster-Closed 0
135.06752316980055 410.1999125520954 132.51358021985652 347.478671965588 252.9248440346928 342.57586602179106 255.48119583681546 405.2945695765432 Oyster-Closed 0
118.81572351901195 28.91958227023077 200.2266126677605 44.84627587526647 161.10727516679617 244.80280823991995 79.69650343871763 228.87651430085452 Oyster-Closed 0
411.9923043536219 212.66765472875403 380.53087837549174 212.11851271268 382.6057699996454 93.2895113901313 414.06616428343114 93.8386442520651 Oyster-SemiOpen 0
49.11553967130021 171.98329475661123 10.654040215282294 170.641605324305 13.901704299674748 77.5570604568092 52.3623932488008 78.89873545611228 Oyster-Closed 0
99.25344940787545 186.12063674195565 74.02555663298335 185.43543304937756 76.65470847635152 88.64975054111385 101.88201513794047 89.33494630812223 Oyster-Closed 0
52.15795961214826 72.14312117354079 74.3499582983386 72.20246157465604 74.10360655393742 164.33060489174238 51.91160785493048 164.27126506594215 Oyster-Closed 0
80.3598500349799 38.330409631364205 108.97698572123045 42.38044738276566 97.45710530649376 123.77791447980371 68.83997309103506 119.72789991192246 Oyster-Closed 0
167.20352038407873 0 167.2035609796876 59.65435307893453 119.4858153987625 59.65432004773637 119.48584558417133 0.000003809874005209522 Oyster-Closed 0
43.9466640000137 95.28979999999608 18.76337557276929 82.3640156425435 47.95970393373864 25.481377848195372 73.14286690004883 38.40712556614474 Oyster-Closed 0
29.507628295581526 79.91592812587639 10.424696812100592 74.35530625157776 25.92001607496786 21.178956864632195 45.00286208076432 26.739565739143135 Oyster-Closed 0
61.59661497664274 24.426734653076135 43.779197643099906 31.26471620257102 36.35568125521968 11.921594038148783 54.17308673823209 5.083615135748421 Oyster-SemiOpen 0
