447.9498436653521 410.17217912880585 301.7052718926752 433.8034384418723 240.99780949551496 58.11825659670592 387.22526633292364 34.48813560256931 Oyster-Closed 0
17.85372662761074 415.9999204562323 17.8571420000153 340.73457599999426 107.22519648974776 340.7385570197714 107.22402497614166 416.00164104193055 Oyster-Closed 0
167.6564993920838 415.99999044874255 167.66039039165844 352.873956499963 285.3779925557574 352.8802895935148 285.3766239581819 416.00378416201454 Oyster-Closed 0
117.57427684846334 41.37482015078643 201.5249669165969 50.54581704888017 179.95705682586777 247.97082192398676 96.0064081664641 238.80006136758013 Oyster-Closed 0
416.000363053965 218.57417099999995 391.80600269225033 218.57417099999995 391.8063955559228 110.04760499999999 416 110.04760499999999 Oyster-SemiOpen 0
62.3695893058466 173.0180904702873 24.500209617064684 177.91452638767504 12.36728757822857 84.07764400376008 50.23583757158849 79.18126360349544 Oyster-Closed 0
112.35216953124473 192.14283922606393 87.16919007059187 193.6574018901408 81.29867253287739 96.04612414887333 106.48103754754993 94.53157984318013 Oyster-Closed 0
55.22054566569568 77.4797012702655 77.26625800562397 75.61349508393558 85.14694908324236 168.70688522916117 63.1012395850521 170.57307228983979 Oyster-Closed 0
68.15131298559572 49.49050986603559 98.06747152999014 44.71864818317664 110.22588771633673 120.94245260259636 80.30973567714682 125.71428700854055 Oyster-Closed 0
114.97991064168673 2.545700373958987 161.60238617797222 0 170.97507086741825 61.279458894594306 124.35259985964876 67.9596348412186 Oyster-Closed 0
48.97332863246629 100.00000589271781 21.82784259568507 88.2661782299133 46.71021865245348 30.702992420419378 73.85555149904394 42.43678446556111 Oyster-Closed 0
33.1553851100507 84.2857179388698 13.150927757207683 80.16249288468421 24.041703776354552 27.32482619351273 44.046063128607784 31.448041136447635 Oyster-Closed 0
43.32119958891417 36.608322980766474 34.76405726210578 16.693504140961554 51.80577917140181 9.370902675683428 60.36292400000093 29.285714000009754 Oyster-SemiOpen 0
