428.74032449741935 415.12837269718943 283.79596332722576 425.0446909680281 259.14121306105153 64.60018572006574 404.06638850553645 54.68446229230318 Oyster-Closed 0
23.616765565682726 404.4916900987497 29.065711000013835 332.22260200002233 115.96023682008672 338.7726903300223 110.51349280467912 411.0397029594735 Oyster-Closed 0
171.14400961522188 415.9998242316818 171.14739423417268 358.5349566706531 289.6313121181556 358.54123893291853 289.6302617904148 416.0037221167339 Oyster-Closed 0
127.06254293126403 42.799767657987736 211.70665709496825 53.72279534685875 186.71897240185717 247.34979442649757 102.07491469295564 236.42704399139012 Oyster-Closed 0
416.0001949144171 232.44098 400.5688442575338 232.44098 400.56911736942857 138.351037 416 138.351037 Oyster-SemiOpen 0
69.65048600083901 165.11868828205596 31.822776723653078 169.34821643953347 21.273854713173932 75.0009609758815 59.10078182111101 70.77147805331876 Oyster-Closed 0
119.58530982406955 189.03505930163993 94.35845262037765 190.11675566689277 90.16188187752414 92.24323620409632 115.38813884378396 91.16155257270599 Oyster-Closed 0
64.29775590185818 71.0394199507688 86.35939414906898 69.5526650345331 92.67681395619366 163.29356613606762 70.61517752903455 164.78030646483407 Oyster-Closed 0
77.941432510921 45.36108290908847 107.78934131706046 41.13173104949894 118.45336454473 116.39052551075011 88.60546052769496 120.61985477540519 Oyster-Closed 0
125.92792356745849 3.9046611789368235 172.47333273023105 0 180.4270383540388 61.35037655621963 133.88163235644606 67.19932808456497 Oyster-Closed 0
57.61961751416311 92.7056025286957 30.201718501695723 79.83001472809714 56.4693084405626 23.895050011507255 83.88707703013279 36.770604318918004 Oyster-Closed 0
42.026603612557665 75.8987281226677 21.807786482182564 71.26061382538361 33.66148066889218 19.587541521807932 53.880216716777795 24.22564655249764 Oyster-Closed 0
45.426026516841375 8.776835191391587 62.77316691066517 2.5119113408252587 70.28630999999223 23.315278999995897 52.93917051364042 29.58020083573879 Oyster-SemiOpen 0
