416.00263838555475 270.0041150000001 216.57041419223242 270.0041150000002 216.57577452284022 156.73304900000002 415.9995446016801 156.73304900000002 Oyster-Closed 0
54.68778367310006 228.48443919517666 100.97460772633713 153.4541497727138 222.8396022091838 228.62753351179876 176.55518326364472 303.6557238247768 Oyster-Closed 0
78.08079469076256 59.61218346909794 76.82964025531692 7.74771861305835 284.7556199961582 2.7311513561526226 286.00706163527866 54.595475109900256 Oyster-Closed 0
16.054168000009668 236.44870599999712 119.65415806975216 220.20612190403529 140.64137921428483 354.05141271598274 37.0415449098291 370.29342631016993 Oyster-Closed 0
99.50228082359172 415.9996180670119 99.51474719147518 244.6461031982987 296.5229258435829 244.65882226625487 296.520205300978 416.00285757648385 Oyster-SemiOpen 0
238.64038973837887 419.99646357929004 233.0215058156682 361.2302836586693 414.15299818767744 343.9127068325506 419.77508456398573 402.6752188110133 Oyster-Closed 0
306.8877545973628 60.001342292388614 319.362616549377 0 416.3567112995843 13.857362453560608 403.882111589759 78.67002532709796 Oyster-Closed 0
201.98484066647507 74.80926702799249 233.5512622222668 11.284065180892748 398.2447305794449 93.12127170578668 366.6793409715865 156.6455794929271 Oyster-Closed 0
222.82324365782188 35.78621687179024 248.67372272603825 159.1659424295742 11.917185319838609 208.76536099786352 0 85.38892377947498 Oyster-Closed 0
288.97302703987225 172.90704602541118 298.0554686281903 193.07793062718054 252.78110004464543 213.46224681173354 243.69885897093627 193.29153243846827 Oyster-Open 0
