416.00310001628895 299.75671300000005 211.85594993299674 299.7567130000001 211.86193195096348 187.962738 415.9993281648822 187.96273800000003 Oyster-Closed 0
216.60416098986389 211.20265735306032 194.1352920902027 288.59024588397205 43.511072346365836 244.85827145821895 65.98133311518905 167.47305693105392 Oyster-Closed 0
325.75040329221156 22.551926162922825 320.9003138055559 74.08204024535395 104.28146129604283 53.69258259841371 109.13186575209329 2.162892010635306 Oyster-Closed 0
9.511840655217384 204.22181180642855 113.40993941661145 199.38329794643548 119.7315044069328 335.11225091670536 15.833426388660882 339.9506091098982 Oyster-Closed 0
288.79739983180116 261.1589749912379 293.8168772722711 412.91031757091514 70.87457723641637 420.270200105895 65.8654032596387 268.5286790023984 Oyster-SemiOpen 0
205.87930999998935 415.9999999999807 205.8837787033808 375.8965762129392 415.50785776275734 375.9141371405411 415.50632545180633 416.01459834381416 Oyster-Closed 0
334.468313 30.627683999999995 416 30.627683999999995 416 119.937745 334.468313 119.937745 Oyster-Closed 0
223.44484720131368 82.03631047754084 264.44437410428145 25.659711145059973 415.44274229199436 135.47051807927318 374.4443537861007 191.84607800859806 Oyster-Closed 0
7.605652092057426 52.36736827458216 251.12046563576223 44.58273817062611 255.11145553756796 169.4255641277736 11.596627052877011 177.21010077913067 Oyster-Closed 0
294.17357625543445 193.18127943753706 299.1909255296159 214.60861218432555 251.1980967836971 225.8452684623044 246.18097236653557 204.41813073015885 Oyster-Open 0
