400.117489022854 138.94283886005516 409.33019031201184 249.8793111929013 198.34687565619606 267.3937347578802 189.13871627534536 156.461760047586 Oyster-Closed 0
188.00713919311602 188.853571464366 189.53255781120242 271.1128069263938 37.80492026119464 273.92258022527875 36.28203659482824 191.66581526298404 Oyster-Closed 0
81.44403800132204 53.440267739221824 78.8532039604579 4.6226262362561865 283.88983426143386 0 286.48086664300354 42.55802877691663 Oyster-Closed 0
0 229.091022 102.436293 229.091022 102.436293 363.51899 0 363.51899 Oyster-Closed 0
159.28601458615594 460.99005009953083 37.62126806331071 386.55717662416953 167.63972963488777 174.0926867783539 289.29148230449573 248.52032924998608 Oyster-SemiOpen 0
194.5632959999857 410.33222099999074 187.441510526427 352.60767195284495 398.2362606541028 326.6006412441842 405.3614659113882 384.3213150784083 Oyster-Closed 0
399.67421581511735 0 399.6742999999806 63.358952000006056 308.0202102168514 63.358877628910356 308.02028330008034 0.000028752815549825723 Oyster-Closed 0
198.99713609071478 65.93755342525876 232.2727930205183 0 387.13686198129653 75.38071814996242 353.86206997241607 142.59905655943953 Oyster-Closed 0
215.9461734416982 27.331467196543475 243.7496792086058 146.54767628887137 0.6419737634205376 203.23966675339383 0 84.0265716082453 Oyster-Closed 0
274.13719614762886 161.1117881712632 282.857386475298 180.206947912194 233.94054134732505 202.544251812834 225.22054440412103 183.44925632690646 Oyster-Open 0
