248.82523078712984 276.5536525255969 244.1592626829879 167.94937253943095 414.35972650293115 160.63570675592274 419.02908961271896 269.2367044766001 Oyster-Closed 0
85.82858599601241 272.80493135026614 85.03599147507703 192.80923625134668 235.383960848867 191.3178412373974 236.17894513101783 271.31130226272535 Oyster-Closed 0
12.766550372063648 233.2547579182273 143.69052322724383 206.28010861368767 168.24775885185227 325.45738490447343 37.32404380814842 352.43122693942314 Oyster-Closed 0
223.50938487414533 453.39109247279737 102.19096701243689 381.63882885656795 219.08412156169288 184.04894974859235 340.3907011722222 255.796735067823 Oyster-SemiOpen 0
136.29728064754454 328.83697414809615 158.24508687796697 415.59970111695293 60.82229323012143 440.23413509210735 38.877905919085606 353.47434558397487 Oyster-Closed 0
257.67623401487435 414.59758710628864 250.38845054799458 336.43264490092645 415.60064859323757 321.0304649110552 422.89216584201495 399.191160186658 Oyster-Closed 0
409.79816118030794 99.18607212491744 356.73025179641627 107.89763794443299 340.3999654590407 8.41858771412666 393.46749592372 0 Oyster-Closed 0
239.25287674012725 94.46190351788464 253.64393630889026 35.35633506738074 379.5254467664927 66.00548256727201 365.13498699736374 125.1105579872388 Oyster-Closed 0
234.00492840586594 47.84745329490363 251.38512868756516 168.336492171045 10.467934929507464 203.08240584365166 0 82.5964159101969 Oyster-Closed 0
341.64627541696245 184.2575803360684 343.8666046869257 155.20262568212098 418.2199234861182 160.8840146834174 415.99994665873237 189.93864111934894 Oyster-Closed 0
335.3179006053797 162.3114684742589 343.42741987983754 180.11455992495613 275.80469833982715 210.9151539956527 267.6954335475566 193.1122784666842 Oyster-Open 0
