416.0027827974154 304.43894400000005 250.18697739851632 304.43894400000005 250.19153690231178 195.39899099999997 415.9997292065382 195.39899099999997 Oyster-Closed 0
83.6128661476614 276.12000810840954 90.65866730797643 197.15600968237362 242.3248559250569 210.68567271710666 235.28176297413665 289.64730350652235 Oyster-Closed 0
16.735956104337674 232.4383475298685 145.27212828176562 206.33453208436018 170.10276485340364 328.58739944157725 41.56684509894694 354.69040822692807 Oyster-Closed 0
272.04256815778353 217.60771372630205 363.54672583578576 317.4581871987981 195.03515939341014 471.84515895976705 103.53812853562704 372.00153118124405 Oyster-SemiOpen 0
134.58392322718282 338.18693832156737 146.4414989999823 415.9999999999798 57.682078728685156 429.5190512111269 45.827123629940616 351.7082936445121 Oyster-Closed 0
416.0034219112822 416.0000000000001 259.4067325276701 416 259.4093904745241 357.24820500000004 415.9998439417286 357.24820500000004 Oyster-Closed 0
413.5839603552231 136.0253368792122 361.3021380800383 144.51977616348876 344.41305676406046 40.569817895063736 396.6941769149562 32.07542948831899 Oyster-Closed 0
242.0257325619168 114.1165556329925 261.0586802050966 58.3207850224117 385.78910382246977 100.86754214278399 366.7569484097585 156.66265605068477 Oyster-Closed 0
240.4386288786336 67.39908217844952 245.85265643744424 189.52260685921064 9.703847760862118 199.9863441972292 4.293274055136862 77.86603029042897 Oyster-Closed 0
343.5459800335266 213.5819809191535 348.48400212717024 185.37180003502178 420.93747145541056 198.05311115338372 415.9998731559135 226.26291969108857 Oyster-Closed 0
339.0467294316004 191.4422509297043 345.7709699215993 210.4500060439346 279.3111839863923 233.9585976963389 272.5872380453984 214.95109189270096 Oyster-Open 0
