416.00266883429504 279.44491700000003 244.16556410456178 279.4449169999999 244.17000264259696 170.73416099999997 415.99986249704307 170.73416100000003 Oyster-Closed 0
79.34433375828667 248.47696267326913 87.39681769589879 168.80418841157532 236.51895810963106 183.87314287953225 228.46887151976262 263.54385129368916 Oyster-Closed 0
10.147678000943415 199.8285803828686 144.7979136322574 193.42479964664204 150.51135471577436 313.54758383578735 15.861134837337886 319.95119123153574 Oyster-Closed 0
183.89292497669157 443.86498292198206 76.28439253463148 357.24236250663444 224.3435283103281 173.35444689311322 331.9435722602393 259.97166727764 Oyster-SemiOpen 0
114.37277229944812 309.75448007259797 126.75564815723556 401.1639643846909 27.57934236705114 414.59250993319273 15.19969468407362 323.18592098055416 Oyster-Closed 0
225.72321111260317 407.3931784802264 222.86236204286615 337.0663605639586 405.5620545386337 329.6335339459682 408.42687542119165 399.9560739156602 Oyster-Closed 0
371.427916 9.035175 416 9.035175 416 106.512636 371.427916 106.512636 Oyster-Closed 0
257.5276781779394 88.7115706868849 278.7784873452583 30.92308741461618 399.7342685321637 75.40205897070386 378.4840616725123 133.19004831966726 Oyster-Closed 0
257.9049794554994 41.852653739157596 261.7631174165326 162.90654198416422 12.582726483298757 170.84382915473412 8.727416714231367 49.79259391394756 Oyster-Closed 0
345.68701366502864 188.93988973216034 351.13941224535665 160.16711748395423 421.4519016688537 173.49024013309355 415.99987545117256 202.26268729009408 Oyster-Closed 0
341.9520679711568 166.3427017591737 347.8140926822525 184.6784675468474 275.2531323278017 207.8745408124544 269.3913767953236 189.53900340560784 Oyster-Open 0
