370.9264134372934 0 370.9265088459033 57.93495150502023 263.0613536738638 57.934893034497236 263.06141619020855 8.618336759323395e-7 Oyster-Closed 0
399.067007684509 97.99086657081483 308.63132083028177 100.66452012243879 305.8788957779143 7.552060358556591 396.31379899361855 4.878418416699645 Oyster-SemiOpen 0
296.47570897191326 37.69544766712965 352.16177152288583 51.13650444382619 313.62265281245345 210.7994597912717 257.93666619231226 197.35864878204382 Oyster-SemiOpen 0
217.6726897392291 239.70460514920273 305.40758412230207 222.19813250707395 335.436006520722 372.66655450963236 247.70134508288902 390.1723034544486 Oyster-SemiOpen 0
85.7677243863036 315.33429363261087 90.15745932079517 212.3474409585882 244.75800261953555 218.9360310314242 240.37221083271288 321.9189791922699 Oyster-SemiOpen 0
263.6129092891679 66.41995747710939 308.5651703113872 94.27151986769071 214.6383528375991 245.86260989011868 169.68659733785898 218.01170000257568 Oyster-Closed 0
98.37058163090478 131.5085598541069 124.5234636890491 76.41046101965804 228.0371202432434 125.54291087160036 201.88506402447456 180.64030860543525 Oyster-Closed 0
207.0250119639786 0 279.2595558108733 12.296006117041511 246.56943007612063 131.85922469144896 174.3349538650691 112.10961223078073 Oyster-Closed 0
0 41.166506 94.44642 41.166506 94.44642 153.194432 0 153.194432 Oyster-SemiOpen 0
0 240.726369 62.765957 240.726369 62.765957 364.288828 0 364.288828 Oyster-SemiOpen 0
0 413.611359999979 0 373.73460686773 38.26886098638715 370.6067094141793 41.2911041592597 410.4828815332263 Oyster-Closed 0
181.9086310253624 364.0922492631755 185.2595872644124 397.2853978593189 110.6585846727321 404.81337745228717 107.30854788270881 371.6210827533632 Oyster-Closed 0
172.66150997086515 316.4234363307684 174.79414670946062 373.64268144002847 99.90989731896116 376.43142086898393 97.77860971586415 319.2134596510556 Oyster-Closed 0
55.435672000014165 409.4106969999981 53.0309706275184 377.6719484797521 109.55615511239739 373.3901149113176 111.96142515225074 405.1282473949106 Oyster-Closed 0
184.81408582008225 399.8727861571114 172.57314185058203 331.6644881791638 237.37464533908496 320.03747760224707 249.6166888268599 388.24436579524127 Oyster-SemiOpen 0
390.6637334920342 118.05709514429145 453.10768380662194 176.91873399001162 337.06397951982945 300.0136752672057 274.62167311514713 241.153774185208 Oyster-Closed 0
388.29664388821766 334.10275544716166 302.3202007353466 327.58870069096275 309.58705042460133 231.71614987091783 395.5593670000053 238.23004700000052 Oyster-Closed 0
312.04943299998195 289.5779380000001 357.8078016818945 282.3880803886902 371.1759202804642 367.4517676298839 325.4175925235613 374.6414465684427 Oyster-Closed 0
197.17684213653047 186.59441585201444 126.07329871787442 277.5992618451836 21.88397072080261 196.1976203753696 92.9865581778322 105.19474401095806 Oyster-Closed 0
73.70759842937696 324.4978807687461 30.316050670950062 292.16679368340266 100.63324173324145 197.80770982943056 144.02323612942928 230.13793964953425 Oyster-Closed 0
0 195.468212 25.643502 195.468212 25.643502 237.801501 0 237.801501 Oyster-SemiOpen 0
27.888990362276672 16.026286106152458 74.63364221205484 0 155.48286664487387 49.67931339684767 108.73840420272609 96.58958488648457 Oyster-SemiOpen 0
211.52665499997238 0 211.52668845068183 45.7276031107963 152.24613552634764 45.72758012851569 152.24615830905896 0.000004231834964946008 Oyster-SemiOpen 0
50.74477351642054 48.72925402254006 29.610308376748435 66.09485712022074 0 24.313098693134584 16.41375927374247 6.947526582744644 Oyster-SemiOpen 0
314.80516916332635 215.48779308563573 266.70719760998327 180.33062186512015 323.2091149999942 103.03578300000304 371.3062089010382 138.19248708277024 Oyster-Closed 0
246.74687828856986 244.75373860571938 266.0353992285018 194.00777879021143 311.16455272104577 211.16001970709493 291.8766168904658 261.9054811400229 Oyster-Closed 0
