340.385930366072 95.87259246967986 425.4860005018527 152.885822048323 355.6650805328827 257.0966743279045 270.5658980468688 200.08454528193732 Oyster-SemiOpen 0
398.1969038257812 23.192172572301303 396.5727553077195 51.07885331013383 316.3761848571594 46.4080140274517 318.0003969999889 18.521413999980012 Oyster-Closed 0
360.44326816443936 57.143810864235036 397.1262395647027 50.33775652163762 414.367688358554 143.2636602037267 377.68473155540414 150.06965813635736 Oyster-Closed 0
344.91400277616776 113.27607854658555 283.489861446109 72.74626412956863 323.95761885946195 11.416989613608624 385.3814170000078 51.94665099999797 Oyster-SemiOpen 0
207.75634577571327 313.92651245088626 185.59666739969543 222.35970470988156 271.0461122583765 201.68293573609753 293.2070025320172 293.24789665850676 Oyster-SemiOpen 0
416.00303568244635 401.043521 359.21435664165256 401.043521 359.2164318741088 239.57993800000006 415.99992605839 239.57993800000006 Oyster-Closed 0
215.30226115424375 303.16375375519567 261.2526167976539 275.9412703749068 322.5369813040197 379.3677450909785 276.5873800114532 406.58924207540724 Oyster-Closed 0
340.60299610649963 425.99432005043224 258.2685534031989 412.2065453155426 288.2474074838865 233.24574121252456 370.5741159459503 247.0328957658328 Oyster-Closed 0
269.122177819052 15.674401456046828 264.6467143886439 92.5184353386714 196.68418409770675 88.5600318612294 201.15987790582585 11.716234859138542 Oyster-SemiOpen 0
104.46239784716818 111.29717745449908 145.9664578215088 61.357511976687476 241.71313421702143 140.92961684998187 200.20986816295408 190.86856801965882 Oyster-Closed 0
168.68256086502515 271.0158479712835 131.51901358892064 285.8483989903593 96.064753124665 197.02364816692315 133.2270062010939 182.19138574769318 Oyster-Closed 0
103.24775185942781 275.8746679908461 176.68518426866285 272.47374331861505 181.99369532575292 387.08209352996926 108.55627211722822 390.48290403836046 Oyster-Closed 0
276.4344782670123 398.0562073942826 235.2128767651193 425.22738155212545 178.53106720401775 339.25410289685567 219.75063475368734 312.08383886747777 Oyster-Closed 0
74.2142417230898 222.68525081378124 113.47075001672783 227.06500504036222 102.15622751758929 328.46651831124007 62.899736984873016 324.08687220727285 Oyster-Closed 0
98.1602899398058 337.65138148705364 41.27746747704441 352.0033504343311 16.176975551545183 252.53047881398064 73.05677033055326 238.17892085815936 Oyster-SemiOpen 0
37.11808167984418 344.5415061361315 110.55112397437915 330.92026612635925 126.33638499997687 416.0000000000035 52.903456010564696 429.62084851843565 Oyster-SemiOpen 0
275.3021710210378 229.12592142112572 205.80852850399606 223.45190915575117 213.20278608023364 132.90439586864505 282.6945755189554 138.57833620940804 Oyster-SemiOpen 0
294.4681106149874 247.29602394475793 261.8258347265728 237.8268535788047 300.8511105940597 103.30939744664327 333.492096396596 112.77837176668243 Oyster-SemiOpen 0
343.8660422989451 120.37906804511434 288.71295899999313 143.75335199999648 253.0116601888003 59.51448432308702 308.1640618934798 36.140362909539576 Oyster-SemiOpen 0
282.43924967020575 128.77394285116628 233.1113935027097 131.33105348062054 229.45291318325326 60.75339578326458 278.7801919387821 58.19630010587054 Oyster-SemiOpen 0
159.4125440000098 416.00000000001125 159.41353218294535 382.31523617808995 213.21276379960182 382.31660143402405 213.21241199255746 416.00073022425835 Oyster-Closed 0
62.41180318258921 198.8968069203903 0 132.615120196945 77.38729249215976 58.523160795981454 140.3771510969018 124.80402561705884 Oyster-Closed 0
2.255628999981127 35.19860099999989 30.515667336014303 33.38765311383357 38.29170065703147 154.73202808602883 10.031664823498431 156.5429580484103 Oyster-Closed 0
80.82692612691244 191.81599926649938 98.12466365196451 246.5075370995278 24.059110583282745 269.9294733463381 6.762377041290165 215.238783373113 Oyster-Closed 0
89.17727232092147 360.0716962155325 122.79064011171795 336.9833548944118 170.8490214922931 406.9326775587249 137.2362061193926 430.0203537094021 Oyster-Closed 0
266.6203012211736 415.997622164409 220.7093869072014 448.63145051575356 142.77744325919411 339.01762710173176 188.6856420575532 306.38515816067763 Oyster-Closed 0
247.62805566041789 325.1538395460564 224.2339714619775 349.04638714233636 177.65263261777 303.44418867287175 201.04632566414512 279.55205647914084 Oyster-Closed 0
213.1723695160872 189.45075916810953 196.64203581773836 214.44894192678052 130.06997023982694 170.42952390920914 146.60024022927246 145.43165979837437 Oyster-Closed 0
89.96652457486198 211.02944136171175 67.33779734089694 171.39681724261783 132.07521109586378 134.43614331071174 154.7039436874984 174.06831767936268 Oyster-Closed 0
261.57417996824734 131.91386675222603 222.05547372207366 159.9884396850093 190.7933451216013 115.98369053792307 230.311726538348 87.90928035304928 Oyster-Closed 0
315.59694652134567 18.381368539806342 314.1826389054513 42.66463863117325 263.9369726703153 39.738188324619735 265.35131000000547 15.45495400000462 Oyster-Closed 0
135.94420119197093 101.55799491761024 73.57361727757961 79.75252468265954 103.94447723096164 0 166.3145570942761 14.689034820861762 Oyster-SemiOpen 0
101.53980444284025 17.471478092310175 103.947084868596 54.47466481151025 20.535706452581508 59.90088357235544 18.128538443535945 22.89779805697374 Oyster-Closed 0
137.00915213863482 193.7370721515025 159.38045957301074 185.76413985744264 189.05948495895063 269.0334382641058 166.68824795367982 277.0062254745543 Oyster-SemiOpen 0
416.0007165756433 416 331.1437733303719 416 331.1450717936241 364.99612 415.99900926528426 364.9961200000001 Oyster-SemiOpen 0
324.0801748653248 427.36271396927305 291.52833503738293 407.14893691572814 347.8336158120801 316.5009963840577 380.38365398038513 336.7140325635161 Oyster-Closed 0
