413.7957250000072 0 413.7957305875716 23.608259769042128 359.2184897987172 23.60825135202925 359.21849800001655 2.2761639577893657e-11 Oyster-Closed 0
395.636794721504 0 395.63694950483114 75.3304162314512 291.2262263986304 75.33030877765506 291.2263319201047 0.000014800330688230816 Oyster-Closed 0
403.6054857840609 134.4867204733679 321.000455410438 128.2273457303772 327.99255813017953 35.961209840787824 410.5964439999734 42.22054099999835 Oyster-SemiOpen 0
318.9173631038793 57.024018603255854 370.71537307187464 78.82514334855736 305.5001149481541 233.76661160306813 253.70235841583053 211.965960235927 Oyster-SemiOpen 0
211.46179261154975 399.0088721522142 200.87167125535416 247.5128233425476 288.4548268097824 241.39193178385898 299.0483645099375 392.8843588354579 Oyster-SemiOpen 0
68.63151641777586 297.68647547601125 94.48343115292664 194.4661529646866 238.27666946389581 230.47582991683765 212.42895888362182 333.6924552728397 Oyster-SemiOpen 0
282.6496987421924 79.34112219268141 322.61330704177453 113.57001909376255 205.7584778476412 249.9958746383472 165.79568209562785 215.76783554643202 Oyster-Closed 0
238.7993896577209 135.7858287463714 199.18652180712888 183.43962950357374 112.95318715924441 111.75836237227492 152.56568194615465 64.10516709663523 Oyster-Closed 0
240.94528253449607 0 307.87735102797524 25.975560846268273 255.34204996948392 141.3391431734182 188.4101505805811 110.85949541537623 Oyster-Closed 0
14.152370802043151 0 123.95168251685391 14.141400147974728 106.51628551955218 134.39124522074025 0 118.47132852244226 Oyster-SemiOpen 0
0 207.974672 49.287676 207.974672 49.287676 338.120324 0 338.120324 Oyster-SemiOpen 0
152.24156179414058 365.2802935068755 149.46469852962036 399.4232444473979 76.63079924620979 393.5000008819218 79.40842259957935 359.35789530182797 Oyster-Closed 0
151.77724308974575 315.43416072255167 143.11916360075702 373.5548916447796 71.08192985271671 362.8243967767124 79.74104499434543 304.70490263699315 Oyster-Closed 0
21.2492896117692 401.963115147286 21.250449716048024 360.06201797403554 78.80835948843014 360.0634143061867 78.80800953955622 401.9637046515592 Oyster-Closed 0
212.9234483763248 398.89201368124833 151.2293917743773 404.5354902566745 144.78504897426683 334.0874066741386 206.47630464794565 328.44405906823954 Oyster-SemiOpen 0
394.25339868697483 155.38164274435744 447.851473187231 224.25054665141343 315.8149321660021 326.99618124639386 262.21940752790033 258.1296232397055 Oyster-Closed 0
371.5099308502322 380.5320624669655 276.6209288576538 366.77610366750594 291.88750058880396 261.50764367056934 386.77095424516665 275.2631968730445 Oyster-Closed 0
289.96001399998204 313.5653960000001 333.07107657958477 313.4372747353993 333.3086918062836 393.3750119286694 290.1976292575164 393.5031300170655 Oyster-Closed 0
199.0264265675869 189.9044248833404 110.98168634119429 264.3534153189938 26.27721057562303 164.18359267577952 114.31975968768529 89.73609458960759 Oyster-Closed 0
55.77518537065407 305.27527047519925 17.84026950145926 266.72626033808933 102.16512531502667 183.75454007838417 140.09913111708738 222.3025861708721 Oyster-Closed 0
0 159.989671 28.249776 159.989671 28.249776 206.464111 0 206.464111 Oyster-SemiOpen 0
72.69186581066242 1.9948100266928503 121.46328237421403 0 182.20297823522924 40.112325765498 133.431658250287 78.72147535604476 Oyster-SemiOpen 0
182.80583521331573 40.84895347543223 182.8058624164296 0 245.1813340000008 1.1820133904323977e-11 245.1813537908638 40.84893993664167 Oyster-SemiOpen 0
75.94920369397732 0 75.94920799997635 26.22048642725194 39.484180807216035 26.22047987880798 39.48418799997671 0 Oyster-SemiOpen 0
333.4215657655768 127.0523806245069 377.0978942107831 164.51410473679388 310.9283972171397 241.6554643422955 267.2526416995097 204.19435564191747 Oyster-Closed 0
275.1069326986981 281.69628704056396 234.1661961177524 255.8294436986225 263.591350918221 209.26247448889356 304.53134758165834 235.1290086473971 Oyster-Closed 0
