326.15159729596417 291.9380281746997 265.9596984810523 210.11856214867083 366.30852148776466 136.3017449337048 426.49975283584354 218.11933853314147 Oyster-SemiOpen 0
425.13667510616506 54.82722157783665 416 102.23906600002135 357.5795786114759 90.98086004376742 366.71638911432456 43.56919400375406 Oyster-Closed 0
416.00030879188853 197.93898899999996 387.3405006348439 197.93898899999996 387.3408495005024 112.77370300000001 416 112.77370300000001 Oyster-Closed 0
419.3205387188136 107.97713060571547 367.18495229953623 158.43420754653096 316.7805288367308 106.3536158918995 368.9157412450804 55.89687512609054 Oyster-SemiOpen 0
167.68077775305574 307.0311749846422 170.1352757606437 215.4791664650647 260.880843152725 217.91186836748713 258.4283065816562 309.4619495455056 Oyster-SemiOpen 0
393.8896681246406 428.364338368613 293.78910594975605 415.9696765750353 310.96920883391067 277.2877474900605 411.06150322629037 289.68190452017666 Oyster-Closed 0
176.69937280337763 298.8445033407713 230.39934704832558 285.0181426854239 259.3813245752426 397.55927207285714 205.68154408204282 411.3851412943081 Oyster-Closed 0
263.4453474064976 445.06530840108616 189.05085966819024 405.91357099722387 271.29916959146067 249.66937287523686 345.68769168067956 288.81926946474886 Oyster-Closed 0
317.2034672690097 34.02720857064465 302.4155676603441 110.76456729235304 231.68772243820422 97.13456612783631 246.47587583317727 20.39750966589814 Oyster-SemiOpen 0
126.11838613190048 91.28546780826558 180.59924317358673 52.58811183050064 250.81197143696772 151.43694646077873 196.33157768143792 190.13379878504634 Oyster-Closed 0
140.46920094070447 257.10212798824057 99.1469946911202 260.6478744935974 91.2258962176129 168.33426476785536 132.54668496999147 164.78857915881284 Oyster-Closed 0
74.80073522351086 242.85104527839567 147.237926451744 262.65693833000074 117.14479064647094 372.7005106052222 44.70783213173854 352.8952290178498 Oyster-Closed 0
208.09844273214912 403.23448281274756 159.19163038899933 418.5494051833743 129.41453529089267 323.47721387748186 178.31843992623908 308.1627812885667 Oyster-Closed 0
62.551024326632614 185.8873898595139 98.86671659013882 202.49339985194112 56.42191284628643 295.3067655080019 20.106440438961727 278.701113367266 Oyster-Closed 0
50.36968348494702 302.17777851166016 0 299.1946593579807 2.514652358233434 199.18222911352615 55.95216000001528 202.16527700000083 Oyster-SemiOpen 0
0 293.781141 54.935390999999996 293.781141 54.935390999999996 402.466589 0 402.466589 Oyster-SemiOpen 0
258.5783789389243 244.762221408541 193.48477068905413 217.34500532927876 227.5972399033344 136.36273179475987 292.6892793532061 163.77958709625753 Oyster-SemiOpen 0
271.72060065776895 267.04233769935286 243.72623045499495 247.84336127107096 323.12286506957753 132.08340307765664 351.11626875930597 151.28192012449742 Oyster-SemiOpen 0
359.64049761360366 161.48171985246785 297.88864900000044 168.18840399999868 288.22657878397877 79.22231352309642 349.97728975427526 72.5156908981021 Oyster-SemiOpen 0
295.8044509251122 154.26303333073534 247.0440440258826 141.2288557969957 265.1657741103845 73.43903902095715 313.9255333887886 86.47312567909255 Oyster-SemiOpen 0
78.972995000011 407.241849000005 88.28317805823826 358.9508276369162 149.90312312768583 370.82756665711133 140.59412126517782 419.11755078590244 Oyster-Closed 0
56.46071799898709 162.60168208853088 16.97796151757575 83.16454467398621 116.60414676915025 33.648056353974354 156.08702181479384 113.0844167778407 Oyster-Closed 0
24.167536865075817 0.13887503645057417 68.16902303482493 5.588319726457825 54.34627662883577 117.19936237037003 10.344796000019414 111.74994999999916 Oyster-Closed 0
76.92521106403365 160.35746426238524 78.76297068530766 216.17340934265482 0.15111511796567356 218.76060752946006 0 162.9453818519084 Oyster-Closed 0
34.98787136233659 319.7156036797536 79.66397225500259 308.4995691573046 102.48416285563508 399.3784838342203 57.80819041882569 410.59418247210743 Oyster-Closed 0
192.15100157698544 415.99901691497524 137.0905431778665 435.43080651957376 94.34921897837921 314.3454812373552 149.4056928103637 294.91444457229517 Oyster-Closed 0
201.6064029929803 327.14231809717495 171.83348546396155 344.6409074326566 139.98011133966793 290.4524456451363 169.75225714898625 272.9541434013811 Oyster-Closed 0
208.93312693518237 191.32205412878704 186.12867993095642 211.81715761410544 134.08370181688952 153.91064757076495 156.88783726036854 133.41578835731949 Oyster-Closed 0
81.0086371153302 180.50085560256554 70.68313125165878 137.60476994221102 145.9444084851857 119.48918675418577 156.27020963900213 162.38483386265486 Oyster-Closed 0
274.6590613366061 150.0889650304319 227.2531266870683 166.90525415942898 209.81946148664065 117.7596479939892 257.2248667635213 100.94346115259299 Oyster-Closed 0
367.95229498264234 43.80717665820742 361.0763508897835 79.4876383412928 306.95747571456377 69.05840512101962 313.83349299999463 33.37805100001892 Oyster-Closed 0
213.19935757076746 14.908228429167583 208.64468393957213 80.04558494976744 116.30243364824128 73.58836914628071 120.85732511655442 8.45123096088145 Oyster-SemiOpen 0
146.10526036799274 10.216612534077054 144.37912053706896 34.90204364733815 60.34136017949277 29.025586800753658 62.067532308908994 4.340185938589205 Oyster-Closed 0
132.72827852955743 176.1199340787026 157.29528155753724 174.99831148578485 161.19825874936578 260.47890871150497 136.63125693763868 261.6005126124237 Oyster-SemiOpen 0
294.67526708770674 387.95623317017527 307.4650637812956 397.80091394551647 285.87271028594114 425.8445563248605 273.08302299999923 415.99999999998937 Oyster-SemiOpen 0
248.6046658987616 432.7505568027134 227.8822704670747 403.2689022690766 307.2621939064411 347.4887352754093 327.9842825694177 376.96938154561303 Oyster-Closed 0
