406.1602417926297 92.34860321777668 428.10600072283705 221.05467530372468 225.4049541413915 255.61011282861315 203.4636352028392 126.90783925953984 Oyster-SemiOpen 0
20.85128419845205 218.33105616142453 274.6193613320611 246.15078557955843 255.92315439918457 416.66814641143054 2.155347983036336 388.8497499355335 Oyster-Closed 0
21.780117936119495 415.23904101375655 18.897708379608957 360.20774910673197 104.76023081096719 355.7111253897445 107.64415372901567 410.7408168698714 Oyster-Closed 0
110.61693536979146 241.83972494223008 0.324908733015036 181.95551622882053 121.12033104165312 0 231.40801952600668 19.37452593461688 Oyster-Closed 0
0.27381973537194426 15.687078314714533 57.62556293619855 14.686010581845817 59.369526064958336 114.59809611115749 2.017782506685762 115.59915814824895 Oyster-Closed 0
404.2490742026712 27.329703202133743 412.8911530017431 120.03587487149085 189.21155822285073 140.88442989658495 180.5710912611612 48.17962084917964 Oyster-Closed 0
413.7579619993812 195.06529018373448 419.6039756244536 333.2595552997726 176.94552001533157 343.51325796513083 171.10780009308291 205.3273035024593 Oyster-Closed 0
416.00050994666526 236.64601400000004 367.38210290257484 236.64601400000004 367.3832396526923 86.03103200000001 415.99967929127524 86.03103199999998 Oyster-Closed 0
233.8144465077021 208.74824090814218 172.2187288478999 224.77751448939406 145.4218426782245 121.8076942671895 207.01567859422357 105.7786842325581 Oyster-SemiOpen 0
0 164.04572227194282 72.8832016669694 156.17306990768722 94.26671463981256 359.0105926731284 19.581793188743177 366.8828731443334 Oyster-Closed 0
152.78784618210557 169.88776176700887 177.04267215768778 214.9603484197034 85.00038133435373 264.4855529953509 60.7465965257652 219.41385749966634 Oyster-SemiOpen 0
