398.8766520769532 118.23425308269938 412.592852621201 248.1931136943887 208.364942987424 269.7403332870455 194.65358974385163 139.78577066194103 Oyster-SemiOpen 0
247.88208859171937 248.62085645068697 235.02224981161635 422.7912821552185 0 404.704328886308 3.073510631966201 230.5462144381394 Oyster-Closed 0
0 362.301396 80.378459 362.301396 80.378459 416 0 416 Oyster-Closed 0
94.82902885322983 248.56105313696622 0 181.89464854470697 127.23089834531129 0 233.44832624866103 27.69771774357373 Oyster-Closed 0
0 16.339937 54.356253 16.339937 54.356253 113.41999899999999 0 113.41999899999999 Oyster-Closed 0
401.1331755350111 53.16538234194744 403.84002556105406 146.32042622331878 179.5745425589812 152.83356443841336 176.86960039881524 59.68022602106734 Oyster-Closed 0
404.30722505777885 221.41712888757536 401.2973973429871 359.83164933933426 154.3799950754037 354.45211659385365 157.39827648693245 216.04661110138093 Oyster-Closed 0
403.87852041135193 265.10193198082715 351.7257717508328 262.67307461088427 358.8435736234205 109.88481197361166 410.99367670255015 112.31360733479283 Oyster-Closed 0
219.68606030109368 223.52563049161787 157.25990281119812 235.53649379158443 137.1334040300644 130.93153660005768 199.55747451581192 118.92088428129048 Oyster-SemiOpen 0
0 267.0784359999878 0 182.10768923133804 32.686612726298335 156.30220396347485 65.94220114828568 241.27182863917668 Oyster-Closed 0
141.40742973309534 179.47406585685434 162.78029847852304 226.0104068259484 67.85618691940545 269.6012232754966 46.48444171107985 223.06583377995508 Oyster-SemiOpen 0
