358.39457279756607 91.35010226362849 427.4332764116698 158.58778027515143 335.38230831122564 253.09821635495285 266.344924775829 185.86187084259916 Oyster-SemiOpen 0
415.9999998131898 0 416.00003512150215 51.828551000013945 352.52907378381497 51.82851569778318 352.52910815826544 0.0000015781099435305094 Oyster-Closed 0
416.0002579916181 147.699683 383.7851103830144 147.699683 383.78540500518284 56.129054 416 56.129054 Oyster-Closed 0
412.52548969845157 53.2090810413233 367.3305444181897 115.97396674395853 310.06032329005393 74.73562155866024 355.25520575010887 11.970950876461556 Oyster-SemiOpen 0
180.87587571665426 293.37432333786563 168.4801750400693 202.8048729058623 258.6208693510598 190.4691162123421 271.0180231161685 281.03679856126195 Oyster-SemiOpen 0
345.546136246041 228.52598707109902 438.1165328268544 249.90437589086605 400.58021932263 412.4127212403624 308.01012227297906 391.035329558534 Oyster-Closed 0
185.06950588502514 282.7136776596648 238.45955837469228 263.88136374924045 276.6651949130537 372.17716794593076 223.2754651912801 391.0088589130712 Oyster-Closed 0
277.5451683680003 218.22271496917043 352.2547726856792 250.17176485862205 275.626776040659 429.3274154733868 200.918205499951 397.3801101458773 Oyster-Closed 0
301.11239591581034 0 301.11251668180194 74.78375108338567 228.59273993943862 74.78367880039495 228.5928036396872 0.000018483790645766992 Oyster-SemiOpen 0
118.37478879185801 85.50570638730464 170.23740600123347 39.246318754240164 247.9249501453305 126.34292914580523 196.06286121953235 172.6018022445821 Oyster-Closed 0
90.65040524943106 165.44034396910206 131.93378872155154 158.89886833816774 146.34653042260106 249.85185841396654 105.06317145421053 256.39322422582615 Oyster-Closed 0
80.47133441393817 242.80707978450016 152.91417536298468 256.01056580084867 131.7510289696329 372.1070148170337 59.30829584001549 358.9039499926609 Oyster-Closed 0
225.59321049392747 384.00027750542677 177.08491363457506 404.10674001253284 140.0021051438889 314.65845419853 188.5078428730303 294.552593193745 Oyster-Closed 0
63.733342208633985 189.0228664510066 100.35023544746218 201.7435378223621 65.63646072445044 301.65828224327015 29.019708700900082 288.93790055329066 Oyster-Closed 0
2.423059402692161 208.23515054072328 59.252599523770186 207.57396801088288 60.44942997329781 310.43182483894174 3.619890068210225 311.0929915874894 Oyster-SemiOpen 0
3.580977819816326 307.7484600543322 71.93000874614518 306.95333547751625 73.0982685862291 407.35635939439555 4.749238182164845 408.15145906787563 Oyster-SemiOpen 0
262.3543508840485 217.06107398895767 196.86144144441278 196.38278657183838 223.5143070140184 111.97336313112642 289.0057644246044 132.65141508546992 Oyster-SemiOpen 0
277.09567834919653 237.29171691847603 248.31850499982465 221.74422466460368 317.4999678070817 93.70302811059511 346.2761780097753 109.25020266438224 Oyster-SemiOpen 0
356.66889988221374 122.50726081033716 295.08293599998797 134.40552600000328 277.5024312531641 43.40741701057511 339.087611639221 31.509228000093465 Oyster-SemiOpen 0
291.505789164672 123.01896598121725 242.7491720255166 114.40848394141472 255.42239823392447 42.64912531775336 304.1785093600229 51.259561701716066 Oyster-SemiOpen 0
97.57415699997728 408.08814199999364 99.02388705234262 358.3669498609562 161.564424523036 360.1897765790691 160.11577578209108 409.90992339945154 Oyster-Closed 0
56.60802136193888 167.23733719323823 7.838626024673431 96.74047955872503 102.57806404519943 31.20152085420128 151.3472534454886 101.69765542180929 Oyster-Closed 0
10.641531396788196 0 54.54996341169317 0.8979008376183344 49.425276354555535 126.74399564687218 5.516844999965542 124.95598499999916 Oyster-Closed 0
72.74641950763908 163.07492021962565 83.50640987096995 217.49624697400267 3.658385259921488 233.281359026515 0 178.8607953254183 Oyster-Closed 0
46.81004565782496 327.92362227361434 91.23868962188499 312.56601808532474 120.90063382277731 398.35776025033863 76.47221608257314 413.71491411093905 Oyster-Closed 0
217.8897452360252 410.8385119254213 163.341169491021 436.76606932100515 103.71363283624669 311.3415108922321 158.25804237623015 285.41512287414406 Oyster-Closed 0
212.96616308282682 308.87572308863946 184.13657168103964 330.1323374027087 147.86213448556737 280.9415359622034 176.69112118175326 259.68524600419346 Oyster-Closed 0
208.83205227567305 171.93510097152625 187.81235821405062 195.97958502057728 131.49879843556118 146.75218699168258 152.51831415084598 122.70795681848684 Oyster-Closed 0
85.3414958040994 182.90075440097502 65.65852402041492 144.85986021640198 136.98871375596354 107.95379023860784 156.671735010681 145.99428951252932 Oyster-Closed 0
270.76242655818714 120.53460348764395 223.85121827121475 142.18022435973182 202.43069712630313 95.75733535168384 249.34151214826852 74.11181973029868 Oyster-Closed 0
354.1742770000019 0 354.174292165113 35.14888477902419 300.1551882002568 35.14887022743509 300.1552040000024 2.101730411977851e-11 Oyster-Closed 0
149.91214549594224 81.86730507230986 95.82155685582256 49.08383974624675 144.70422799656444 0 198.79453716193893 1.2144788768817907 Oyster-SemiOpen 0
132.7202120000111 0 132.72022903208926 28.763271618270217 48.08369078295436 28.763260496418432 48.08370387660034 0.00000324076295291338 Oyster-Closed 0
131.9688676955775 168.57643312363732 156.47785692566322 165.43741813018036 167.2540421624035 249.57038203608238 142.74506205002763 252.70934737855413 Oyster-SemiOpen 0
275.40843300002234 409.7024640000037 274.2482620190276 359.7334544746586 394.43794438679834 356.94251934792266 395.60010757498094 406.90945989062686 Oyster-SemiOpen 0
263.85459569039085 422.146843393351 236.35596971030827 398.12792141821745 314.48039569272805 308.7081211287291 341.97772472305223 332.7260862779472 Oyster-Closed 0
