420.2452369265011 183.3760145406605 400.1164257152086 311.9338721051492 196.70331265121422 280.0810503256343 216.83637300000555 151.5284939999986 Oyster-SemiOpen 0
0 265.3016555447791 56.64053378702374 150.64055605937628 267.91069964551934 346.81567437275623 161.4369210822515 461.46805032492296 Oyster-Closed 0
0 325.014672 61.412986 325.014672 61.412986 403.498945 0 403.498945 Oyster-Closed 0
101.13984518799771 230.98140802989434 6.059411337297206 140.20319245138086 177.66657281389416 0 272.74486066351164 51.244949139815695 Oyster-Closed 0
92.89824175271133 5.953055821616719 88.01176297753773 82.20671327407412 14.575952000021061 77.5006380000043 19.462620506172243 1.2472337433960778 Oyster-Closed 0
429.1714685428051 126.56701669148649 402.44926053188465 214.57884193745838 195.13929843466394 151.63354083472893 221.86286455809386 63.62387495380966 Oyster-Closed 0
413.7978545303413 287.10607912173 376.18726240015894 418.0384819200604 131.24087966698426 347.67882698258603 168.85679677874214 216.75629336902142 Oyster-Closed 0
405.94891366480806 328.6016861524901 353.1659972182897 322.07020872915973 367.67820567573654 204.82215533944282 420.4581787846837 211.35344648388278 Oyster-Closed 0
226.70054807497218 234.99565585718403 163.72702186953393 236.6088203770346 161.0585999169889 132.41096324535243 224.029941994846 130.79782725593213 Oyster-SemiOpen 0
0 234.8640719999901 0 126.81744484836389 47.14857656939421 109.10875689178341 73.26649076907779 217.15413480440003 Oyster-Closed 0
157.79262263841156 176.24974805176518 167.08561110923256 227.98806020095142 66.87158513543181 245.98518770936528 57.579700000009325 194.24784999999235 Oyster-SemiOpen 0
