419.13452140627123 7.2835268556176835 415.96816300643695 45.88023648315738 343.23396393808434 39.91327250110109 346.40037099999245 1.316650999987851 Oyster-Closed 0
311.2870088646014 92.34973621929998 293.1353307261743 4.585399257047374 393.64805634024015 0 411.7999353853884 71.56111561083813 Oyster-Closed 0
416.00066835921825 156.219055 336.13299058628036 156.219055 336.13367169654884 63.89069199999996 415.9999902714917 63.89069199999999 Oyster-SemiOpen 0
330.7428603182634 74.41821674480704 384.7524685999779 96.49761784686837 322.53105766405497 248.6939900231282 268.5217233606563 226.6151086240533 Oyster-SemiOpen 0
231.12970423150182 406.58217679068565 224.98930430565088 255.77634707739574 311.7958501613539 252.24307772220843 317.9398426930311 403.0451894509904 Oyster-SemiOpen 0
225.78848359418043 338.9865832576882 84.96704608250366 295.70399163749096 115.3277806726037 196.94852562519733 256.14262526651146 240.2300157327347 Oyster-SemiOpen 0
295.7212630828835 92.07484911138116 337.22980616666246 129.0002989179318 223.45606970910376 256.88800996395315 181.94842655098182 219.96349611896443 Oyster-Closed 0
253.60782517571715 145.62262650980367 214.10059696764438 189.4557406594177 126.4610776600748 110.46705869720975 165.9678310948657 66.63455206451196 Oyster-Closed 0
251.04469640501338 6.49374604329673 320.9532810601304 37.64420561250349 270.71855466453053 150.3809391853122 200.81015629603644 119.2307362723135 Oyster-Closed 0
24.223275211632426 0 135.81939043121383 10.641864142781376 121.46552880021045 128.12980759634434 9.869428764326585 114.49594262960106 Oyster-SemiOpen 0
0 194.349241 67.006967 194.349241 67.006967 330.915098 0 330.915098 Oyster-SemiOpen 0
40.99040847671131 394.34081761683007 15.137476004067139 412.99590005371147 0 356.23065795752285 0.01928030421913718 337.57600641608576 Oyster-Closed 0
174.0290586195988 369.59498465918983 168.53497057558707 403.17301661735564 95.11624097319145 391.1621138463955 100.61099713952717 357.5849312822035 Oyster-Closed 0
171.7357184175853 319.34594637349227 158.67602258688203 375.8295998675273 87.03945135098911 359.26831446668 100.10000825782481 302.78587648955886 Oyster-Closed 0
40.743864609878074 395.36535032694644 44.17763904089952 353.5341546966805 101.09031193964984 358.204608968991 97.65738782671542 400.0350129692831 Oyster-Closed 0
233.3285016474947 406.4925651147581 172.46150955028497 413.3894668973803 164.24630468423857 340.8938333646314 225.11043075724592 333.99709450417964 Oyster-SemiOpen 0
403.5672945499209 305.54808445773364 282.1604225370029 290.7168741901625 296.59961351586026 172.5653224007721 418.0002606300113 187.3961383304435 Oyster-Closed 0
391.897444749171 401.0728572380908 295.4552053807165 389.29245355875514 308.0990256852492 285.82980030269096 404.53539426537463 297.6098468361151 Oyster-Closed 0
308.56548000001203 328.4922070000005 349.0335110172091 325.83057975707965 354.01551971600566 401.5614465654678 313.547495384817 404.22300888632674 Oyster-Closed 0
214.44504901648907 196.1823128195096 129.08553981080695 265.1179599634272 41.8006286794116 157.04108552796555 127.15779254252266 88.10690295866485 Oyster-Closed 0
74.13727818448388 300.9137520598543 35.207350478351145 259.0576067313187 117.62265559915613 182.41289347550972 156.55178029643866 224.26805106865612 Oyster-Closed 0
0 171.5440203600656 10.621727704081422 142.212798144679 50.587198374774744 172.90408345183977 28.061585806706717 202.23508544011142 Oyster-SemiOpen 0
87.47267835440289 1.576612131318865 135.1170712548992 0 194.21496658237447 43.03855964333557 146.57066689265412 79.27641148613296 Oyster-SemiOpen 0
258.59218699997655 0 258.59222716738805 46.53379208997846 194.49418673413675 46.53376833998221 194.49421049218654 0.000007949575202439622 Oyster-SemiOpen 0
87.75577935688489 0 87.75578199998927 21.579885999994623 56.08916114886961 21.579882166147673 56.08916499999759 0 Oyster-SemiOpen 0
322.9665444036218 254.4130619093948 279.6599117838741 208.79200517450545 347.6632330000102 144.24379700000006 390.96921226740596 189.86410473274714 Oyster-Closed 0
250.32468570063793 264.9108407313774 280.7916815122662 222.0045670956885 323.42702583217397 252.27604427874252 292.96060556620796 295.18180316702944 Oyster-Closed 0
