420.8811534271663 16.857782251354394 412.2834040000016 130.15133299999886 182.5810824249238 112.71719501794611 191.1802109452292 0 Oyster-Closed 0
0 7.765752000000001 74.921593 7.765752000000001 74.921593 318.047374 0 318.047374 Oyster-Closed 0
276.135963627974 243.01273160232606 181.89168347596933 313.679466100434 0 60.651702232293395 86.39781234602924 0 Oyster-Closed 0
390.9057166724924 120.35468378498437 477.94153165488024 179.44844729442025 360.18397527026536 352.86697136069205 273.1500774170818 293.7758011065286 Oyster-Closed 0
391.40232458207174 402.7668460242411 350.61208316769626 398.7267830372552 361.4543569793823 289.29755145925316 402.24188981017505 293.33747942892506 Oyster-Closed 0
319.4652622718422 252.4800487281939 306.29759856029705 426.0961070293684 43.28379932552707 406.13687841606077 56.46347269522812 232.53455444947446 Oyster-Closed 0
149.6155471680686 415.99871889897105 149.62588370591766 305.65236154851954 359.87891769720227 305.67101160522594 359.8759857868354 416.00954379795144 Oyster-Closed 0
372.12857840385186 131.85407333985543 336.42635717107987 239.15331181469705 230.1310060464275 203.7856141788295 265.8340689999968 96.48833099998664 Oyster-Open 0
200.553814825289 1.1667012543981998 200.27105717141603 49.774809517406496 94.1038344802655 49.15706161309472 94.38670200001434 0.5491260000202465 Oyster-Closed 0
123.50556575841983 61.35116364365157 179.6548904349038 7.235735362182486 338.2663670671609 171.80620145279866 282.1183330035492 225.92037287681828 Oyster-Closed 0
53.80995799421726 68.5258075275221 110.91484247463814 80.64951716183865 40.670130848015106 411.4847515319265 0 399.36194159093424 Oyster-Closed 0
