207.89762613359198 227.16667068627356 158.98912048096463 232.06983377892809 150.32348664050733 145.62951251123408 199.23056050064406 140.72642329381546 Oyster-Open 0
224.4397220000028 0 224.4397458062922 39.79021279032182 167.9064096900729 39.79019753418041 167.90642471022875 1.0738936126028802e-7 Oyster-Closed 0
306.49213855310154 138.4260777935287 246.8484284069782 106.65164577659894 287.16507887420084 30.975184780255884 346.8081793822712 62.749418265582506 Oyster-Closed 0
409.50997103804184 121.11358545687492 345.71083866055415 110.72983626918317 356.41878834611634 44.941425429231614 420.21729839201 55.32512245958863 Oyster-Closed 0
416.0000277092986 126.73294899999999 408.2730178920028 126.73294899999999 408.27305519407673 82.03118199999999 416 82.03118199999999 Oyster-Closed 0
287.6412657148685 44.00913761102085 285.6502005680086 0.23773066497917617 349.31431897910807 0 351.3054329177685 41.113134520914855 Oyster-Closed 0
25.033800813180278 46.982724562273305 57.68396006145849 0 115.63050281009055 27.171512272201323 82.98047770123958 81.68734881058772 Oyster-SemiOpen 0
208.53170330171633 223.51367106107028 220.91523804772805 294.76675630719086 150.2617268400645 307.04329887408073 137.87954088676634 235.7914099284596 Oyster-Closed 0
135.74414429180615 173.11711909803603 171.17803623497093 205.64304585251804 121.68943287396178 259.5512789164764 86.2559736969888 227.02580329077566 Oyster-Closed 0
124.62666728072145 164.6101937307673 86.67376871529996 152.13881507498462 104.71706799013555 97.23209270843779 142.6695001682565 109.70338829914105 Oyster-Closed 0
90.31259935789421 84.88021095711453 109.12924897418998 123.61897744916999 44.74794764012404 154.88984605237417 25.931640092479938 116.15137063359222 Oyster-Closed 0
21.852556804886262 50.69904026814763 73.89317937204032 52.82706401037036 71.3882804281202 114.08354460592946 19.347658999988198 111.9555300000001 Oyster-Closed 0
145.073172344888 236.46615234755473 151.66841787886005 277.3555669452462 105.55419770961817 284.79210620510014 98.95944432577744 243.9031273524902 Oyster-Closed 0
102.31051002156528 256.48182246706114 43.39167615488259 251.04989602749708 48.45063880419184 196.18830407144168 107.36817996733589 201.62017033142152 Oyster-Closed 0
0 249.61326894352078 21.140558604212856 213.9983420983058 73.24328027708907 247.73158021804534 50.18297065930528 283.34602664780766 Oyster-Closed 0
71.76571490074639 292.28030918076956 56.50445017903621 322.118371777344 7.248849327828793 296.9291168881998 22.510167023996473 267.09149461479467 Oyster-Closed 0
24.082743999970262 295.02578800000117 42.98910929347767 293.4827767634332 48.115900667387905 356.2897278472489 29.209538750463253 357.8327112838161 Oyster-Closed 0
25.977348257449194 318.2345884647752 57.4199319277177 315.66853743833303 62.662196643104835 379.8903154288403 31.219618438477482 382.4563153844613 Oyster-Closed 0
121.4300136406564 370.49551189025226 119.50537688119948 398.1199610844355 46.771681569473 393.0527244835028 48.69694176511621 365.4289589007216 Oyster-Closed 0
115.7523060000276 397.8585439999824 118.08863431521968 364.3503273014118 170.0880747808951 367.9748665750445 167.75237156856747 401.48249509276854 Oyster-Closed 0
215.73676349631205 316.97331213990896 254.44200190479023 330.12954348528206 227.81739543160074 408.4406041791908 189.1123257599429 395.28472088638875 Oyster-Closed 0
201.87500291449396 392.5238396594129 148.2746769123478 387.47325777687274 155.71685727792647 308.5242933991864 209.31460422099553 313.57475374844313 Oyster-Closed 0
131.17731647254914 378.16887299103024 106.98074283045571 338.5783193125697 192.48031418561368 286.33357615862786 216.67679399823464 325.92296582783956 Oyster-Closed 0
213.58321694840924 241.48556885517996 267.45064697047565 236.5523195864515 273.70715921229566 304.86049967665303 219.83974050019242 309.7936677605476 Oyster-Closed 0
240.43077600033212 190.2364270131883 165.9347407030109 153.25639534422268 209.59511408738035 65.30718763680468 284.08979449355684 102.28682166207864 Oyster-Closed 0
236.34299633733463 158.24714767187606 244.40665149023334 192.72303946114255 200.72822352317598 202.93821401244995 192.66485175540947 168.462567448905 Oyster-Closed 0
218.3081746463031 226.3080308430215 226.3915244220807 177.00817587673882 304.81459239783 189.86556417798172 296.7320508760131 239.1646988828254 Oyster-Closed 0
276.6346361776341 307.247034215116 333.137462609262 311.3663046352423 328.4031940659588 376.292016456567 271.90037575291353 372.1728268160984 Oyster-Closed 0
387.7651546044617 372.46310352284405 327.2612742487472 369.98946968264926 330.393405659368 293.4268056610818 390.89457469016634 295.9003840435413 Oyster-Closed 0
374.65772600000855 398.14467300000274 373.3017632932242 372.26762271526604 416 370.03069499998026 417.356315871064 395.9073702259542 Oyster-Closed 0
416.0008028046832 380.940799 378.7870106515584 380.940799 378.7874329699989 328.89822499999997 416 328.89822499999997 Oyster-Closed 0
416.0007836375771 339.2010599999999 378.75685765827075 339.2010599999999 378.7577069286126 254.48686000000004 415.9999786851913 254.48686000000004 Oyster-Closed 0
414.25370119621584 286.0295954529501 356.4609405435658 296.13291229738996 343.04138415935086 219.37483010159886 400.8322249197081 209.27168294935478 Oyster-Closed 0
93.44830759531033 8.750554718705349 146.79783491049966 0 164.26637354481863 54.24877722776929 110.91686082976958 69.57141157557227 Oyster-Closed 0
183.40173889285143 113.54845626144342 154.7847362368957 91.20912447076456 190.13446419975662 45.92630226685557 218.75131285249518 68.26554217465768 Oyster-Closed 0
90.85741002927898 180.90880599127988 71.79800669209362 204.40611284305274 26.295041373345157 167.49903448092007 45.35432776260859 144.00194172703536 Oyster-Closed 0
116.47707298173191 201.2907133668669 87.51778248226765 211.13895929958565 68.73497071641395 155.90963170893383 97.69376726366681 146.06147772678543 Oyster-Closed 0
16.818730794926523 173.79932486894623 48.596104776483116 175.09868730495097 46.65744042966617 222.50783926741894 14.88006720093108 221.20848751169424 Oyster-Closed 0
46.00072899998122 230.80825999999135 28.740366834008455 220.93654926549982 47.97187050320281 187.31373553568463 65.23204255464589 197.18537811148227 Oyster-Closed 0
