183.229271 0 416 0 416 83.563429 183.229271 83.563429 Oyster-Closed 0
3.4987135409792245 16.956713602970048 82.22753358810951 17.414165877457574 80.3433185026588 341.677142613525 1.6144974005001131 341.21971493666035 Oyster-Closed 0
287.57362162553545 214.14843295124385 200.08993502864905 297.2289549925247 0 72.38468703462848 74.03737716481191 0 Oyster-Closed 0
392.6937518109735 72.83468909259663 482.70923496340765 121.30601496507688 379.67519595458 312.63581420854615 289.6607880683405 264.1662621347211 Oyster-Closed 0
416.0011794053207 355.56245300000006 376.55970150713983 355.56245300000006 376.5607539304656 246.61838500000002 415.9999967352669 246.61838500000002 Oyster-Closed 0
327.6905543415196 217.72141750876597 338.81867111109386 390.970014401262 70.46636399999261 408.1877170000019 59.35163343300883 234.9517815081204 Oyster-Closed 0
177.32680102802624 401.91830259886683 168.01249367567289 287.7117395546827 394.4078848303034 269.2501392039893 403.7291213087228 383.44837871981747 Oyster-Closed 0
372.97934641400934 90.65676849383229 352.2716468506296 202.80865665287246 242.95586255171293 182.62407846158123 263.6646870000186 70.47383100000351 Oyster-Open 0
193.1128500024024 0 193.11286923283478 36.00284197180381 84.53797782144466 36.00278688714512 84.53801899999598 0 Oyster-Closed 0
118.55790330525997 55.6546340926205 168.85998497318724 0 342.2434416370925 134.40080951242473 291.94265191813247 196.37603296226067 Oyster-Closed 0
58.49812228685187 421.1280959695904 0 410.6433899006892 48.987133087466646 72.28864871727593 113.4911491582352 82.77243068976586 Oyster-Closed 0
