414.73019899898645 0 414.7306766521251 92.9908206698097 181.5970917399536 92.99040601427093 181.5975379999909 1.424411414093436e-11 Oyster-Closed 0
0 17.217099 69.153457 17.217099 69.153457 325.418436 0 325.418436 Oyster-Closed 0
272.5033608007034 220.9670754015917 179.42431428782947 301.14965254544006 0 70.77360955887082 74.03728369401506 0 Oyster-Closed 0
386.6723335070528 80.85333515605076 473.10848994541084 133.35861186034433 357.9029236416209 322.99912678947544 271.4681752713768 270.495925740321 Oyster-Closed 0
392.41969992078157 365.9121144009216 351.712357759774 363.07151199569006 359.3432013689271 253.75565941968304 400.0481115621915 256.5961764726466 Oyster-Closed 0
308.57469287013373 225.46003713560853 315.65651467299176 398.6314494053238 43.98122699997839 409.7231030000039 36.91288231938961 236.56475511309236 Oyster-Closed 0
150.71341752227454 405.95034259883903 144.07569437342318 291.829151101095 370.44166488452174 278.6641961923564 377.0866842510586 392.7769841962627 Oyster-Closed 0
365.23077212690987 99.34620220398686 341.434832777697 211.82573526606726 233.98141228820896 189.09270529493915 257.77846400001 76.61486199997988 Oyster-Open 0
190.5589770729457 0 190.55900117411147 40.06470199945867 81.6404640700348 40.06463715939347 81.6405160000104 0 Oyster-Closed 0
114.39803755559478 58.42747809996446 168.2975895768759 0 331.75150136198135 142.26713379112982 277.85322061025 203.1434162043496 Oyster-Closed 0
44.68497752341864 73.52284582358669 100.7404746336615 83.29559644927637 42.22888937775497 418.8803312844383 0 409.10832782861365 Oyster-Closed 0
