217.13657718280592 234.92913232020504 171.60421353829224 251.29247935238243 141.7386723527452 168.19363872740627 187.26969446540897 151.83056073594895 Oyster-Open 0
176.17544986884604 0 184.35822298996936 50.547763638059266 128.1479823251684 59.17772617474306 119.9652880993417 5.880842773025635 Oyster-Closed 0
290.18907495227177 126.00877580120218 224.36592415939958 110.15926582209588 244.53722398098398 26.390382496849877 310.3596638132549 42.23980422024306 Oyster-Closed 0
383.54372205649634 92.35602902114101 311.4662854324815 80.7755270796954 321.58727759860267 17.78380272521325 393.66425566455655 29.36426624057492 Oyster-Closed 0
415.9585465192322 102.01700668524259 387.3062996073786 108.0633710361676 372.8379225534918 39.50149465955948 401.48992599999474 33.455157000001094 Oyster-Closed 0
301.8179349708116 0 301.8179555553579 36.89546970736297 239.58057583424306 36.89545401467087 239.58059172767753 0.0000013415103932837254 Oyster-Closed 0
4.744014776679251 54.22425080341464 67.4377344621862 48.73932956875473 73.16292834426349 114.1787773751592 10.46920854203563 119.66367248875603 Oyster-SemiOpen 0
217.48619612179755 231.22595486409767 246.1241779952834 298.8340327935135 181.17517277815205 326.34060548476197 152.53857275276096 258.73370019778645 Oyster-Closed 0
134.12351049782592 198.42841318350082 176.92006903436413 221.4185092978177 142.7107196556608 285.093272939995 99.9144039245366 262.10352955935133 Oyster-Closed 0
121.6196989994678 191.38494963379682 81.9185847943263 188.82509499759078 85.6344336832517 131.2038765741659 125.3349005909622 133.7637103029114 Oyster-Closed 0
67.79850869848451 120.9832654082714 96.63013590901028 154.19359640870857 43.847843509523955 200.0142338006176 15.016560348216444 166.80422920411505 Oyster-Closed 0
8.86029499997312 101.27363100000098 49.503031165459106 97.71796570443895 54.49297454570842 154.753693851542 13.850240976695204 158.30933671408246 Oyster-Closed 0
159.09078980642153 258.0495699063437 175.00153109640814 296.9638332255408 132.64546116286147 314.27873862484034 116.73524881113917 275.3649239801139 Oyster-Closed 0
122.79996923132785 286.3090063698996 65.0254535955064 295.5147666320932 56.237175182606734 240.3630732534206 114.01021484877492 231.157433329292 Oyster-Closed 0
19.35583428731843 308.5688652294502 30.605376849718596 264.9368238377024 91.67987640520005 280.68096636662 80.43115807716822 324.3123043069231 Oyster-Closed 0
102.92779079524917 328.97749001494077 94.52804596057467 361.2981108955731 32.31150983655971 345.13128151666155 40.71164584935832 312.81128472163437 Oyster-Closed 0
44.80595885209186 341.5370654725683 78.28022667596088 334.4749459047924 93.78650492366796 407.9571815697926 60.3122911515602 415.01912628295656 Oyster-Closed 0
60.80453400000624 415.2897630000109 59.174426587203925 359.2235892582186 111.01235582867957 357.71668016808854 112.64342279520861 413.7818801732788 Oyster-Closed 0
109.614580999998 413.869535999997 109.11752039304338 396.7701043361389 171.19474838439055 394.9654198709745 171.69217609459884 412.06447874011576 Oyster-Closed 0
173.80004099999496 412.00193000002105 173.02823186009118 385.46189430619756 219.53242269495968 384.1097388210498 220.304651208844 410.6493410488766 Oyster-Closed 0
246.9950255165204 322.5479619211838 287.6061671989337 325.5809316568357 281.4931894489673 407.41476159017543 240.88205729538822 404.3818718641655 Oyster-Closed 0
253.3633839633294 398.02760641129237 201.1346020424062 407.67101636250135 186.52220289169782 328.5417503704692 238.74839640083155 318.8985835449908 Oyster-Closed 0
180.95045593464602 400.06627849435915 147.4586841083401 366.9020885774735 216.9604225965486 296.72984731006125 250.45115908310981 329.8930284881524 Oyster-Closed 0
226.4451184171121 248.5361011366098 276.70959616158507 230.9448675735274 299.65283345456555 296.49419677793475 249.38850040396574 314.08513775768114 Oyster-Closed 0
175.15528886866014 77.399872354285 256.698811589009 85.2493960871204 247.12528984358505 184.69979998917756 165.58177680979497 176.85036674823425 Oyster-Closed 0
227.67489060906883 161.2500823747297 243.65343777232192 193.47914765329662 204.06638333110823 213.10415172916325 188.08811054655962 180.8753204842498 Oyster-Closed 0
226.56343009330885 232.0911491517992 223.66406922797978 181.8642211956816 302.4589599726496 177.31589677059307 305.3589912953357 227.54210712552364 Oyster-Closed 0
303.2467744436872 298.7287159718327 358.36063210796056 288.88489501084376 370.1130838991703 354.673279151256 314.99927748266055 364.5169103442016 Oyster-Closed 0
416.00085610570386 342.86226999999997 357.76016804089886 342.86226999999997 357.7613161826557 266.551649 415.99961174320924 266.551649 Oyster-Closed 0
416.00030041749415 294.148149 399.1731620878636 294.148149 399.1733941608654 222.955259 416 222.955259 Oyster-Closed 0
354.4464091074333 189.87631244566595 408.9694072832426 179.22965667012335 424.57282622084676 259.130721005663 370.0498807935255 269.77720651297614 Oyster-Closed 0
52.90126288497413 45.95621582201358 100.23388641855126 18.915577619305534 132.25504000824003 74.96601975562629 84.92248986123377 102.00656131247395 Oyster-Closed 0
165.6521591010678 128.6093548552422 132.12563072712146 113.9745870334463 154.83019910951043 61.962383362447056 188.35644611691532 76.59708035425146 Oyster-Closed 0
93.68008224377627 215.67124640738558 80.37532356260635 242.49668234598434 26.99441898598161 216.02292937387415 40.299231042044994 189.1978009793115 Oyster-Closed 0
122.81764670856501 229.75160438540175 97.46063963089182 245.8442658143876 65.69400213550398 195.79367018376786 91.05058077157082 179.70118981385625 Oyster-Closed 0
20.13334699998086 224.62032399999822 50.85999485077991 218.13688492426684 60.88783967071868 265.65668127664696 30.161211948459822 272.14005293060836 Oyster-Closed 0
62.36439696410889 274.1693100089257 43.126923313058796 268.9172630698621 53.408849470892164 231.2610466863424 72.64601272551954 236.51304931839553 Oyster-Closed 0
