205.43971301641068 248.51943989235548 158.89087811667196 260.51370622901317 136.6763059179939 174.30499773879373 183.22362659246937 162.31093977764556 Oyster-Open 0
187.09102133088163 9.669073234275853 188.3465349572216 63.25754493759741 131.54922247483046 64.58812924279037 130.2938074932208 10.999744026652714 Oyster-Closed 0
288.71507535429555 150.85603432142688 223.99305236932196 128.2344011856408 252.13479867010028 47.72200549661956 316.85595755843315 70.3434747940383 Oyster-Closed 0
385.24562785263333 128.81072415333867 313.88245590238876 110.05012231260204 329.9039598322561 49.10831291530196 401.26644346235116 67.86881860130725 Oyster-Closed 0
416.43010846288234 143.30124082100485 387.3857936357781 146.67393180713248 379.3462480359012 77.44046523431732 408.3901639999822 74.06779800000194 Oyster-Closed 0
312.6360273151113 14.56116982352821 310.48009986524266 60.85146878159333 247.71963897097157 57.92835618824902 249.87565486809763 11.6381475354344 Oyster-Closed 0
0 85.75387408031955 23.03243680180094 29.65756726202193 85.84434307680567 59.17366249403749 59.48409985799299 115.26972390501734 Oyster-SemiOpen 0
207.82421975156467 244.9810866259179 227.62933547353896 315.923287756212 160.04324592421835 334.7873050579478 140.23961436652826 263.84637654321364 Oyster-Closed 0
126.0478467141802 202.54616715218413 166.73951798801136 230.49296680491145 126.6575003981743 288.84750925965693 85.96617739428984 260.90113608017333 Oyster-Closed 0
114.35561747253814 193.39149490679443 74.76493229559492 187.0064709201026 83.81573386686796 130.8914645970286 123.4057906660455 137.2764369595191 Oyster-Closed 0
68.30661207498997 118.00193193196937 92.14703553010986 155.35385886618758 33.69407888134083 192.66031287213266 9.854057172269677 155.3087385525912 Oyster-Closed 0
4.203622999975778 90.25347400000047 49.03229841903885 88.16560222119392 51.76783659366629 146.89907456001748 6.9391615506356175 148.98693376611584 Oyster-Closed 0
145.4642837076717 264.39320519071606 156.2834526862789 305.1362256074111 112.79132635799397 316.6831138692778 101.97270325741192 275.9405617613723 Oyster-Closed 0
106.53814859204795 286.65707932667493 48.14043782879526 290.4861223724189 44.486482957207045 234.75512454547788 102.8826939504761 230.92613100879043 Oyster-Closed 0
0.49160702901281184 296.04128114055106 16.62919216872615 254.825919000976 76.60957332124963 278.3073599217315 60.472773901739856 319.52205853241134 Oyster-Closed 0
83.06754395837197 327.20958353697694 71.05069673030448 357.7316150034112 10.240660471459705 333.7940218399227 22.257728350054094 303.2725801525502 Oyster-Closed 0
23.610521748953033 332.24553102267697 57.542268458444596 328.30621931850493 66.15536899522704 402.4795504197474 32.22363874669463 406.4187670156761 Oyster-Closed 0
32.27259260790015 415.99999232894436 32.27427766353503 353.6751529099221 84.60690688198156 353.6766147128863 84.60633133896772 416.0003490094169 Oyster-Closed 0
79.05345999997735 416.00000000000387 79.05404125271525 400.414732406877 143.97832803703204 400.41644544014605 143.9781103243913 416.00135288416936 Oyster-Closed 0
146.63380300002245 416.0000000000208 146.6343391676528 393.8930574148741 191.58453370708594 393.89398901897493 191.58435199532687 416.00057632132797 Oyster-Closed 0
227.0716671281698 339.9662485113827 267.5414191361451 346.9235178977708 254.500541380472 422.7623197083799 214.03083667544342 415.80522996892967 Oyster-Closed 0
226.50485921771542 413.90612525940196 173.6387997833299 418.68568390159743 166.4038527614539 338.6653281021124 219.26715056430476 333.8858940023616 Oyster-Closed 0
153.9767597005084 407.13545290180986 124.2574282050482 369.6989439297403 199.83776446628326 309.71277351346595 229.55651540871622 347.14813868507576 Oyster-Closed 0
213.8562896351359 264.6634354078798 265.213682115329 251.88288403721634 281.96419612513273 319.18392865510845 230.606886328369 331.9642526795869 Oyster-Closed 0
178.24949520736482 88.92545486550199 259.38367253755496 104.71158538405913 240.50995695193706 201.71135590218648 159.3758298977191 185.92542469556062 Oyster-Closed 0
223.59144171329535 177.56725519215797 235.39889048471014 211.7460191724652 193.57795889190675 226.19218271501134 181.77082624858303 192.0136869149089 Oyster-Closed 0
214.73107022120894 247.39050200331545 218.23159786139877 197.6661121592156 297.4838605597288 203.2446878594872 293.9841672170187 252.96829009205933 Oyster-Closed 0
352.2523029338445 336.9483293991261 340.2863115546279 391.8385540289809 274.1494423872027 377.42290591480787 286.1162649616199 322.5338507363485 Oyster-Closed 0
404.62835741578965 376.06573391349025 345.32500226074626 382.95085322553723 336.43919248586826 306.4202805919853 395.73983647915884 299.5353200635671 Oyster-Closed 0
395.0678642204548 415.9999995549521 395.0682478969902 381.20613963616574 416.0001280113902 381.2064310018044 415.9999999998581 416.0000347467261 Oyster-Closed 0
416.0003907229693 386.5187069999999 395.9983299505766 386.5187069999999 395.99857299671567 337.30760000000004 416 337.30760000000004 Oyster-Closed 0
416.00060578976263 343.831784 384.3010774105751 343.831784 384.3018692618425 257.555743 415.99997629354766 257.555743 Oyster-Closed 0
416.5242606626125 286.6585039568357 362.3032232173173 304.76727464928393 337.33266256668503 230.00753934741675 391.55194123469846 211.89908488138744 Oyster-Closed 0
59.62036069377427 42.84360027185659 108.70066973005305 20.704760898698105 135.5051668109918 80.12828356118776 86.42491041721587 102.2670420936387 Oyster-Closed 0
164.15516543068588 137.5850991850452 131.86831537198668 119.20878432361144 159.3556703334034 70.91528255188955 191.64225615534815 89.29150245786104 Oyster-Closed 0
84.2139132339762 214.3761461994764 68.27851967344031 239.0045767044365 17.368235125093634 206.06628511167355 33.303583093911584 181.43813452468785 Oyster-Closed 0
111.7154508042513 231.55475459385764 85.29455930131007 244.94998270393205 58.3541233978176 191.81620006966227 84.77452223569344 178.4211226344509 Oyster-Closed 0
9.85243686382455 213.76834583188392 40.999266441434884 210.15180801245754 46.676816076425894 259.0442843443594 15.529992749863595 262.6607854342888 Oyster-Closed 0
47.39499521923426 267.93823778548517 28.536773660092877 260.68003840510136 42.410172436804714 224.63857974743948 61.26811604845716 231.89672007693935 Oyster-Closed 0
