0 237.9106609466951 10.872000257622858 165.6595232067844 110.56259297271026 201.22421042373549 84.78667144557039 273.4738815177119 Oyster-Closed 0
340.2524713108869 239.95406942039747 349.0542446854379 302.74969366536726 209.56584951522018 322.29456163113815 200.76648858963017 259.5010728667063 Oyster-Closed 0
189.22068845437752 5.505572535886317 187.59460886936722 61.39534140239972 47.77841014407386 57.32708385831187 49.40470538042791 1.4375351644096932 Oyster-Closed 0
399.8792582208007 320.9149788974443 408.5699130050707 344.0725169455593 325.09983030727744 375.3893407817235 316.4099171940725 352.23242908469774 Oyster-Closed 0
212.5434335002028 394.5436684356912 215.2177212972274 331.05336247087035 375.46340730989687 337.8002200415997 372.79255619318064 401.28710968932484 Oyster-Closed 0
141.6077454308579 415.99930118743487 141.60911745486374 388.72204030775487 254.8146592531084 388.7263105481371 254.81438197619718 416.0024635837046 Oyster-Closed 0
16.501560706856253 63.83980984296345 69.59529475040472 67.88761203061232 64.14064184257586 139.43341059462946 11.046909491953556 135.38563471807066 Oyster-Closed 0
288.93853283387944 177.93054825875234 201.2531357755979 204.9941508019821 166.45486859509037 92.25015906147547 254.13808566834268 65.1869112858716 Oyster-Closed 0
196.7539249267902 168.71559683690126 141.99438138281766 206.2050440522639 64.37701366348483 92.83468078501454 119.13542217145368 55.34576503561607 Oyster-Closed 0
373.23240975150475 154.75823419635222 385.1252149296888 204.0102542905469 301.38844995868203 224.22779229907218 289.4964630219947 174.9764803243976 Oyster-Closed 0
416.0009488582509 269.760608 347.44839680919176 269.760608 347.4498644802625 188.617401 416 188.617401 Oyster-Closed 0
176.24592001856945 255.19863186574813 174.36493964411056 180.2197373187931 341.61798810908294 176.0228548868365 343.5012924677467 250.99933632714362 Oyster-Closed 0
