0 281.6850603507273 1.3170621182325704 205.25420141364341 101.89958262487198 223.4719904665195 88.05661578692889 299.90111986160093 Oyster-Closed 0
332.4135533795561 223.68495230325118 351.90852466422075 284.3309879296908 218.34041023747704 327.2578583300573 198.84783561030417 266.61384329589276 Oyster-Closed 0
149.9487550355443 13.129319403034069 151.71981311216587 77.00396119902865 14.597759642474557 80.80537182793753 12.827091549148463 16.93114057786747 Oyster-Closed 0
403.411688993172 294.28401038142033 415.93544720637146 315.5937622952944 339.0421706034431 360.77435645059177 326.5190384241796 339.4651478923294 Oyster-Closed 0
231.9502107684857 398.9405360252171 223.7978283752782 335.37359402565136 381.4831856386554 315.1538349340227 389.6382513974386 378.71744660311884 Oyster-Closed 0
166.26543399999719 415.999999999999 166.26683841391423 393.3053111606294 277.46661404566476 393.31041600118 277.46611090820807 416.0042043783126 Oyster-Closed 0
0 103.566248 45.244949 103.566248 45.244949 173.775334 0 173.775334 Oyster-Closed 0
273.4774016955198 170.2968100056313 190.7076579962959 210.00859286653036 140.34028011976625 105.03217059074916 223.1081319485129 65.32092310757142 Oyster-Closed 0
181.89499950312893 176.73986745060859 132.99065527554558 222.3244567284202 40.43282384955819 123.02900806953727 89.3362989818379 77.44516760832913 Oyster-Closed 0
352.28889959545995 133.12368985505663 372.4951109569083 179.71381464149806 293.3309902943329 214.0447861853544 273.1255024026759 167.45527458444226 Oyster-Closed 0
407.3764630175647 148.50110822484618 453.34746605939654 183.10416805613647 386.69692739468155 271.64355550978365 340.72651753263926 237.04119757375807 Oyster-Closed 0
175.0260840191113 266.2164191083356 160.33987840851842 192.11828765532007 323.54556481321924 159.77220813133422 338.23348971920495 233.86799781989345 Oyster-Closed 0
