1.977798229068867 281.0856181706701 13.893500180434785 204.89377121224558 119.75876319132294 221.44804581044863 107.8450721942354 297.6381133428214 Oyster-Closed 0
347.8424229914308 215.51793828408333 369.4015572750541 276.4363012274883 239.1617696713256 322.5192318858452 217.6049552741424 261.602821135492 Oyster-Closed 0
150.31687747862088 9.632519490725107 153.59855800992955 73.5995625240653 18.595078256887064 80.52504844261055 15.313776527218579 16.55840151416572 Oyster-Closed 0
412.54287425032453 291.1636097764512 426.1322226543489 312.41650197343887 362.74025108598653 352.94189949770373 349.1514148617898 331.68945762001954 Oyster-Closed 0
253.15002461832773 387.817081912495 251.58159646310014 323.80139017233324 410.41424348546934 319.90930060794864 411.9857659269255 383.921703336502 Oyster-Closed 0
194.47975900001256 415.9999999999884 194.48155162475086 387.582274510552 309.4338790701295 387.5877818345008 309.43324390481575 416.00434917482403 Oyster-Closed 0
6.024780999960058 103.44149800000125 52.63348601742473 100.72695408711891 56.76334036033586 171.6344546318241 10.154638347725268 174.34897495573026 Oyster-Closed 0
284.3694526311301 163.87955492846342 205.75209522974183 207.4502192101919 147.42975305833534 102.2178613306888 226.04542327298623 58.647780924970625 Oyster-Closed 0
193.58364071295728 172.46554144304196 147.93502494834684 219.07246090137707 48.84722399779275 122.02481833284435 94.49513028157526 75.41866631193189 Oyster-Closed 0
360.58818743158554 124.74259462470786 382.68244373001653 171.4601511244313 306.43294349039206 207.51853593702668 284.3393637514382 160.80155451820832 Oyster-Closed 0
411.1412386213815 137.87895537081602 455.31014642317314 163.2485272732887 402.16331383374563 255.77164582914068 357.9947119999815 230.40253300000043 Oyster-Closed 0
192.4470439557772 262.18629286019217 175.67358352752854 187.76671131341678 335.9799737317044 151.6366738728464 352.75499012627915 226.05398895174952 Oyster-Closed 0
