195.9063220314565 189.8061941564619 184.59018232572635 167.46186382200844 220.9020513864889 149.07286025771876 232.21821268270287 171.41705600669428 Oyster-Open 0
244.78547479297413 227.21680902661134 211.2178471833431 217.74337423810329 239.46438769579254 117.66427711094293 273.03101411529497 127.13756171571434 Oyster-SemiOpen 0
117.39630676272282 177.78266428007825 162.83679193725766 142.78277050290603 222.21326134099218 219.86702103794786 176.77330657735365 254.86632075370483 Oyster-Closed 0
0 239.6544689369414 0 174.55839000001023 51.33772371094892 175.02952054701544 50.74089901166735 240.12500510174468 Oyster-Closed 0
288.0586370373094 164.77169033679348 307.65060280313264 180.70705398434364 253.16746221961876 247.68712757297135 233.57572552586862 231.75201213718938 Oyster-SemiOpen 0
101.78009337702679 255.25041144397156 65.59319292152941 239.7085516718525 97.38225673690977 165.69994127107702 133.56822829343218 181.2415743561067 Oyster-SemiOpen 0
127.8098546187066 183.6905915707887 175.1274605992985 197.70507225122995 137.95246610173126 323.2075168521834 90.63504427093721 309.19343864588524 Oyster-Closed 0
251.15180201844123 287.0590999222924 231.17299194082443 226.28093328454568 315.4855731339958 198.56848813449548 335.4649824976841 259.3455264182042 Oyster-Closed 0
111.74920709869912 287.7896419122777 90.52934148093846 278.81178925052774 118.37496358941644 213.00482542394835 139.59426128795894 221.98254322063963 Oyster-Closed 0
0 272.4647000471802 5.847532096649957 227.20672596854445 80.37346777568018 255.69608850821353 63.07138869400296 300.95322959273005 Oyster-SemiOpen 0
406.0916094764252 257.58317847117695 391.8110177802773 301.13748796051914 323.93709030823084 278.88477406974766 338.2180738423922 235.33116438055302 Oyster-Closed 0
334.4316935293318 341.46012036558216 315.25031653732367 341.12633993143885 317.24506911165736 226.55087875318696 336.4253491091731 226.8846496492295 Oyster-Closed 0
76.67377440052951 239.78423770276993 112.13661268905707 247.63865886973255 88.33667078846702 355.08003019123026 52.873906134944264 347.2258355916635 Oyster-Closed 0
0 288.273564 18.9994 288.273564 18.9994 333.070392 0 333.070392 Oyster-SemiOpen 0
156.25930775518646 319.554894464 151.3553172818938 301.69575428686096 185.59147692123588 292.29619155378845 190.4955731734699 310.15516270466946 Oyster-Open 0
208.7186060772583 261.8460534695596 235.50685069503015 251.88561165678763 274.1108467154336 355.69403101204927 247.32275967576425 365.6541757443406 Oyster-SemiOpen 0
259.87233925877445 370.8500655882879 219.28912793646305 391.6235308376894 166.88836427665956 289.2705056771075 207.46931889392 268.4977359790405 Oyster-Closed 0
333.769861842673 400.5554477274851 293.1048304536016 409.6959657806034 256.21833052034344 245.61704029639913 296.87966467256047 236.4769498617937 Oyster-SemiOpen 0
382.68725308230205 406.36683470728525 323.13165911546093 401.16748626608904 333.2419672785363 285.40398948154024 392.7934972664989 290.6031632660293 Oyster-Closed 0
175.63556419590896 407.6325927434143 87.6764738858692 413.96868334651174 79.92282374114438 306.31380650493696 167.87617644122656 299.97791842016795 Oyster-Closed 0
0 411.7285229999886 0 324.77770092894673 87.76814623286555 322.6874189514302 89.79497213587456 409.6357477417862 Oyster-SemiOpen 0
141.76703000001362 408.42247700002025 140.4524770125463 352.02327095019376 174.38598638946496 351.23259626760057 175.7011621292986 407.63117142545696 Oyster-SemiOpen 0
222.06477126924437 23.84770980306081 248.1437154632622 18.134757533857666 263.9213985212227 90.15769460919846 237.84246115712813 95.87062604562536 Oyster-Closed 0
81.9233581175431 47.614236481024264 115.61197785305194 31.158651124360293 142.27743943626047 85.74907706291587 108.58885999486301 102.20460149446416 Oyster-SemiOpen 0
193.08340479171966 39.703379819770255 240.1601849280305 69.64548954804773 202.82407134766618 128.34674300175382 155.74740627358187 98.40478415243626 Oyster-Closed 0
294.528372689907 92.25240269273647 347.1329741486188 68.90111825064763 378.61794511183325 139.82762387748497 326.0134524501118 163.17872574542508 Oyster-Closed 0
77.02483644173844 63.12139507363201 130.2984685522497 102.81728408284685 63.957055539180146 191.84747776159213 10.683828065830312 152.15207154793896 Oyster-SemiOpen 0
112.95331311132395 156.36349983625348 114.85823981917565 83.72340342123009 195.48705503423116 85.83785980322097 193.5827825395245 158.47728330862176 Oyster-SemiOpen 0
402.2163237289569 180.16861490348407 364.0737787757462 177.50151148906647 369.5203531352745 99.6190191648153 407.66214516000036 102.28609562067173 Oyster-Closed 0
