0 161.9702930238451 8.905066517552768 111.95354881405453 88.7853552707129 151.15537380980905 64.23899361044823 201.1715117997009 Oyster-Closed 0
371.94081704767814 190.23928684860573 383.90600894417 210.42759919420254 331.53048738739744 241.46658726487382 319.5655618647688 221.27850560585662 Oyster-SemiOpen 0
172.24168007219123 171.08481071757035 198.28114626696697 183.89587598817988 158.53090739162508 264.68479654579477 132.49159077767763 251.87395239117467 Oyster-Closed 0
249.99982069823818 272.1263499168938 240.96615040576216 207.24168086702122 319.0922366113482 196.36530930934697 328.12678730431435 261.24893113142736 Oyster-Closed 0
190.57289614277397 295.98259616318694 129.22869500855086 263.3045518626084 183.41020130213292 161.60566309725186 244.75211936983033 194.28296988236633 Oyster-Closed 0
343.74744237747655 302.29127587530854 300.8347847131081 263.67779956556245 360.3984689028475 197.490840462203 403.31016600376824 236.10355505021755 Oyster-Closed 0
37.84872288122642 207.44562535955967 63.48039868837077 180.96691452672295 116.13631166411142 231.93436928721283 90.50501546260057 258.41270344016715 Oyster-SemiOpen 0
253.57943265443464 289.5196629527629 198.70231792412233 299.48017986371235 186.5337682086647 232.44048423558056 241.4091865181399 222.4801259163782 Oyster-SemiOpen 0
116.85754711160553 209.64637718940477 159.18460123680052 224.4847893950159 128.52323522979714 311.93711746532955 86.19633276957029 297.099021346519 Oyster-Closed 0
0 233.2949416739591 11.250079063451267 219.6185494747518 44.418687240220606 270.07032160201106 23.61389846597376 283.7465301693371 Oyster-SemiOpen 0
382.8030526217917 362.0641977074986 350.80280448277335 357.3775988634642 366.5611057071037 249.80449176596704 398.55952793185133 254.49095563193217 Oyster-SemiOpen 0
278.02916500002175 254.91807799999302 312.35576907612267 240.04076084953542 355.78676598059974 340.2353964104081 321.4604153860455 355.11228600547344 Oyster-SemiOpen 0
337.01294647052055 385.20988320238666 260.50662413738974 410.6119091431484 215.931637570804 276.37817097740214 292.43209648690026 250.97720359601735 Oyster-Closed 0
2.210570681054378 400.1033712799722 0 276.7825133435637 120.73414592558765 268.2602225900095 129.02778759885405 391.57638896604215 Oyster-SemiOpen 0
24.878036591850105 415.9981213285437 24.892599789578526 272.3586608938256 239.997507606633 272.37701607537724 239.9923395156984 416.00735229994297 Oyster-Closed 0
239.08847399998194 416.0000000000121 239.0895959888294 377.5344269184537 295.58637134026867 377.53599968201996 295.58600899268276 416.0008067954277 Oyster-Closed 0
132.12445619135178 39.02001135845879 169.7900795807982 20.2689044170574 195.52118752670503 71.95518135898077 157.85559990337424 90.70623482843163 Oyster-SemiOpen 0
238.24715892459426 123.43761990177498 227.54073043964672 64.5380202940301 305.3185894801063 50.400110950494415 316.0252890205702 109.29936111358887 Oyster-Closed 0
407.2012614718842 147.6387523239061 397.1410408353986 146.8764546246458 400.17923217245334 106.78276177295943 410.2393620000221 107.54505600000158 Oyster-Closed 0
277.17103119308376 115.68527349363217 253.97252929067326 164.38887703370742 155.95866532612854 117.70335478181013 179.15730224933213 69.00027847892984 Oyster-Closed 0
155.665774686644 102.31537629869686 119.09110701429017 159.62829162840256 43.2093903423156 111.20436593052297 79.78397936780675 53.891952336226986 Oyster-SemiOpen 0
327.55763863149696 224.2077011031269 284.38766488901456 203.19184783274497 326.0996935236908 117.5152347990733 369.2685730404446 138.53076406172687 Oyster-SemiOpen 0
255.65749402346773 180.92916842658772 264.25479298377104 147.098230879478 307.1508332689591 157.99867866735548 298.5537935671309 191.8293925696302 Oyster-SemiOpen 0
