35.0303416256902 142.3439927076071 98.41237192130939 112.37168338168705 127.81625690450528 174.54948751149192 64.43442145349763 204.52150370123056 Oyster-Closed 0
313.3071724942565 164.9320276878867 368.07495111778553 138.2503834338159 425.20787618815666 255.5160259898595 370.440489795179 282.19703371117913 Oyster-Closed 0
391.56218418744174 192.48642854537707 408.60573746080627 183.76212947017493 430.09173687576913 225.7336039939641 413.04823515431417 234.45782756587698 Oyster-SemiOpen 0
245.91885709175403 206.05635636368393 143.99273565609474 322.15849955284966 40.391382468747906 231.21097809991642 142.31545071295477 115.11170064651917 Oyster-Closed 0
302.27920668941806 166.87829620714314 376.80119167880184 249.80566903138902 318.29117106766716 302.3788816293448 243.7705769393324 219.45283279403276 Oyster-SemiOpen 0
14.231266585211415 203.51644502468415 51.58436365465241 200.9047230632512 55.96395218091129 263.5364853069531 18.610859587348386 266.14817371750627 Oyster-SemiOpen 0
260.63713272935274 257.0380478816511 410.74235058571503 273.8991508010747 393.07028881258157 431.19431027849 242.965197479607 414.33400557129397 Oyster-Closed 0
124.25893541523328 415.99983216798995 124.26931445987793 249.591125072449 270.1588231490168 249.598855268151 270.15534341562307 416.0012189185186 Oyster-Closed 0
27.198242839909653 415.9997415454622 27.203119544607034 286.2625801271425 136.88502848011922 286.2676293738778 136.88460325798587 416.00021604111294 Oyster-Closed 0
399.5891841702396 416.0000998347808 399.58965710587654 360.2978880462846 416.00016221785336 360.2980950020538 416 416.00000000000557 Oyster-SemiOpen 0
159.70728386304472 64.99336235515001 182.07056908214145 18.42558713257828 272.5170172465405 61.860535020436245 250.15404013295847 108.42804842337436 Oyster-Closed 0
86.69601984893234 13.43855718937872 165.60006428938868 20.311602461112987 157.20327904061196 116.70795096514946 78.29924588722861 109.83494341163303 Oyster-Closed 0
416.0003086685465 141.483742 363.44950729086486 141.483742 363.4498632985378 69.19643899999998 415.99998692886584 69.196439 Oyster-Closed 0
385.88651761054643 136.50948409043065 347.2506452915695 179.07143521456874 255.93298814713853 96.17854625815446 294.5684501633077 53.61711251048674 Oyster-Closed 0
30.73416274979536 139.1384075018015 29.36426899108119 93.59937574892251 122.7653695966037 90.78952622083033 124.13567846562728 136.3281323250885 Oyster-Closed 0
152.3027210000364 120.44296899999124 189.9385115227342 79.94705735769367 237.1575693630184 123.83027479100048 199.52207550264575 164.32589986420138 Oyster-Closed 0
228.19047080044766 189.37666701213863 227.19164763901063 110.49539645262968 294.83096235374614 109.63901832984723 295.8304830415291 188.5195778657813 Oyster-Closed 0
