151.42514372051664 48.61993538117488 178.46401364512712 84.19817527619676 109.24927437973383 136.79908963210548 82.21066934193004 101.22109521976087 Oyster-SemiOpen 0
143.5465225587359 150.21949234186332 118.13760588901278 179.98101570422438 56.97470125523614 127.76465599300663 82.38342564092454 98.00342879117053 Oyster-Closed 0
99.1737403159932 163.96400692515257 144.7985410882684 186.3594426043928 127.71328114798598 221.1637964091314 82.08857757216538 198.76850856154573 Oyster-Closed 0
305.8949128866043 188.47787999902565 385.9706271792784 191.07446972620676 383.6141721306012 263.73867658783223 303.5384596828553 261.1421243966506 Oyster-Closed 0
416.0001847514686 253.147202 390.48187894876537 253.147202 390.48212584589055 211.788242 416 211.788242 Oyster-Closed 0
14.104036894786987 170.5797791319464 53.58993126993664 168.96473679530496 56.88677240601828 249.56295931533185 17.400880048229737 251.17797754263128 Oyster-Closed 0
205.54939595985707 297.0786588742846 141.5621925307605 251.4982559549513 199.7391962131369 169.83766723922687 263.7245510589455 215.41712700388157 Oyster-Closed 0
296.70743010086153 240.21488441428707 354.53322682398357 226.94225607889473 371.83090615571564 302.29543845681263 314.0051947971515 315.56782103313776 Oyster-Closed 0
105.4682599739208 254.6628959213396 103.90954165907533 298.8882426087007 21.451699880864908 295.98132821978993 23.01127294067919 251.7568897851319 Oyster-Closed 0
202.5860347717644 297.1229775166862 169.98720413587216 339.9810488411354 81.98496702655393 273.05273552864 114.58329640969168 230.1958427685454 Oyster-SemiOpen 0
411.90396555303596 297.0659327425331 416.9686904104783 355.45476878839696 282.5766458480757 367.10651731233895 277.51440700001694 308.72004299999503 Oyster-Closed 0
225.81622880143186 312.1693789607618 282.8210039543701 291.4229888006825 315.8674492471728 382.207005449352 258.862985214535 402.9527815458935 Oyster-Closed 0
253.25902804662837 386.190140166029 194.51408010501473 411.9893289583597 155.0551321357525 322.157504709663 213.7969180287364 296.35911708072354 Oyster-Closed 0
25.180176135963848 302.56177815727676 91.2405233513964 279.0157911398084 122.077652935277 365.5169244562012 56.017640013975324 389.0622732737228 Oyster-Closed 0
332.0050662690046 415.99977928004705 332.007756910436 342.70201719415195 416.00063925116046 342.7049617305869 415.9999999947977 416.0006713298722 Oyster-Closed 0
291.5651190000244 415.9999999999767 291.56568330600203 396.99137506653483 347.7478088915341 396.99274168947096 347.7476269907893 416.0009820441634 Oyster-Closed 0
26.454424678886426 55.704319100104286 24.50147955567445 26.920688467063705 87.9206354085145 22.617712640637148 89.87363858198296 51.40128508183117 Oyster-Closed 0
145.9801853658937 26.847635181499555 204.62626214297416 25.989280699623 206.1390548028212 129.34832635186766 147.49297832236698 130.20667512700658 Oyster-Closed 0
