358.01187907137864 86.82555202516099 344.23046289880585 111.07935218366653 284.6879662298197 77.24656447439888 298.4693831710574 52.992887611038924 Oyster-Closed 0
194.73035533050643 87.92974736350718 212.36239320509048 59.35192663708845 264.33730021415977 91.41919026139313 246.70542133067283 119.99687235054687 Oyster-Closed 0
413.4979345137763 80.54746551436827 417.34183626839877 105.17938034199757 352.63577283934137 115.27662687284186 348.7920286998524 90.6448581095172 Oyster-Closed 0
322.2327719243258 133.47809987847998 360.9360270735888 107.051127737163 387.83070039108134 146.4382197689652 349.127575757695 172.8650350419284 Oyster-Closed 0
223.8859012159628 114.39470087189854 271.2041415503554 108.68316807333622 280.92200580914505 189.18970528113707 233.6037750980795 194.9011753599384 Oyster-Closed 0
286.13515183776326 128.23411825181321 328.3533383355134 135.60221774081515 319.39822801276387 186.91161598443188 277.1800561045129 179.54356984924522 Oyster-Closed 0
103.70019390673406 178.68241066598154 57.216598493774654 208.26534639235214 15.548670090593077 142.79501295386962 62.031501589681284 113.2124003386335 Oyster-Closed 0
416.0002000804525 214.927969 391.99103323948657 214.927969 391.99123370647067 163.531411 415.9999942055729 163.531411 Oyster-Closed 0
272.1178828995289 176.76301498110408 303.57224037878404 177.67854743772054 302.1392761854768 226.90662105589993 270.6849189702152 225.9910966350962 Oyster-Closed 0
356.9057134089635 186.7595306212673 381.330501011711 179.02351527863533 409.980889515904 269.4735535844161 385.5561692513329 277.20942268691743 Oyster-Closed 0
271.54626736542195 257.5101615433917 283.19150324572547 210.29771054187353 346.3767432521199 225.8811395818623 334.7322639576196 273.0929383109047 Oyster-Closed 0
1.1245860939379781 193.29964158129027 53.59973088454353 192.99438056786224 54.05761590228212 271.6991549459455 1.582471144545707 272.0044110732827 Oyster-Closed 0
283.9760585296135 225.11584037376576 276.75995810291715 268.09028213376615 211.16112664506727 257.07556214929036 218.37770132188234 214.1017201626006 Oyster-Closed 0
73.58357237966993 181.45040639887264 141.78207008623576 202.02024270520707 102.92147230782939 330.8468564224401 34.7232317231028 310.2776434038692 Oyster-Closed 0
332.59384477291314 245.29567919877445 367.5473896364456 271.3736454210315 330.2516433499186 321.3555928782928 295.2984440800283 295.2780281922324 Oyster-SemiOpen 0
229.76324977392505 270.3240120098257 214.87388570888652 318.1094103930969 156.10769015932237 299.80042864094355 170.99746073619826 252.0157612811501 Oyster-SemiOpen 0
189.57040991949543 344.87987380323983 180.55726851701547 309.99082641957534 244.42091259669542 293.4951101824594 253.43447158029812 328.38351485730345 Oyster-SemiOpen 0
132.52661379476194 285.9723758614145 182.74347351585675 311.37340577554903 149.01058266967448 378.04886321286574 98.79408299338684 352.6483860950203 Oyster-Closed 0
99.14896140509882 413.51823407919613 17.293683590603905 409.43066816236205 21.897547583881533 317.3184035696394 103.74790200001735 321.405845000001 Oyster-SemiOpen 0
350.52060520869054 357.55697649633026 406.16604127356186 342.70930985163966 423.7530650184417 408.60536973046595 368.10775670281146 423.4526974402159 Oyster-Closed 0
170.47057185353333 415.9995690087874 170.47828138029945 342.6943495508871 367.8510984953973 342.71074168778944 367.84823725566457 416.01114486948205 Oyster-Closed 0
