212.32774900000368 86.43767900001835 217.51235033524063 56.125386826999055 275.33709099327825 66.01557339057135 270.15262425408946 96.32774584335371 Oyster-Closed 0
262.5596275998687 54.685432054028254 296.07060509966686 49.768471374818176 305.0622299907809 111.04923172762454 271.5512572111802 115.96616981604502 Oyster-SemiOpen 0
87.83204058127012 196.38759301222635 2.5524252754548797 172.05496627291228 48.17238494158664 12.177288480300561 133.44993168477959 36.50963164329521 Oyster-Closed 0
291.5231914424221 99.57914863690019 282.7151365127356 148.68122410389176 187.71475517446015 131.63952707126944 196.5231804887335 82.53792324134295 Oyster-Closed 0
277.9199220098526 140.21973960451396 273.83581420409973 106.28353632071675 341.948145931623 98.0864856205841 346.03246593902077 132.02245007066074 Oyster-Closed 0
246.65892679932585 140.46796860079417 230.62473829618102 174.85154700479393 168.99636501753048 146.11285737615464 185.03063489515625 111.72955464972456 Oyster-Closed 0
215.60218885504582 127.31499547393085 275.11490092535314 148.97553546163596 255.97789673162697 201.5522482313915 196.46527799997784 179.89188499999918 Oyster-Closed 0
48.697132281169615 231.13893742649554 34.49892560119042 209.56066760323017 80.87094778598475 179.05085817381175 95.06911255705563 200.62890713021125 Oyster-Closed 0
333.97230916938133 201.70596352293688 312.9920177255335 244.08805871987545 245.65470206786267 210.7562083321354 266.6350946222883 168.37469933350124 Oyster-SemiOpen 0
412.3240832606025 219.9244563968043 421.5863065925696 281.1701362889428 310.3927426633127 297.9819775676738 301.13228932556376 236.7379104968846 Oyster-Closed 0
5.773957771154528 316.51773512246695 83.76565539976946 182.53274906004782 229.2737045606591 267.2224714935269 151.28848281080354 401.2019275820142 Oyster-Closed 0
251.0807224178534 340.44016305923134 259.19483123083774 274.7100141449524 351.6095309774937 286.1160482768603 343.4972812534834 351.8445081420802 Oyster-Closed 0
245.9931404015406 407.75444171975374 149.39187966310783 406.7097371111236 151.33732200965096 227.44185848570262 247.92871350595306 228.48650903325833 Oyster-Closed 0
341.1132582104037 324.8196567780258 364.1820975012997 279.46282986502104 431.7253649248414 313.81017210768414 408.657677778785 359.16600804235475 Oyster-SemiOpen 0
20.7892788985082 359.393924603747 28.60540063849112 323.4327284501004 104.27930267836564 339.8767463079177 96.46417192995068 375.8370709095528 Oyster-Closed 0
328.7739127659552 346.22325602739886 356.42752855372237 314.80887867184384 426.0483471047555 376.08172462229015 398.3956960364194 407.4951822915641 Oyster-Closed 0
98.56188470159395 374.1684688323574 123.95070352323091 346.87224908731054 166.02541564105923 385.997461460028 140.63714171269748 413.2931535979526 Oyster-Closed 0
254.2285618682763 401.57212810718784 250.7105629816615 346.63856433429487 377.86927537492375 338.49592812387857 381.3893845558596 393.42718247966656 Oyster-Closed 0
27.68674632319744 412.45460885250475 25.389722999992955 363.089952000001 131.41076597931897 358.15698631052095 133.70946638987516 407.5198619224663 Oyster-Closed 0
