211.7771397666038 170.6323916805219 199.00043916502182 83.77824148797252 283.36225937137715 71.36852593678047 296.1396174828078 158.22185903483546 Oyster-Closed 0
288.9249266111874 159.88372611729545 302.8939388280305 140.60268466331303 341.5635919396045 168.61739257384633 327.59472791357985 187.89830060950175 Oyster-SemiOpen 0
0 127.377449 71.962217 127.377449 71.962217 246.867889 0 246.867889 Oyster-Closed 0
327.9238507375994 164.2313314891171 328.94484934525826 244.52093401740595 232.1948989370212 245.74952232283607 231.17529886098055 165.46126755265647 Oyster-SemiOpen 0
127.83756130186157 199.19114336645146 187.73701324262947 139.11257149400123 262.0710352906426 213.22041350155683 202.17268961521404 273.29786145384935 Oyster-Closed 0
372.7809980813181 288.89018297885013 348.6391668771321 267.3833546035404 395.64535190731476 214.6244745153145 419.78674522226356 236.13096372422018 Oyster-Closed 0
190.44141242737533 350.13141814003956 133.35211032094594 349.4357530975006 135.21290316857994 196.91920178022121 192.2981654405703 197.614842823971 Oyster-Closed 0
188.43415604385154 362.9290091187301 190.71439227004157 232.66939030763822 354.1498474648761 235.52917942953943 351.87533337191417 365.7831919806712 Oyster-Closed 0
1.6959730000126 356.1760309999884 23.373754836931766 293.3700550655193 107.84364913949685 322.5195967589562 86.1678396785137 385.32389937204226 Oyster-Open 0
348.51956241619337 90.88163973182294 384.04065785819694 59.42262793660454 427.76048222244935 108.78707282699412 392.23956072752117 140.24590539431932 Oyster-SemiOpen 0
