0 41.55434937988663 91.97881904454698 2.970161742145951 165.9913834035251 200.50439356865485 63.011594442883506 239.08768323345166 Oyster-Closed 0
297.2777281912786 116.87116310943807 378.84999721101485 92.14203150012322 396.60300002798976 150.70123841118064 315.03081282743733 175.43019201348315 Oyster-SemiOpen 0
254.50463654128544 272.45329608997616 159.20539800918777 196.93732498555656 242.95818895957927 91.25153585663848 338.255040033524 166.7660683812902 Oyster-Closed 0
3.698542604146496 105.90726544044463 57.18064184961986 104.03981381776576 64.30986505754481 308.2009771387045 10.82777059469663 310.06835722135725 Oyster-Closed 0
254.26221309531684 382.6656679238068 193.2515317319594 383.4116520931893 190.45332485772087 154.30993325638684 251.45751375593682 153.56398832186633 Oyster-Closed 0
253.2406290869294 198.23822321505682 408.3229115978902 200.50190284069376 405.5281593293221 391.9425010370743 250.44588286571525 389.6789331741162 Oyster-Closed 0
164.6858004352689 314.78001789588586 168.2711471981347 402.5805021138581 62.99152971553849 406.87519115044756 59.409218203185446 319.0776006196429 Oyster-Open 0
213.40377469074883 312.67328480976687 265.5007513016426 338.4127976037874 222.79078752981513 424.8374341613966 170.69431940198774 399.0987181558858 Oyster-Closed 0
14.277823328757222 408.86334658934965 11.006922421074705 328.69019220119094 46.59183496881815 327.2389511159219 49.86361700001726 407.41118900002215 Oyster-Closed 0
167.823688601482 91.70190164279883 106.58111781124171 87.85118117672219 112.27104304643944 0 173.51314479662688 1.2126231551847435 Oyster-Closed 0
360.6332819891395 0 360.63347964082277 90.86174834610213 265.708753960349 90.86159145998786 265.708905401003 0.000063829010601517 Oyster-Closed 0
352.9511345920291 95.60133987993987 371.77032650362526 72.44215023496358 413.21929555729 106.12313303942457 394.4002242615279 129.28221130046973 Oyster-SemiOpen 0
