410.7251873546629 195.10776098515473 384.7155801331028 194.5024128290101 386.1016918362402 134.9614091320095 412.11083296017387 135.56675173489768 Oyster-Closed 0
183.84601182626648 221.39106265182332 156.14761437982088 188.29370296488665 211.8737306935327 141.6608845280826 239.57188724513617 174.75784848194115 Oyster-Closed 0
25.550365326293104 175.47393337158508 83.17602511048608 173.11779825544787 86.33193902057246 250.29861477401963 28.706282370392728 252.654715657002 Oyster-Closed 0
165.59706314772484 192.12475533594593 199.28644388825705 215.91221936353037 142.16483414679897 296.8026559717328 108.47587043509338 273.01570180539903 Oyster-Closed 0
35.76045007002904 353.65652661460047 0 346.11270213099203 2.332489037689811 240.5194863711823 51.84843976995762 248.06308872989928 Oyster-Open 0
406.0522106562421 235.5654626342723 438.94976788268104 279.37802442609774 366.6041263586958 333.69106966792026 333.7076400932565 289.87948915977756 Oyster-Closed 0
32.31812302229082 235.72275640696 136.2570075190597 230.52092914670143 144.97443973545523 404.6785158051279 41.03557164762242 409.8800874435022 Oyster-Closed 0
176.96962200533017 46.518666354369046 183.75464871349686 2.8626662538392758 243.21151938166804 12.10346191821665 236.42657069036431 55.759387637311285 Oyster-SemiOpen 0
216.28177581215277 124.01152626954014 169.07448092817503 118.74478213808574 178.7139121823493 32.34727550238604 225.92067670958204 37.613990880906535 Oyster-SemiOpen 0
339.2127919747072 30.865886622368855 409.4792743841426 29.335845625305176 411.7210930168876 132.2895074731392 341.4546104670844 133.819537185801 Oyster-Closed 0
141.15384274013923 214.92694071891955 92.76286589540541 168.35745868196963 154.41077780425985 104.30171865704784 202.80114945499008 150.87064274860188 Oyster-Closed 0
139.0126390704827 227.1669673948489 82.91733061255218 226.64902384634917 83.99594380141934 109.94176802548385 140.0891962434689 110.4597017319724 Oyster-Closed 0
