372.72166548439054 64.53796718209338 416.1883821654774 87.48407059000131 385.1381448203392 146.30120101535712 341.67152484366306 123.35523970832358 Oyster-Closed 0
416.0001551418136 173.391036 399.5406306331497 173.391036 399.54081787212635 86.59984899999999 416 86.59984899999999 Oyster-Closed 0
379.6122171437273 236.90506248635683 344.5944468099806 248.69777664662294 307.7110523213378 139.1806769393044 342.7276169999968 127.38818100000336 Oyster-Closed 0
416.00008004207484 218.75595400000003 403.6137194816947 218.75595400000003 403.6138348632958 173.48214000000002 416 173.48214000000002 Oyster-Closed 0
205.16640389109307 192.36913944885137 240.30911903067317 169.3816251263063 279.3369539093801 229.04227277710206 244.194487103141 252.02948157645784 Oyster-Closed 0
116.79395899999872 173.44923600000152 172.4463849348067 151.25104002999532 218.8002212649044 267.4553255762888 163.1481130467837 289.6529863077813 Oyster-SemiOpen 0
168.55803161959557 211.7478098170642 205.8083658468313 190.2852341923323 247.28348223151988 262.26278207985473 210.0334150415365 283.7249856856015 Oyster-Closed 0
52.66455220041462 174.00141470884918 151.91003264962274 169.54842500797452 158.6681294872542 320.15520094204135 59.42266165549154 324.60804648645615 Oyster-Closed 0
22.289667999990343 254.7720740000063 19.033185243162734 233.12583317196348 45.971145958454144 229.0736637917783 49.22773121251157 250.7197784683577 Oyster-Closed 0
311.91935600000215 234.81698099999474 359.3102605233289 217.6331517439074 384.5766466070272 287.30715715214893 337.1858880605105 304.49069322072495 Oyster-Closed 0
235.62155442780931 263.00118615614747 258.8284082642458 235.74149278065215 295.84969500083025 267.2549710486599 272.6431685323587 294.5143554866607 Oyster-Closed 0
55.46125289116753 250.17447132474913 59.67921846988975 278.46547368254187 25.80773986120039 283.5145507350361 21.59002815637359 255.22377587771896 Oyster-Closed 0
344.54990299735437 309.3893388989373 302.97739210037616 327.48824820650765 269.0281685897644 249.5172530756986 310.5991608737095 231.41872245742576 Oyster-Closed 0
371.7438238194736 245.8367667415933 415.27927200168415 255.38390223493843 397.83223661974625 334.93189383202633 354.29685384645927 325.38495836498 Oyster-Closed 0
228.9317252391338 322.3604317359054 153.1802133043675 338.391068159984 145.5239088582348 302.2136137720273 221.27392114016402 286.183141601729 Oyster-Closed 0
24.443763577430218 279.3934561336616 69.95111283559527 275.41279192854313 76.12318997727562 345.96115440027916 30.615850238817075 349.9417409020926 Oyster-Closed 0
263.62772370766106 352.8804552764756 264.79448298332136 312.6801525841248 350.9639313537591 315.1802684768446 349.79822116437936 355.3795347808194 Oyster-Closed 0
153.93843980776364 327.36483015770324 144.00047993003318 370.51651856242046 76.58938177549862 354.9937785484613 86.52795599998717 311.84299700001753 Oyster-Closed 0
267.1826087230438 391.71973255781234 218.20719113594168 411.39339576288967 185.8422396747992 330.8402835503127 234.81522025926824 311.1671737278203 Oyster-Open 0
29.859431000026234 341.2948529999996 64.61175744905267 338.2551896281498 70.22916907924446 402.4638308647325 35.47685126647775 405.5034299511833 Oyster-Open 0
287.3012919999783 405.7763639999992 286.18543453311577 378.38332331788877 330.65002272947095 376.57246879796367 331.76628263462044 403.9650858976219 Oyster-Open 0
