414.3585265877882 136.2687592447761 380.6629114698335 136.85630922961656 379.69545420472423 81.36508037345139 413.3907062813414 80.7775335834288 Oyster-SemiOpen 0
336.132199399206 50.86010096007123 316.4265499680696 19.760517171531678 352.90152080544794 0 372.60715972352045 27.748456814900724 Oyster-Closed 0
33.16096758278218 95.51164981428596 88.61329022559221 76.63437060921274 110.45963189436588 140.80713980693628 55.00736672520725 159.68428904376782 Oyster-Closed 0
408.18420319358484 182.12056106443237 386.6770851231122 193.54053599784478 327.37609664919 81.86294630783694 348.88273223168653 70.44312381905301 Oyster-Closed 0
0 96.751603 14.325865 96.751603 14.325865 167.74988 0 167.74988 Oyster-Closed 0
127.75555457263545 75.79178795225533 215.39341768145096 84.90711055410716 199.19388695901216 240.64928139620113 111.55604954511364 231.5341554888043 Oyster-SemiOpen 0
118.12247401404238 198.78448905668864 74.88907627253502 195.16240215778092 81.7660675842344 113.08955641896186 124.99847399999635 116.7116010000018 Oyster-Closed 0
47.31650295964937 136.64757739456877 61.77223850057999 131.93616835642567 76.28805879442734 176.47240321263257 61.83233748474595 181.18378158908712 Oyster-Closed 0
215.96382853018076 76.59782491283471 330.5352574095741 91.69409819175019 300.5456692811822 319.2844236234448 185.97437234371318 304.18871786774986 Oyster-Closed 0
416.6864076793827 269.75252144367397 381.75915320362765 270.36150597483953 380.3747877946407 190.93494283040945 415.3009285754488 190.32596794562912 Oyster-Closed 0
335.4000781262912 337.5101137965485 278.5295504218302 317.4491216513271 346.6805839789813 124.27642813085994 403.54682443141064 144.33659848445487 Oyster-Closed 0
0 166.756559 9.652312 166.756559 9.652312 284.085197 0 284.085197 Oyster-Closed 0
60.25394573626545 175.83972692926517 104.76030077328323 163.00402823211334 145.6052460041392 304.61739870826233 101.09906065449832 317.45270361895155 Oyster-Closed 0
151.55309779085292 294.49904635943756 107.96007359168289 273.52843899088117 144.1853933176135 198.23424083376406 187.77713917171423 219.2044916475033 Oyster-Closed 0
0 85.58056923995025 88.75467909712461 83.99540779847571 94.30914971975653 402.55724255753466 3.388500530651072 404.1422924248175 Oyster-SemiOpen 0
228.72005299999728 271.92334099998953 257.43076563627983 248.89319795986177 310.7408385429044 315.34326287817936 282.03057964767504 338.37290042912065 Oyster-SemiOpen 0
416.0009817397331 343.253837 374.9180491880179 343.253837 374.91875828600314 264.955186 415.99994128469916 264.955186 Oyster-Closed 0
95.59354330800124 314.45084939162507 211.36200717717293 234.22069910213526 324.8198356114335 397.90724068069716 209.0553319002065 478.132583736846 Oyster-Closed 0
3.3000775567415985 415.9999861296777 3.3096397244553373 308.90945243150577 167.98792330248398 308.9224110526594 167.98401174910396 416.0073347960694 Oyster-Open 0
381.71574939771745 416.00005157459265 381.7171137542755 340.351829040557 416.000504203741 340.35263101194937 416 416.0000000000095 Oyster-Closed 0
346.9575844498686 21.442886906507464 399.2259919934695 35.8553939306155 384.01180008551455 91.03089027503844 331.74341069669754 76.618425360293 Oyster-Closed 0
353.55560399999376 415.9999999999823 353.55600801127 388.57770744257624 380.4690367391231 388.57810062630364 380.46889402794477 416.00013217491215 Oyster-Closed 0
107.47121374067501 105.85172173498475 67.15200166481372 101.3810851824219 77.43674831670796 8.629792468852761 117.75551089537112 13.100401088914431 Oyster-Closed 0
