228.85501460958403 369.7415111906705 176.11658224244093 362.94642173261724 194.64586244377278 219.17754352408699 247.38013199997658 225.9723509999991 Oyster-Closed 0
0 222.077892 6.852608 222.077892 6.852608 338.052781 0 338.052781 Oyster-Closed 0
132.9463789199981 386.11102365901024 108.7438706110297 386.27632060210044 107.88657919026446 260.6391579270649 132.08730918056244 260.4738671650439 Oyster-Closed 0
126.23143546346546 375.76652946770906 135.63170885028376 275.1073133770753 187.05412540616453 279.9089341335584 177.65546025053482 380.56668016603845 Oyster-Closed 0
43.47010496189614 310.08701573922764 118.14482981038964 319.04313458065053 106.6702606653489 414.6950082190223 31.995587810393772 405.73916673501054 Oyster-Closed 0
263.5882529756673 417.6388422691839 210.02446199996848 415.99999999999955 212.24442049209756 343.51986007216976 265.805581009663 345.1586617521422 Oyster-Closed 0
41.29140272023869 415.9983052231129 41.29374193075273 376.48391152272666 206.96066750062528 376.4888525906046 206.96060599915654 416.0010485869877 Oyster-Closed 0
290.01567911703023 130.51794435235828 311.3641065073534 86.53439463597053 358.2306969443671 109.28170281140711 336.88255760593165 153.2650052253322 Oyster-SemiOpen 0
320.57309577100386 238.8626432818158 275.52967297396026 233.6216802739425 288.1886556709687 124.83839016102051 333.2304588031875 130.07925585252022 Oyster-SemiOpen 0
90.3111936580608 170.9526970366222 124.30311993644136 169.557822514982 128.9664965980228 283.1911946973234 94.9745722950538 284.58603742921736 Oyster-Open 0
1.1597628133094986 199.00415913638494 34.716739924566355 196.1899847631367 45.93812808022267 329.982431753568 12.381162330431835 332.79651892478495 Oyster-Open 0
237.0436398397178 356.23964797136443 176.8976943987036 289.8345171946798 260.2492812740493 214.35119426029243 320.3938270725157 280.75450950159467 Oyster-Closed 0
