245.88652801725038 370.19021977519986 192.66471027320586 365.81340610684714 204.4080597441316 223.06573110841623 257.62568199996895 227.44236499999852 Oyster-Closed 0
5.174218033967918 222.304620236426 18.253261840014602 222.00025512685107 21.737946411569283 371.722067216444 8.658903079074662 372.0264205113526 Oyster-Closed 0
150.73554714437705 386.3583042272998 126.63418396034467 387.6436010557544 119.94212977039206 262.16512270753134 144.04172126614503 260.87987404662766 Oyster-Closed 0
194.12353966961382 380.72017051749646 142.57501933465028 377.1568170030144 149.5260022051225 276.6439013171155 201.071584010253 280.2071541728878 Oyster-Closed 0
50.06257925230966 405.987476513961 59.39783134445315 311.62135146614406 134.31335329238573 319.031201209134 124.9805787668447 413.39502133167707 Oyster-Closed 0
229.84227199998713 416.00000000000136 229.8444232324655 346.567434127011 282.606451597454 346.56915148349873 282.60553499371235 416.00049029272054 Oyster-Closed 0
60.168123645689775 415.99814220210806 60.17049760077498 377.56715130020626 225.94752404334577 377.5725991093507 225.94736999529414 416.0014405753231 Oyster-Closed 0
295.4893472675212 132.08621049537376 316.24377438490774 88.93048235566393 364.3103624873438 112.04613718032944 343.5562301515529 155.20161242549742 Oyster-SemiOpen 0
331.44021897854327 239.3114133526549 286.0386963696146 236.14498936727895 293.5745656570907 128.11142884648848 338.97444877386806 131.27779418241053 Oyster-SemiOpen 0
98.26666165692586 172.6399202003995 132.00345223811746 169.68864343905852 141.9310282462975 283.1640362689168 108.19424651853842 286.1152454329566 Oyster-Open 0
10.521024729925557 199.83421315021562 43.68942354210594 195.51535391916036 61.07555204393066 329.0246983624965 27.907180004775 333.34342336717265 Oyster-Open 0
323.07124652211496 328.443747580391 241.8995797885691 359.1648602260176 201.44770279099612 252.29320718756608 282.6152647599338 221.57293908465329 Oyster-Closed 0
