296.90872288824903 419.8028210775216 267.8352575230456 413.46241113892023 299.76628754672856 267.08643264080166 328.8371247308969 273.42653965317584 Oyster-Closed 0
275.4815446516259 384.539409603079 236.96646501762734 377.20703111243114 246.75282890965173 325.8169983892207 285.2666864271305 333.14925759143654 Oyster-Open 0
242.73621452554653 417.5158824222476 184.81745468587178 414.422992694839 189.5372384049988 326.0939559326288 247.4526600891586 329.1867564685934 Oyster-Closed 0
153.43888011679155 332.83640350744616 197.08249564453217 345.39668966977354 173.1428837988169 428.5599233488221 129.49942100001135 416.00000000000654 Oyster-SemiOpen 0
0 333.27872 22.071126 333.27872 22.071126 404.47052 0 404.47052 Oyster-Closed 0
26.523235596388986 405.18562813404696 35.12061850163445 328.16562003332075 110.20780681549513 336.5454149341935 101.61250348048634 413.5635162708341 Oyster-Closed 0
117.77270703420072 3.044266554571158 138.08087351963695 2.843734835203146 138.93387532571796 89.22834574652418 118.62570885059176 89.42887681062902 Oyster-SemiOpen 0
30.453133207291103 26.21340146295745 65.76082499163385 36.4507666775124 39.04851431720817 128.5780918071549 3.740846647935541 118.34079285697852 Oyster-Closed 0
310.6093682211358 79.60411846096399 339.0140156549496 81.12591642150278 331.37540679798985 223.69726674699277 302.9707619539331 222.17549726229507 Oyster-Closed 0
195.25257819411854 203.2600154903387 162.94020983566588 198.18314491112858 182.50503691402628 73.66977991710579 214.8164567256572 78.74657570226239 Oyster-SemiOpen 0
211.00629968627618 159.71862482606798 167.8586609999984 237.11064099999075 110.13639196260556 204.9305266193598 153.28408902433148 127.53929430322387 Oyster-Closed 0
291.66117446428325 143.4703600952601 315.7502242328301 152.47339838174545 277.396221101244 255.08891659743892 253.3072598147628 246.0860501839599 Oyster-Closed 0
383.3941827768758 314.6046825264908 352.70721909195345 309.4049460096178 372.498049078833 192.62654809947054 403.1835150265033 197.82615977715358 Oyster-Closed 0
189.2446820092773 173.43053569307082 263.93413811885694 178.01004279772934 254.4721066990569 332.31543530397533 179.78266434192483 327.7360873585173 Oyster-SemiOpen 0
136.40856272168458 187.12464230641604 201.33086016434027 225.51757270026033 130.9966783775999 344.43689093830557 66.07532289526353 306.04522266206 Oyster-SemiOpen 0
260.22118629792385 293.9818985507876 294.5309578372944 310.86845771813205 271.70251999594984 357.2421867802703 237.39291194649195 340.3558766231974 Oyster-SemiOpen 0
