26.690575649216044 120.59500994935493 40.49604142807584 63.43842992787421 108.87521559851666 79.95429428487753 95.0701549758669 137.11052929814548 Oyster-Closed 0
152.99201360233565 136.77702908399195 129.9816189828307 150.42292347398245 87.33134811720447 78.50515180558193 110.34145779121536 64.85936503904189 Oyster-SemiOpen 0
169.09451987178545 200.89332388524315 111.59758306369986 180.4470369082733 157.81896169138417 50.475046281740624 215.3143961394926 70.92104884889419 Oyster-Closed 0
286.0295082035591 51.494014153260885 353.5748536295032 77.07122367435177 307.9682590162556 197.50793266536377 240.4230905042641 171.93107161668848 Oyster-Closed 0
199.20862090151059 177.5546457811202 175.20400033278565 102.31162276119797 228.79133073258345 85.21642637199704 252.79620768612222 160.4589318486814 Oyster-Closed 0
42.62583479450768 196.2834659574254 35.48376265796469 125.73271204614906 120.97932050795134 117.07809407479503 128.12213168361632 187.62797751096042 Oyster-Closed 0
158.22431455161131 200.35993454866363 149.04218942244188 183.50785186993974 191.52973030326393 160.35912401919373 200.71186446752108 177.21107694037636 Oyster-SemiOpen 0
277.5752799264992 160.60630726260382 346.409212272727 140.24506660121602 399.58047729718965 319.98392433722466 330.74689229366777 340.3443907248612 Oyster-Closed 0
326.0449257217333 79.25118285947993 414.4913954131298 78.21816429703456 418.4260026636948 415.06972586918465 329.97953493914974 416.1026719260158 Oyster-SemiOpen 0
164.45467500000814 197.54096899998706 251.25907888244546 133.7611320035786 407.590073824671 346.50773430199456 320.7892151641463 410.28359748291837 Oyster-Closed 0
44.75394696012154 415.99867747526815 44.78245741719729 179.29110122078154 329.7960934404837 179.32516485318263 329.78458947038234 416.0150589271541 Oyster-Closed 0
384.42176895404555 416.0001748173058 384.4238871205489 273.268492635006 416.0007221579108 273.2697760299547 416 416.00000000001563 Oyster-Closed 0
28.9360150031971 328.2566329608965 50.584261250463896 325.862736532596 55.786467468962655 372.89703033222224 34.138226582676 375.2908919116647 Oyster-SemiOpen 0
81.35788999999568 415.9999999999963 81.36225096899216 349.5522396169437 199.28152708098787 349.55842738102734 199.27979565153873 416.00361747436597 Oyster-Closed 0
63.78774177295054 415.99998452772627 37.298594856365526 417.38099698871844 35.40059496352478 380.97843500559037 61.88906850170315 379.59744008687164 Oyster-Closed 0
163.2766116469429 38.94446514128379 149.36723311930837 87.94161929331541 62.99271208414211 63.421361368254836 76.90221560682039 14.424403621419525 Oyster-Closed 0
339.1498380000121 415.99999999998647 339.1504758002011 396.5622231063765 399.46539708900673 396.5637925740045 399.4651789873278 416.00114883431615 Oyster-Closed 0
252.3181087574776 71.11183768574074 227.40212347390116 65.72298719330105 234.67187777099753 32.11078870584991 259.5877876031591 37.49963072811201 Oyster-Closed 0
31.34881894613136 137.62777225571395 10.080537956633634 139.13754006564363 1.1462602550564043 13.27906655926397 22.41424603130872 11.769307857551446 Oyster-Closed 0
