0 161.7494389999918 0 114.70426144043383 41.807684590825374 98.05487838373354 55.83629545700387 145.09975506445585 Oyster-Closed 0
274.86801554230624 141.29853472199258 270.41312851950715 122.68885862540904 375.8861792273092 97.44024830713659 380.3412114778803 116.04971519719174 Oyster-SemiOpen 0
168.901861217666 86.73498238104106 185.94007029926433 139.26671695683325 72.50508275227912 176.05605639092641 55.46772256432814 123.52504133154724 Oyster-Closed 0
190.96375172804255 155.31963848104292 198.2403668445004 116.67477202729425 344.7574949600057 144.26117088413736 337.48173424138076 182.9052942236541 Oyster-Closed 0
196.75202568336317 203.57265550406078 176.51719119960035 204.86264566906496 170.49320883987457 110.37158640600953 190.7274990000151 109.08161399999949 Oyster-Closed 0
19.25192899998001 151.34599600000934 50.90337746966907 127.68185292925533 108.61538597561957 204.86955540108394 76.9642521312162 228.5333388736762 Oyster-SemiOpen 0
89.79043213724071 145.17962197692813 140.1265427404178 120.81782925500144 200.40612362944012 245.36005018796726 150.07037260782818 269.72126722814596 Oyster-SemiOpen 0
0 191.60358243391738 11.446572425080376 146.50487966520782 100.4540359238199 211.50743162824287 67.5170987368474 256.6052629329558 Oyster-Closed 0
187.9225449067926 236.20968349821916 194.63876289784457 152.77878560731895 356.92823995320214 165.84155524227924 350.21462500841517 249.269955132463 Oyster-Closed 0
180.34013564035558 264.2067304855451 218.64329639049902 194.1360370586013 357.49352469113 270.02752182692643 319.1933766281836 340.09562138245957 Oyster-Closed 0
44.090791061378695 270.47763091130815 92.53032125643949 220.48473699889857 182.5764747724279 307.7217773086494 134.1386117854854 357.7130368318863 Oyster-Closed 0
134.6268379283938 51.79998872331746 133.47114154860174 0.9382989588815203 234.3073779770857 0 235.4631856322012 49.50858397188262 Oyster-Closed 0
138.52501713517267 348.19458683376394 93.91623533229722 401.82221590413593 0 297.1909244938585 12.718377678898833 243.5658223719031 Oyster-SemiOpen 0
306.1606543756461 350.41644339044217 241.1276260292325 422.8520373115268 137.39258392089687 329.7338650878958 202.42338568145715 257.30123211980714 Oyster-Closed 0
0 414.8141690000214 0 351.76382727103334 70.87232475748533 349.2145110386481 73.07375671334376 412.26333106208335 Oyster-SemiOpen 0
9.988434612751007e-8 90.01148190997807 0 65.28422401502817 33.81359523577339 63.44812485152007 35.10690067232645 88.17532315774345 Oyster-SemiOpen 0
64.8260483073318 114.6540537962581 18.397154860958835 94.7711640594249 48.42501188820461 24.654059926318638 94.85349876508917 44.53684532315327 Oyster-SemiOpen 0
128.02097561595292 64.47737102894595 145.5777580264148 87.27116618823192 75.87868102244465 140.95524774756254 58.32208968439954 118.16162607609704 Oyster-SemiOpen 0
