100.9102687386985 129.74984340322902 127.8881658109567 102.01095441956058 194.5738173933023 166.8650328182793 167.59626926369674 194.60358237255622 Oyster-Closed 0
31.903061737702956 216.2791819858604 12.932185632307664 146.5694869636416 132.73336560213284 113.96802201882802 151.7050000305244 183.67637263325463 Oyster-SemiOpen 0
340.77583226600836 255.54037394507736 271.8648400960228 212.64093118369934 306.60736239913604 156.83801834365795 375.517119257227 199.7369608037856 Oyster-Open 0
0 234.24860869201507 11.552480149995972 194.9387120093204 73.80843087308313 224.23434303019326 55.309527270903345 263.54368346523216 Oyster-Closed 0
169.57256367746595 183.21884921658395 191.08932126089712 295.3241258530535 65.74761730261162 319.375061579499 44.23443850351032 207.27290522329264 Oyster-Closed 0
334.9750779999995 312.9598349999978 305.0868365424867 264.0021907164389 396.5269956480188 208.18531325643994 426.41514475578515 257.141758730696 Oyster-Closed 0
181.69643658849964 300.05964342232727 196.96884554627104 267.2738153165951 254.49811839565155 294.06827646231363 239.2263525023809 326.85355659824074 Oyster-SemiOpen 0
255.81664708726748 249.3493954393347 321.99963970070166 242.68341616086576 332.5458818624611 347.3764978124352 266.362911163189 354.0422924817844 Oyster-Closed 0
328.1523069999894 369.75197899998307 362.82157955514776 252.97934687218836 441.90786513310013 276.4565335464853 407.24179164105226 393.22643633412184 Oyster-Closed 0
230.89490987494355 293.5376467352354 244.06804340027156 385.82959274707326 103.7094193831872 405.853732303653 90.5407336056378 313.5657489137797 Oyster-SemiOpen 0
0 306.7093528911395 117.12367585698667 301.2269133278925 122.39436056128397 414.5304284762385 4.514385446043889 420.0126716259934 Oyster-Closed 0
198.28157208169068 415.99973716868834 198.28402118470694 365.5807079102182 302.20523876942025 365.5848013212681 302.2045916646639 416.0020286723873 Oyster-Closed 0
298.2944039999966 415.9999999999891 298.2968618286104 375.33941358196466 407.3002108068904 375.3442720022306 407.2992888453373 416.00335230436804 Oyster-Closed 0
88.18358399999852 416.00000000002365 88.18495787318898 395.91627096833304 218.0121815999264 395.92293864264377 218.01173987649236 416.0057248440695 Oyster-Closed 0
255.72750424068 69.8490076884407 261.0955582922761 156.057148461833 165.74493197203992 161.99347053608415 160.377769726525 75.7861907434049 Oyster-Closed 0
