14.639406423761102 83.89521710221045 36.77221120712056 76.16235385697443 50.315799962747406 114.92587479387512 28.18300875339628 122.65871009349026 Oyster-SemiOpen 0
247.45397581726866 146.7835534020601 226.98308856254152 81.08298805645782 386.3800886363242 31.417985676465086 406.8515002853346 97.11785704540098 Oyster-Closed 0
132.37036164417077 120.30475130858973 137.7684002579881 101.3328587407281 191.93970904161688 116.74565844128186 186.54180026108588 135.7174404796472 Oyster-SemiOpen 0
301.1245307262143 105.43531948631617 315.420810280797 191.24826765671378 154.79046454904892 218.00504950305984 140.49641366304058 132.19410507123496 Oyster-Closed 0
411.3562362328703 99.86711364192865 432.8186410949529 194.74537437667482 320.1946793141833 220.2188897885846 298.7340396922591 125.34213199127281 Oyster-Closed 0
71.76029174524956 268.70231777475686 35.50752469811778 198.80603326391005 168.16458085248814 130.00620177593902 204.4175480074082 199.90057673007533 Oyster-Closed 0
227.3241549999766 0 227.32418418200177 49.03333151477934 167.70168643615762 49.03329878749505 167.7017186921803 0.00000277035750773191 Oyster-Closed 0
370.44793036016927 186.08197254554645 381.3345094247197 280.9147467007107 140.45866605973788 308.55438130201173 129.57754890968863 213.72649343439997 Oyster-SemiOpen 0
346.8397236484416 330.1308729436565 320.7578694199583 264.7197212297344 412.8326529730002 228.0111242026439 438.9150897224499 293.4206355891837 Oyster-Closed 0
181.7671005727825 23.548516549531122 174.4345783105673 52.3428489012311 98.61915061289255 33.036261437339505 105.95170467876596 4.24199573759244 Oyster-Closed 0
409.18037658189496 0 409.1804294611502 56.96498182265223 338.36167234767345 56.9649321961846 338.3617249043855 0.00003721982737320382 Oyster-Open 0
226.9648025345341 411.1324439085697 215.29631336345483 361.1630546515315 388.6237099147802 320.69474535909205 400.294171975831 370.66128906504383 Oyster-SemiOpen 0
46.41958195639745 30.022815062006657 59.4651336540519 70.81185309882939 7.578265378568176 87.40658091216342 0 46.6176613785088 Oyster-Closed 0
158.70615656043083 92.59010546995813 147.58091865975075 113.36488840879919 67.74760869162492 70.61310447815384 78.87285134068952 49.83846591528985 Oyster-SemiOpen 0
123.13822100001198 58.85636199999142 147.77244665159014 31.731628633685776 214.5197425042752 92.34988219178086 189.88568000436499 119.47445343254341 Oyster-SemiOpen 0
151.21075888974883 99.83491927500035 130.02089605028596 142.27067009764227 35.79332229654756 95.21930832964104 56.983274255642755 52.78390210994893 Oyster-SemiOpen 0
