159.07913550617013 118.8670519993433 206.33246170202256 153.13358700163266 155.5551060612961 223.15127801493193 108.30215351679726 188.88518756163145 Oyster-Closed 0
310.03270871336645 226.54967869474473 289.50544567345423 194.5533427848521 346.4558365629673 158.01915544894183 366.98305484778757 190.0151348930935 Oyster-Open 0
299.78470947594906 254.9865607694729 289.613542950352 300.8379416734683 213.73718882110188 284.0075702837737 223.90894986981948 238.1570453434411 Oyster-SemiOpen 0
303.39875501425195 208.77794347887806 394.18463162612534 180.89651045743065 447.6889611380575 355.0957564367239 356.90364664482695 382.9759853951748 Oyster-Closed 0
22.67229068159213 259.1454377780722 61.433411693979 255.75501533840645 75.02050725637673 411.0630735363267 36.259407230390934 414.45334228605157 Oyster-Closed 0
280.7077011168367 275.1540553418939 348.8255428120756 254.00019112100102 392.7449052093798 395.4013461614144 324.6274840918413 416.55428933820485 Oyster-Closed 0
144.52420695579713 350.5242537628358 177.16307983646766 340.357387333458 197.13470823054377 404.4574617899381 164.4959355316023 414.6241016255293 Oyster-Open 0
8.918986999997287 75.92411700000117 42.61265891642688 73.56519098142047 45.696725248719304 117.61575965980632 12.003055071327253 119.9746767651243 Oyster-Closed 0
73.94273995961339 171.2906882992814 15.181317832866625 135.68734838624314 45.9026816558071 84.9855441615623 104.66350329323541 120.58864820305726 Oyster-Closed 0
97.54371096687464 88.67274985427687 146.8897789796174 85.21802672453998 153.33990303176688 177.34702033054944 103.99383994778691 180.80170663463505 Oyster-Closed 0
359.6355706631548 184.55913066257548 323.02898593501595 155.68442958861286 361.2571361721675 107.22199071265511 397.86335092674926 136.09646706299694 Oyster-SemiOpen 0
