338.50210956263254 126.70631450903677 300.10642454197296 119.13491068797507 317.41391865999685 31.36873009907353 355.8090729999967 38.94007600000165 Oyster-SemiOpen 0
381.83596352087625 90.04533289730446 391.6682147360516 110.32105792507791 349.4197483734024 130.8079280660785 339.5876063524847 110.53229607397164 Oyster-Closed 0
342.3215829678775 110.31009039041614 398.08895786454013 123.12988524588634 375.3997997666702 221.82546970931497 319.63248984884194 209.0058663320736 Oyster-Closed 0
225.57826057697457 171.67268628465007 265.8125108364802 127.59700097768837 331.3260158365956 187.39771562063845 291.0923996254678 231.47278250940352 Oyster-SemiOpen 0
0 114.551005 35.027794 114.551005 35.027794 214.18850599999996 0 214.18850599999996 Oyster-SemiOpen 0
53.42513903395229 308.31919145122754 0 266.69223265613266 31.04925813320733 156.47410482869378 110.89162999730615 198.10007746996354 Oyster-SemiOpen 0
284.84532663274877 284.33745412490055 331.2108695666939 303.7171206403823 291.43986855003095 398.8494013793227 245.07466563223716 379.4703345950236 Oyster-Closed 0
41.92165357014528 263.6540560475987 105.24239503878925 250.19744931831198 127.53914334737055 355.10001667820075 64.21851658833111 368.5562314060656 Oyster-SemiOpen 0
200.63225282213534 398.31750840312264 157.6470558755791 382.0929243210098 194.83923121543557 283.58211075203417 237.8219923412289 299.80618489622805 Oyster-Closed 0
240.52342900398799 382.2354970821383 230.4197861104185 384.51183576208524 223.37884093121102 353.2672941882099 233.4822818602879 350.99097914312995 Oyster-Open 0
370.4166850292131 410.67622499120574 358.65037785135064 408.5406649489564 365.716482318825 369.6202322784422 377.4824774373228 371.75576328263526 Oyster-SemiOpen 0
227.90258618126973 323.94285766939 260.2142103820006 349.04642627054983 199.1806602562101 427.5844516738874 166.86975661226097 402.48170746242647 Oyster-Closed 0
0 282.98216 63.748873 282.98216 63.748873 401.930902 0 401.930902 Oyster-Open 0
344.6887922142705 111.18561347233684 328.03562425899145 88.61913631147485 406.1042423973413 31.008026842580033 422.7573728474672 53.57438080097488 Oyster-Open 0
