133.4690609350182 44.94811787685014 163.98768778353042 74.6689021824395 99.92923250447348 140.44573062457368 69.41081499089705 110.72516533629339 Oyster-SemiOpen 0
134.23887103904053 147.79271720223215 112.0735943906875 182.6778016187179 47.571579283681785 141.69570504766554 69.73680924367 106.81096379651817 Oyster-Closed 0
78.31237645286092 207.87232315734266 90.42602327193163 169.22657943334954 137.30196108407472 183.91905477724762 125.18869802066183 222.56447206660943 Oyster-Closed 0
373.6826770899643 146.0257147507071 382.1089794223117 218.07743226110938 303.13804223179613 227.31132755198394 294.7127713341979 155.26055105908065 Oyster-Closed 0
413.18663454024136 154.53106698865346 429.8351247702776 172.75862964509233 391.7504291572295 207.5418648664088 375.10209236146693 189.3144498943533 Oyster-Closed 0
10.03174957129886 191.4171528744529 48.724896896488644 189.3894942230071 52.95984804052932 270.19675969408416 14.266703976005374 272.2243849998828 Oyster-Closed 0
207.9578536720328 158.4640357910498 264.37360505604374 200.4445897247288 197.0802734502795 290.86835884050345 140.6653206026458 248.8887332413925 Oyster-Closed 0
292.49485207562975 208.58594906874492 350.2170800781023 190.07072375809784 372.1290555236592 258.3766940510723 314.4069559374584 276.89164486438887 Oyster-Closed 0
103.72674160108 260.115023878512 110.42093492194545 304.09433439619875 27.64474129719747 316.69081659885813 20.951601211927482 272.712461381985 Oyster-Closed 0
86.00869462329138 287.2432958262286 109.34631364700908 235.05419094706886 204.73297383703903 277.7027945468567 181.39694626616256 329.89055001990573 Oyster-SemiOpen 0
404.1191896290329 247.4039641892435 419.74277946919756 303.43968678156244 295.18863412569044 338.1593948252911 279.56724400003077 282.12557800000883 Oyster-Closed 0
228.09652649352574 293.5649651751512 284.8297111610009 266.8474087800486 324.9666896294257 352.0618821594512 268.23395473122946 378.77872217588697 Oyster-Closed 0
261.20054850181623 366.13825896355127 201.19473236921112 395.89326880613 159.88868431779338 312.60706576395097 219.8916599718068 282.85290019583545 Oyster-Closed 0
29.736684454226634 321.8188492478478 95.503294126931 291.4140816512195 132.9121003414184 372.3154438473605 67.1460260261556 402.71937932054834 Oyster-Closed 0
416.0023320356777 388.50114800000006 339.3324022939196 388.50114800000006 339.33437611567206 295.53320999999994 415.999978976899 295.53320999999994 Oyster-Closed 0
302.15356646303917 398.36302770057426 298.2994704283883 365.40225840765186 364.8932354088356 357.61715486084836 368.7479653737246 390.5771797964652 Oyster-Closed 0
66.62335708004684 29.135949571903982 75.6865052031535 56.61492658604 16.21279933329788 76.23039858226885 7.149743902391492 48.7514997040901 Oyster-Closed 0
126.72808147268006 23.327364342646632 185.08524185494025 17.710167695841488 195.0754887782532 121.49843388353673 136.71833521314693 127.11559617724478 Oyster-Closed 0
