122.14844432010432 112.87335427309145 152.951048552899 90.54158119531097 208.48713021455842 167.14132434471918 177.6847539201117 189.47283661228113 Oyster-Closed 0
39.135609199245664 183.8542805864762 34.30836903318777 111.81684508539587 158.79222932779885 103.47525825255926 163.62052202236373 175.5114761864569 Oyster-SemiOpen 0
321.5781439590901 179.81258618201042 382.3000242784401 235.91120975579287 338.559866512991 283.25094046878104 277.8386761397014 227.1530391211769 Oyster-Open 0
0 193.65220859092176 23.253028654307855 159.03324229168908 80.15543617547519 199.9520563932865 55.25971923736142 234.5705944089341 Oyster-Closed 0
184.92578428141496 178.61075196063692 183.9065357340951 292.3685634558308 54.40426000286607 291.20501935665084 55.42651462671347 177.45019753331655 Oyster-Closed 0
323.7269088870853 338.0054197751861 304.01253493444165 283.18621006971955 403.60074802090094 247.37659642327486 423.3158058850677 302.1943164741348 Oyster-Closed 0
174.30215096717802 295.06323424667426 194.92023798941955 266.1642139415664 247.5961274416586 303.74035801740797 226.97859265641455 332.63888275297063 Oyster-SemiOpen 0
255.89612826066514 261.4928250741975 322.59985309598414 265.66698767661205 316.0541650165178 370.25079456905286 249.35045505602102 366.0767542621097 Oyster-Closed 0
396.15376766605914 419.7341775441907 306.02223755134037 409.1333760445135 319.16262395415833 297.4691949264903 409.2878891162982 308.06962618241477 Oyster-Closed 0
227.64038670956506 306.2308468524922 215.39364054366888 396.98169897910725 71.72109394500876 377.59216567958157 83.97113495686062 286.8452100334228 Oyster-SemiOpen 0
20.135354084828577 406.4545106611438 0 276.3665161554502 67.6919809884057 249.7814341833733 107.35528739389338 379.8658693258343 Oyster-Closed 0
174.48274850851521 415.9996778407197 174.48501939638663 369.834693728392 278.1288236670698 369.8390595807825 278.1282109905369 416.0023632160424 Oyster-Closed 0
280.8210750000253 415.99999999998636 280.8218433480142 399.92323356312795 370.5055452765482 399.9264597474444 370.50529495852606 416.0027049650815 Oyster-Closed 0
47.963947000189364 399.75425799998123 53.070449555940286 369.6001871407961 195.64568527512893 393.7356280676681 190.54089713552457 423.88818089858313 Oyster-Closed 0
287.50631452995367 85.07072620166795 275.96352495519386 169.98778495257548 179.2455252348227 156.84037476436416 190.7890512600352 71.9242217256121 Oyster-Closed 0
