222.9033175656441 213.421854975649 209.48015147296246 189.0312602798291 241.27946752697244 171.53190777078802 254.70264265228252 195.92235302535937 Oyster-Open 0
287.0756475560411 248.65738091805602 251.13714975281982 250.37140314384283 246.34911997465315 149.97325166447646 282.2863661675692 148.25925911833073 Oyster-SemiOpen 0
143.48465131186094 199.7179525675082 179.51620835546782 164.3910090404349 256.16635816474445 242.56417606325059 220.13555543376788 277.8903673808623 Oyster-Closed 0
76.90659223732291 263.4669116410451 7.626667732092756 254.97585097089765 15.373569249994034 191.7808326609816 84.65177166978538 200.27178762981612 Oyster-Closed 0
309.6492595147174 190.79868090301568 334.12838169041424 205.21713987721037 295.3175490305148 271.1026679580949 270.83859464093985 256.684431338532 Oyster-SemiOpen 0
145.1579213028781 276.1952861345479 103.75690630027384 268.0058348356192 119.52173052096623 188.32007782195674 160.92143134976868 196.5093965467072 Oyster-SemiOpen 0
154.25421148694295 208.91436174936854 205.54380047094674 212.1769251470725 197.70249931992657 335.4329376610429 146.41292134509786 332.17046935289324 Oyster-Closed 0
298.00208009752896 313.02111885136037 276.21189047064036 247.44926351787083 351.21489293510604 222.52796168090808 373.00570516216976 288.0986115209488 Oyster-Closed 0
162.90002942080537 307.9573943792707 138.6795088357503 303.32275830554477 151.1880859065459 237.96424106175738 175.40787518798243 242.5988065677124 Oyster-Closed 0
27.6161601360036 287.83559305577904 43.23241386405061 246.11790080327359 128.65232877739618 278.08876017831994 113.03719374735738 319.8055038923079 Oyster-SemiOpen 0
416.0004586599316 318.976879 375.81183272213457 318.976879 375.81235297150124 262.672715 415.99985437169744 262.672715 Oyster-Closed 0
397.3103777710603 366.9547763729064 379.075165303384 370.8630463427944 354.5600120777817 256.49829199709677 372.7940984193556 252.59014648373017 Oyster-Closed 0
159.2471456933381 374.26680720172806 122.84455678416998 378.04574528782075 111.03757300536381 264.3192712158657 147.4378414502571 260.54045452748585 Oyster-Closed 0
29.14736800742321 304.56960970996244 46.42188537610855 292.82312183504905 82.73613291115544 346.21772270104725 65.46179223154104 357.96399338642897 Oyster-SemiOpen 0
211.26853811216642 343.04904888954513 206.11769616467063 323.95295976233535 238.6423266381571 315.1815639353703 243.79328572152008 334.27746885918975 Oyster-Open 0
254.45704984295298 287.07113232005986 276.6135184936793 273.85750334006934 338.35993429128575 377.3749112935718 316.20381897098196 390.58807716675614 Oyster-SemiOpen 0
328.4708371926281 394.07646151209127 295.7328109189548 418.04698234620963 220.59652494765032 315.4500015756858 253.33275611706995 291.4804332819539 Oyster-Closed 0
405.1589774962231 415.9986786631552 370.1637424902474 431.7668989680036 299.67801821371904 275.36592593106695 334.6702271306858 259.59848085224166 Oyster-SemiOpen 0
390.7933899232048 416.00029155953075 390.79435637382267 315.38933157071585 416.000152496581 315.3898488143462 416 416.0000000000223 Oyster-Closed 0
249.78618309332523 415.9997323748959 169.44421345384762 440.31995121267516 138.58604658647891 338.39694922970216 218.92290517957736 314.077539363421 Oyster-Closed 0
51.466941 343.715414 164.040226 343.715414 164.040226 416 51.466941 416 Oyster-SemiOpen 0
217.288461000011 374.40148399999913 244.70461789819456 372.57692801790915 247.59521000001405 415.99999999999875 220.17905601815073 417.82452838325344 Oyster-SemiOpen 0
212.6868114399913 49.50455840592501 235.20073580369353 39.43386580551033 267.90199800580376 112.53977997059056 245.3881087287482 122.6104156320844 Oyster-Closed 0
79.1770938809459 70.4750067180251 106.44232443765941 51.1276135015918 143.77920593270755 103.74387951402119 116.5140574437064 123.09117436419419 Oyster-SemiOpen 0
184.78091940715967 65.64601766499372 241.9775346209026 88.94762339157482 217.17550431500786 149.82595914342699 159.97896566412965 126.52449614072546 Oyster-Closed 0
301.0216294847414 119.05271963544124 343.9045004119507 90.47416238409471 393.86984576453324 165.44635926311187 350.98723321859507 194.02459751031444 Oyster-Closed 0
74.68089620584578 84.8933608588162 140.68652390999705 119.14695868604605 95.11828913221325 206.95208111517815 29.112934837718058 172.69891137548663 Oyster-SemiOpen 0
222.61211320017537 156.51891287518657 190.34399931285589 203.74921251338245 103.52663687934546 144.43657839347392 135.79458730886472 97.20693779944706 Oyster-SemiOpen 0
416.0002776145884 206.65476700000005 382.97410690850666 206.65476700000002 382.9745768086432 129.69974399999998 415.9999927244753 129.69974399999998 Oyster-Closed 0
