22.260549017162703 29.954570013693434 68.54861387380515 32.68344152224653 65.60896302914261 82.54659393932407 19.32089821648333 79.81772919515292 Oyster-Closed 0
198.33550173570256 71.51414021496362 224.80838560166376 45.37222068029115 299.4859465837799 120.99427449867763 273.01330624484035 147.13595475724162 Oyster-Closed 0
269.7003960000038 15.371656000001648 388.9182561250527 0 426.30520835576317 250.42050382549476 307.0874449074581 268.0587237762389 Oyster-Closed 0
416.00040812251973 221.19225399999996 386.9644764435361 221.19225399999996 386.96505979923677 99.39183 415.9999650680038 99.39182999999998 Oyster-Closed 0
66.52568543617963 202.7553020213279 18.36194457264355 196.0680167299128 36.736641152227094 63.738080073167296 84.89913138850534 70.42528791699775 Oyster-Closed 0
193.95369642824153 6.7729765224844005 192.52839813021274 47.589285662837504 137.18149781923057 45.65652044256653 138.60684817038782 4.840263334882455 Oyster-Closed 0
47.0654706465175 45.30229686177363 267.23623305728324 19.81069416218712 310.9388010450202 397.2521028361214 90.76869602052466 422.74195543745543 Oyster-Closed 0
10.616203787885752 165.66221538415206 64.911620869123 162.18317956821213 73.59837597513615 297.74175931377766 19.30296797306437 301.2207002100084 Oyster-SemiOpen 0
340.2299820000044 287.6905050000069 385.31757680060036 269.90569043659553 430.71653416565823 384.9790568357919 385.6292831919527 402.7632196460986 Oyster-Closed 0
135.795004429252 173.47135172553772 357.3252322283879 148.19532819758692 387.88437799999883 416.00000000000034 166.35460268045063 441.2742602900847 Oyster-Closed 0
106.4584537737428 363.4431776904413 43.15491077711704 375.05681289048954 19.58841357844358 246.61099994440582 82.88768728590367 234.99776252050935 Oyster-Closed 0
101.63996200136171 397.32002582691166 58.91635389098519 432.75694901668084 0 333.5981337689069 19.373860199462797 298.162714327054 Oyster-Closed 0
416.000089087378 416 384.49529317585984 416 384.4955404530847 396.027457 415.9998865937632 396.027457 Oyster-Closed 0
170.6768599999923 46.06338599999768 189.1811117012512 27.38623922559266 220.5588489620859 58.473390648188065 202.05463413985854 77.1504995644199 Oyster-Closed 0
179.12442997490507 18.649143413675773 241.22858155305948 0 348.4740600299083 133.19977039564336 286.3704122641393 175.62755784143985 Oyster-Closed 0
