246.66929737125247 93.92074065383734 258.18693880132923 125.75285259588402 188.67655439770897 150.90231021367453 177.15920183505295 119.07043783772511 Oyster-Closed 0
354.1032280000145 126.94760599999985 413.89523525022014 126.22226386113987 415.12686869271056 227.7445114053013 355.3348617311385 228.46984222161797 Oyster-Closed 0
50.79294045951974 115.92947921930951 91.04231936213182 59.88751535201559 234.68379134708084 163.04831690423524 194.4358181781172 219.08903965387904 Oyster-Closed 0
216.65252728636915 308.0259306174681 142.35998741028743 124.61805217898159 319.09639220375175 53.03177251596576 393.3911403669408 236.4344301848633 Oyster-Closed 0
0 212.88632624542507 17.92875060460574 95.82223032263727 289.3817246990584 236.7353219584916 228.61629483837532 353.79256435600126 Oyster-Closed 0
313.37339382382197 288.8463656530229 304.97318641282254 233.9207634318279 410.443658878783 217.7913259014845 418.8449307984047 272.71564940403334 Oyster-SemiOpen 0
319.9362826272445 317.63844431366084 313.3714359336227 286.67182631079527 406.7504155365132 266.87807470938367 413.31580923464935 297.84391901824597 Oyster-Closed 0
351.8448870909451 286.62369672359966 395.5124030449115 303.4039343163491 370.1959601386552 369.27291672691916 326.52862649698363 352.493022594761 Oyster-SemiOpen 0
393.81296305815704 413.40133242347196 340.10615270254857 407.7402769780002 353.9614741327787 276.35133536457874 407.663857999989 282.0121500000009 Oyster-Closed 0
0 235.345845 131.506997 235.345845 131.506997 404.983679 0 404.983679 Oyster-Closed 0
138.58342847432505 367.77338319788083 143.17286287398383 326.9584493219421 192.19195793350445 332.4692145833101 187.60320344815045 373.2835252111888 Oyster-SemiOpen 0
158.41170850998606 389.40234926952473 180.38223419556016 312.150410569138 390.2370926663716 371.8157874035421 368.27315275910587 449.06209069321875 Oyster-Closed 0
218.67932716960058 390.6745368910415 218.3034322021049 417.4230859552713 80.59783184829575 415.4837783630958 80.97501605530124 388.7365049036639 Oyster-Closed 0
