62.25707967248309 61.14510116453769 113.685286699274 85.18354673347574 77.36599574413776 162.88378908662665 25.937911903500208 138.84554830937694 Oyster-Closed 0
417.205491935405 145.0301790709849 415.2374245749743 164.22042082061688 324.2106707506937 154.88486693905193 326.1789410244237 135.6948604988335 Oyster-SemiOpen 0
196.522126945114 164.5258938779007 168.96916067039274 124.7610166160444 229.3824715752453 82.90204131616316 256.9353538822761 122.66659827018795 Oyster-Closed 0
85.0505342454635 163.34740370346236 83.55907129249317 113.13994807308927 126.87953194316287 111.85316753254583 128.37125252519763 162.0603486383855 Oyster-SemiOpen 0
273.8899609975051 212.44693508267954 255.05288997391108 212.13984208189328 256.5399881336198 120.94235718422453 275.3765752462168 121.2494463488822 Oyster-SemiOpen 0
11.99659764270109 99.65875736133921 41.32839793236053 102.23429611244543 34.66547245398033 178.11347903999163 5.333675112564379 175.53796391770007 Oyster-Closed 0
148.5846140000176 134.72356400000203 175.89961955593753 121.29098359809369 214.44294923584675 199.6651285227903 187.12805593739904 213.09753812776833 Oyster-SemiOpen 0
270.25670936682945 248.57654036614215 240.0002542665352 256.62176489548324 207.8175563439181 135.59600318196124 238.07283249177635 127.55094084540676 Oyster-SemiOpen 0
201.6670619661527 221.9650754315097 149.97414263313112 253.0718042016422 96.54087905475171 164.2814608987679 148.2324411585214 133.17525280822562 Oyster-Closed 0
259.8012810897635 223.8275394060492 288.2944409397569 160.9444584951843 397.4677549791995 210.40853223898847 368.97628561685633 273.2901805256979 Oyster-Closed 0
24.97762373475416 234.39741631642494 2.15381654508019 233.5929224671517 4.463559518750117 168.07601567586278 27.286836509403656 168.88050016557406 Oyster-SemiOpen 0
389.51543400001174 229.130927999999 408.31705628359487 221.21657919494837 430.0249436594204 272.78130671595 411.22337835451253 280.6955577717312 Oyster-SemiOpen 0
255.76174485356023 258.7474616527555 296.1306797704601 211.93129666644012 391.24869999254224 293.93996472461197 350.8812445686308 340.7547116299831 Oyster-Closed 0
229.50996524864604 337.2173469210626 187.88111496373313 370.1932501889657 95.84338402524008 254.0210956328272 137.4701292208847 221.04648003805616 Oyster-SemiOpen 0
109.60978221577898 403.4659868846644 0 396.66505063671303 9.269603573906352 145.63146721969133 124.43013348763998 152.43212246971558 Oyster-Closed 0
371.91694160592306 379.53702922426385 312.66090099421126 426.2446055427312 219.1968231799583 307.69145379560524 278.4494493828279 260.9859313966601 Oyster-Closed 0
406.64362080630235 376.2320505538814 376.8278733475199 373.6144597370501 381.78309510810504 317.19055157778854 411.59781924996423 319.80809725150874 Oyster-Closed 0
270.5341628238675 9.161738722026112 292.2354634091571 56.360964022494926 254.06727595421762 73.90983511548285 232.36606233357452 26.71068425412812 Oyster-Closed 0
35.43579031875197 34.47440643897614 48.759189540836815 0 137.2333331996233 17.64907554522862 123.91004874190912 61.410588852741384 Oyster-SemiOpen 0
99.29881084353838 414.40233648460634 40.570600000013656 399.4031650000053 67.53301567936796 293.86562108842884 126.25757840690858 308.8643155027771 Oyster-Closed 0
102.62533846117731 406.9946180992634 114.11483590908756 313.13012880261664 204.17653904073813 324.1519221037444 192.69003901138785 418.01368544814676 Oyster-SemiOpen 0
127.28529879789858 79.20595683679348 125.35418353677233 62.28434307302014 161.55320630403003 58.15327790013621 163.48435388464713 75.07485434663518 Oyster-Open 0
184.81597646867885 109.019625870842 152.27818023867803 99.66838628297242 171.2908877215632 33.51451121555928 203.82844214452052 42.86571579126482 Oyster-SemiOpen 0
62.98775039990505 68.80984210344232 95.2932017099738 36.695102622332875 147.4207815139962 89.13181008164204 115.11549050056783 121.24638573079181 Oyster-SemiOpen 0
181.52580400001534 116.93994799998848 173.5113297302596 95.17999108168685 221.22395784742548 77.60704784060354 229.23847454371935 99.36691141596913 Oyster-SemiOpen 0
162.09166850339534 2.829292159693492 161.56345397507903 33.09170576781156 90.6356951865273 31.853647620993353 91.16394100002071 1.59127299998789 Oyster-Closed 0
38.27679253538736 117.14937980504189 0 94.20955488811225 29.633427740776824 44.51829948046472 67.99318565557041 67.4580403629222 Oyster-SemiOpen 0
