253.16140951143825 103.38208326657059 263.49961709661875 136.44918206442003 194.5476676754115 158.0054228934274 184.20977317085635 124.93858425348294 Oyster-Closed 0
416.00078919222506 243.777237 360.9366649880867 243.77723699999999 360.9376119999906 142.18447200000003 415.9999070285303 142.18447200000003 Oyster-Closed 0
57.45693220168687 115.07837891500122 97.38446444703368 62.217370198405646 243.83223295643984 172.83082758839657 203.90610516128436 225.6905858587694 Oyster-Closed 0
227.79468912216544 316.2992712474085 159.56807959836806 125.09011699075197 330.6711540746437 64.04155361209197 398.90054703015994 255.24511475926911 Oyster-Closed 0
0 206.39523430116188 25.02715922212883 94.35272371237063 303.68793054751586 249.2956741403505 241.3925341649192 361.3311789687999 Oyster-Closed 0
324.221269312613 301.9009798768512 318.55323650110586 246.20264132594855 415.31133013138606 236.35701435152242 420.980491088485 292.0540660977287 Oyster-SemiOpen 0
331.3157453400818 331.10096030465866 326.2345616692437 299.43161647588204 414.9252309538824 285.2032791418097 420.0070344349442 316.8718542663683 Oyster-Closed 0
385.36951914166275 383.70713416490173 339.82802128670664 368.04229787791866 361.5607772383555 304.8764405362691 407.10056500000064 320.5409540000061 Oyster-SemiOpen 0
409.92074178865005 417.5830849398056 355.78071431898206 413.4308293112862 364.80122041033974 295.8783112975487 418.9371661455043 300.03040728319775 Oyster-Closed 0
6.718436999977712 230.89769000000055 141.40930613866658 226.97936721556923 146.46638865007844 400.7876861230012 11.775531478357152 404.70581647969 Oyster-Closed 0
157.28555754497575 331.85187527566967 206.7834590720413 338.3826830513684 201.42303374905168 379.00119159807184 151.9251486217472 372.47046766547646 Oyster-SemiOpen 0
395.4486688853176 382.2661763532734 372.3642729456624 457.0551393639125 169.95914106939017 394.5857779280961 193.04672310714886 319.8017130379669 Oyster-Closed 0
222.33009276584562 397.8586054591563 220.67044283074574 422.7532846741388 94.439611554968 414.335981678204 96.10030840613399 389.4423838884496 Oyster-Closed 0
