9.238720569348516 86.02279508730052 32.058317976334365 78.22091911795525 44.655303622937936 115.06508473112847 21.835719104343298 122.86693365466532 Oyster-SemiOpen 0
243.64762371749748 130.67652505123212 219.72580782646764 68.44786189594312 378.7736793828044 7.3066639849454535 402.6958324757725 69.5348613549217 Oyster-Closed 0
185.36694191893184 105.30402401833753 182.08277522183926 124.973287344108 126.6446316422298 115.71683838516648 129.92888267245144 96.04768663627404 Oyster-SemiOpen 0
291.09695535087303 87.3864114260401 311.06926951861533 170.18374876057686 152.83871190834543 208.34816436466897 132.86842023630015 125.5525874802749 Oyster-Closed 0
405.98821531308204 72.38452859981287 433.242899762623 163.17816871818854 317.8955339673885 197.8005649769122 290.642350054557 107.00818141554188 Oyster-Closed 0
65.09849299473717 265.51914794474715 26.841225778924127 200.42390921564146 159.03524618789743 122.73711420889452 197.29243353165657 187.83057835298374 Oyster-Closed 0
222.1240679999828 0 222.12408347127348 37.262695052579076 163.78759629774868 37.26267719466401 163.7876134395483 3.5398620193666237e-7 Oyster-Closed 0
360.579798991439 162.0630565904172 378.0893083601841 254.27573044112032 137.26697815944135 299.9904973932816 119.76265845740636 207.78230307907629 Oyster-SemiOpen 0
338.6443443333628 306.42258649119685 309.76234352908796 244.99214008597096 404.74433592187415 200.34074154321317 433.6266386647512 261.7696942663569 Oyster-Closed 0
176.74519527013763 13.486935452928146 171.4235672907089 43.219671942626874 94.62270820524645 29.473625622692737 99.94436649749332 0 Oyster-Closed 0
405.05104568351453 0 405.0510621384201 32.75830379996079 334.14236881822944 32.75828749836959 334.14238488229967 0.000002434304198431967 Oyster-Open 0
218.02750322483917 396.2983347331956 203.34159018651553 348.52595073999896 377.7437509261363 294.92005692208346 392.43115003657294 342.68980841758844 Oyster-SemiOpen 0
39.96635412579053 31.22199264590214 55.118281756535 69.82118576106524 5.226655166989076 89.40564893985662 0 50.80657160698871 Oyster-Closed 0
152.90366175889721 84.05781418112417 142.65854169754675 106.20386522287018 63.12150289501005 69.40889799948773 73.36664906419901 47.26298671094232 Oyster-SemiOpen 0
118.38444900003014 53.31792699999397 143.0799122956596 24.034359329186035 208.99115848647853 79.61837601983764 184.29584650598554 108.90179712703522 Oyster-SemiOpen 0
145.75073575486385 92.07201848605219 126.53983257174332 137.1759301310222 32.101620075813116 96.95235849799703 51.312670085706486 51.848790524117724 Oyster-SemiOpen 0
