185.10251734738995 156.608679845989 141.6723417193898 190.1720790492546 84.47616032289443 116.16364839941974 127.90572389575391 82.60060718557777 Oyster-Open 0
379.8272177518411 127.24703296509702 387.3745263329329 217.96187020732796 270.7769177094124 227.66001113121692 263.23136643164617 136.94677291518983 Oyster-SemiOpen 0
67.28672648403881 188.13828743144697 9.68508120610204 183.3156910552588 16.752750074690994 98.90935657229032 74.35322587369228 103.73190528915178 Oyster-Closed 0
359.6875038543476 230.72922321316193 323.02190893972875 288.7345525485524 192.83543856668985 206.44771521289113 229.50073289053034 148.44418949398786 Oyster-Open 0
132.5440464317253 166.58572888906554 206.30092410946963 175.18546919761926 194.18913494736626 279.05539087512494 120.43229148289538 270.4558298199964 Oyster-Closed 0
297.81746446523175 304.77772083195396 232.5289685079333 347.7611536828578 147.976284729295 219.34498909935758 213.2612083252243 176.36315597941422 Oyster-SemiOpen 0
417.5386725074968 21.005685359241454 410.1232848488762 91.12912470386247 285.8374444535584 77.98578451441321 293.2531740000268 7.862880999987618 Oyster-Closed 0
177.58268397580468 314.8614688462094 133.4472361808439 353.9716823324442 72.4863105667755 285.18768383387635 116.62048155782759 246.0784390582358 Oyster-Open 0
368.68362103082836 117.32212610323607 282.7320895597877 179.2816943953236 192.91501441578657 54.68629561040838 278.8654120137289 0 Oyster-Open 0
265.6199295559345 131.27259551843687 223.7620980759093 185.6944648806589 114.8409367482418 101.92035352309172 156.6984366631259 47.49922711590444 Oyster-Open 0
