0 86.63069416061124 3.7294806786521804 41.52415145246146 49.00508015534433 54.76564965675994 35.81310336440947 99.87205819367084 Oyster-Closed 0
176.71688802336575 59.0774616163561 204.35994270915398 28.249601099703938 275.4083878711208 91.95763476491503 247.76554703592046 122.7852943233182 Oyster-Closed 0
375.7048449975373 0 375.7060531505376 231.21721938787257 252.45865518178107 231.21568661672092 252.4603200000056 1.850287685941401e-11 Oyster-Closed 0
380.5505696411783 176.3476738534246 350.17327131437924 170.20053485358736 374.27022518066224 51.12649954422635 404.6467796392717 57.27355909011961 Oyster-Closed 0
37.376117396626796 212.17626643287906 0 203.78676983226285 18.030050016805035 68.1161477631449 62.799584068608965 76.50553262674633 Oyster-Closed 0
173.00381459636264 0 173.00383604747185 38.895304293184665 119.47390095876472 38.895288918062704 119.47391689400683 0.000004754065787230987 Oyster-Closed 0
108.43214504519347 437.83747426390113 0 324.02089894477854 105.45069769790643 1.3093538586134155 298.5955584823714 115.12119279299989 Oyster-Closed 0
0 185.648573 38.635613 185.648573 38.635613 307.281083 0 307.281083 Oyster-SemiOpen 0
307.87335799999346 252.8201629999954 356.77274845926877 234.9241259712826 396.31718968068526 342.96084134369323 347.4180658357618 360.85634042204146 Oyster-Closed 0
108.35884323782011 169.11662020822925 341.91345729989916 154.42636325371154 357.3709479999852 400.1538019999996 123.81650149517372 414.8431640905682 Oyster-Closed 0
61.99963501219099 377.0551991478761 1.1872473102157528 378.48046508105347 0 248.77077165242352 58.95717316546143 247.3455557489707 Oyster-Closed 0
0 408.68228299999447 0 333.0130839149877 54.857620707502065 332.6920014638149 55.29894523104667 408.3598039129842 Oyster-Closed 0
345.74707030650825 356.62850938460303 376.9343704584644 346.7572680443861 392.1023699319667 394.6678609494819 360.915144627721 404.53893821422037 Oyster-Closed 0
150.27011799997854 38.04928500001044 169.5040138867298 16.005418891960474 199.65623374186907 42.31402826719819 180.4223694334214 64.35786346985061 Oyster-Closed 0
274.44145294349073 146.66927504720167 188.62736842850427 158.2486501900899 167.4324057454578 1.1682642836208779 253.244861730931 0 Oyster-Closed 0
