0 69.909501 34.953428 69.909501 34.953428 119.10588 0 119.10588 Oyster-Closed 0
164.69991545482117 77.44503790735102 187.18146236812026 46.32037943187099 270.83801371892696 106.74533005460839 248.35676616785713 137.86972122167043 Oyster-Closed 0
226.7507399999995 9.239384999999045 340.8424642091486 0 412.5991133365933 216.49866825759358 298.50774381836527 250.43932251197415 Oyster-Closed 0
391.84634032885515 185.11169134364906 360.21289474517835 184.9603793263892 360.79666961035036 63.0230772589958 392.4292465881663 63.17438715691163 Oyster-Closed 0
55.54598575505588 235.3912063085083 7.679308754319209 235.87771263240154 6.2979042756487615 99.88321120283209 54.162892631677096 99.3967126743776 Oyster-Closed 0
156.49692906234486 48.80375686248232 114.45313742769576 70.22082078899952 89.72575284533741 21.678550095187322 131.76942366343792 0.26152369886152577 Oyster-Closed 0
20.358386721007264 66.94635573108066 235.70165246744364 21.186624221565356 313.54531964676426 387.49917620925476 98.20379377851714 433.2556359125478 Oyster-Closed 0
0 208.84525474336982 56.58356677300981 203.8505437722292 68.25289130903548 337.7107967969646 10.95137060536581 342.7053468066123 Oyster-SemiOpen 0
334.2402110000039 264.7427930000019 376.8926233567363 240.18879769590808 437.8176183313408 346.004943559117 395.1657761459537 370.55813476011093 Oyster-Closed 0
416.00006555127766 416.0000000000001 123.51168786456037 416.0000000000001 123.52911018212762 187.6889469999999 415.9826732913789 187.68894699999993 Oyster-Closed 0
111.7462369383029 393.701487966621 48.905418388523685 407.6871253406015 20.434716757998103 279.7775976497881 83.27087152358945 265.7924953822978 Oyster-Closed 0
107.83765304947156 414.00997814046167 66.54824390964131 460.0848940258867 0 371.9712442901796 9.486436000013782 325.89847599999547 Oyster-Closed 0
393.45459290730287 367.94028177211214 412.2260858710397 358.1030068887475 432.17721881778925 396.16440480507873 413.4058236337805 406.00153785303394 Oyster-Closed 0
134.0840470000221 57.619086999987715 149.71716636052224 35.4369620398588 184.5030421174779 59.95259675433728 168.86997593702108 82.13467346543419 Oyster-Closed 0
136.48106642078346 26.553290980910663 192.70936011736922 0 321.72438021486596 110.7078231306299 265.4967284098966 163.62870349450574 Oyster-Closed 0
