0 188.0849264096027 10.390156249603024 134.17539442965156 98.28578778109659 155.16952281294937 85.40951258373025 209.0783107047592 Oyster-Closed 0
382.02094402028524 131.2287303144248 398.26724405623827 148.27239095635036 354.5637407617942 189.9292634620142 338.3175864385157 172.88574586672604 Oyster-SemiOpen 0
183.69137643278737 156.4338602425101 211.9861193349352 162.91543567453638 191.98914575212257 250.20463600289662 163.69444016533816 243.7231637498215 Oyster-Closed 0
282.20967950775594 237.68972656417722 259.05443370533976 176.3185713348529 332.485709840279 148.61479012337225 355.64130966010634 209.9851363770374 Oyster-Closed 0
230.395392024162 273.3076756406165 163.14465391444173 255.58851660163305 192.31283152981632 144.89870507129262 259.5609187162736 162.61750058946257 Oyster-Closed 0
380.45693952704096 246.38646445629206 329.74662364149117 218.4929796163537 372.3660217245306 141.0180489100783 423.07512962889814 168.9111209404854 Oyster-Closed 0
61.54623267153147 221.00402892187077 80.49900392876589 189.72801795684748 143.3398810426006 227.80531551513675 124.3876294262991 259.08087227061293 Oyster-SemiOpen 0
289.8190750671347 253.4402815922059 239.01538901362073 275.55361503518765 211.82566655781557 213.09157066572357 262.6280984930854 190.97855015400395 Oyster-SemiOpen 0
138.81680401536505 206.05205450205477 183.37706829475428 210.73291339189865 173.7067951890349 302.78096647732366 129.1465451197546 298.10020496036543 Oyster-Closed 0
21.543121667742525 256.56898843081154 38.59869449055623 238.7132742100969 82.4081397938462 280.5544408878314 65.35282757335881 298.4098987143748 Oyster-SemiOpen 0
416.0003845703868 280.603574 392.4419347750627 280.603574 392.4423509629596 189.68876699999996 415.99993709083355 189.68876699999996 Oyster-SemiOpen 0
305.72266800000216 214.715233999996 335.5428110347275 192.6179896939839 400.77156080566056 280.6353007101849 370.95187586490283 302.7320139039583 Oyster-SemiOpen 0
392.90622449318107 328.50763843581274 324.71072426060346 370.34339284471866 250.55410080261936 249.47714198961236 318.7457951449833 207.64291019131588 Oyster-Closed 0
70.5020931417057 420.77435338241776 25.91829328471067 305.2598501634122 148.31558697540459 258.0294394592532 192.90120599714646 373.53934215349176 Oyster-SemiOpen 0
103.47076900000684 413.92981200001213 99.90279505496801 260.1158863445615 300.54472399450606 255.45863456360726 304.1215637498244 409.2641734809517 Oyster-Closed 0
300.22579900000346 341.6320129999998 370.90262537320086 337.3533588964894 374.7555437849842 400.9829879543848 304.07872505894557 405.26155283938687 Oyster-Closed 0
114.44967793786054 36.59659367574594 146.6347847612742 10.028728493269767 183.48463472721414 54.66965197107511 151.29958562238608 81.2374543968423 Oyster-SemiOpen 0
236.5170805089474 95.60797938013758 213.0246096779847 40.438752729865946 285.3146921245461 9.655902198045075 308.8072263295726 64.82493282178862 Oyster-Closed 0
413.5018956707063 83.40149792756698 395.3822097665943 84.98578795984157 391.3318939581259 38.66161350770375 409.4514819999822 37.077328000002026 Oyster-Closed 0
273.16069461045845 79.48038395668398 261.30030285991234 131.82597205569948 155.25447278503998 107.79793964209009 167.11520025410937 55.45280979510201 Oyster-Closed 0
152.08677735571837 93.07301686269206 129.20528090691005 156.64391965074756 44.62546753553397 126.20067173730791 67.50721161589172 62.630336754898515 Oyster-SemiOpen 0
346.75301523468806 173.9452388300808 299.89717003441183 163.4183761892724 320.7027112693613 70.81724109379218 367.5575803935171 81.3439856223204 Oyster-SemiOpen 0
266.66098466887706 147.5980393987592 267.62679211255454 112.80680149184677 311.8836313208776 114.0353237686427 310.918005714997 148.8263834864537 Oyster-SemiOpen 0
