228.7525744726081 67.86989046144693 249.0059632093653 95.342692590163 189.92998968780012 138.89335966403934 169.6767919399863 111.4207324542224 Oyster-Closed 0
340.4537950000413 70.21200599999315 405.5997781692204 50.44434190255819 435.38308999406945 148.59631241338874 370.23718170807115 168.3637899258425 Oyster-Closed 0
48.30031235462593 143.15153908836206 72.00605683275353 78.10101574452247 237.86015615924407 138.53962225733858 214.15613946932717 203.5886550052639 Oyster-Closed 0
260.7696088043376 283.6584024601176 136.37783062662493 127.78082995368513 285.37337720734286 8.887001641921422 409.7635168359411 164.76109953494887 Oyster-Closed 0
0 266.8656100120317 17.40889098329353 134.833723704895 310.66504297144274 192.03184226449002 284.9183456271967 324.05586559098253 Oyster-Closed 0
348.1129047018658 238.58430472440625 323.16247703330737 193.2547887903577 412.0980129038544 144.30565146135035 437.0484728237061 189.63437851248193 Oyster-SemiOpen 0
414.30748175146437 199.2679647242078 430.32368628372205 224.71715645883805 364.0099686438916 266.44640544403114 347.99422590014 240.99761902094258 Oyster-Closed 0
416.00056604056954 298.78121 380.28655636107214 298.78121 380.2870840962314 234.57797299999996 416 234.57797299999996 Oyster-SemiOpen 0
31.47540960554761 416.001461128246 26.46631654752855 272.36929437475965 179.5200322296405 267.031606076859 184.53547199893364 410.6573968845292 Oyster-Closed 0
202.9998336102508 363.3277671837254 196.0636849714101 322.4318619138085 244.319471210154 314.2490427386847 251.2560908516425 355.14434848013275 Oyster-SemiOpen 0
223.0697310119649 374.46856331892053 228.85197910983334 293.34591061916103 419.3014336989472 306.91468295011725 413.52409485407406 388.0327822314209 Oyster-Closed 0
342.6280949999891 395.34120199998273 338.0243525999176 362.72449503071095 416 351.72053799998474 420.60444260593795 384.33640317387125 Oyster-SemiOpen 0
155.56550333100313 411.66814111079555 154.6392016171012 385.1050764786416 298.82597478417665 380.07521151167026 299.75356453717905 406.63694965212096 Oyster-Closed 0
