79.19807685454361 139.39464784682667 14.364162654244865 167.05122078666514 0 120.12381580227789 59.179111617624585 92.46740482437332 Oyster-Closed 0
298.09139589915867 133.01042748084402 293.05484233222523 113.94195811249655 396.23065664355454 86.69025575941669 401.26733717503157 105.75853197559225 Oyster-SemiOpen 0
188.23553489144615 78.90959204234599 207.4817700812746 132.9990838238635 97.43659507902703 172.15340838343872 78.1911809924859 118.06461237693112 Oyster-Closed 0
215.10621895540316 147.6891736175263 221.39276975677058 109.6567262896536 373.83238329987944 134.85233050036283 367.5466468376144 172.88406132109841 Oyster-Closed 0
229.66598388051352 194.9231939592886 209.97874078902532 198.95660642857288 190.90745391304154 105.87232230157484 210.59420299996418 101.83896300000383 Oyster-Closed 0
44.012502999969 147.09830000001398 71.73962831056633 122.010152104658 140.74963127748924 198.2756917906816 113.02288646022862 223.36344473841632 Oyster-SemiOpen 0
115.51894413439368 141.9160064451275 160.6371699826086 113.35797468996627 238.58456722502524 236.4989920836042 193.46686793941626 265.05633643415376 Oyster-SemiOpen 0
2.1796010132056836 198.98414348150538 29.715277967454313 142.25454927808326 135.95409966535954 193.81800435114306 108.41979387843821 250.5464259102173 Oyster-Closed 0
223.5787750087693 228.84334546892407 228.70486312178036 145.94859372204047 393.31029014615706 156.12623520942236 388.1866769873377 239.01855890837774 Oyster-Closed 0
220.5928086613094 256.43727286912326 254.00754910592514 188.02403127701513 403.30877572443205 260.9379922803893 369.8970555022279 329.3486596446969 Oyster-Closed 0
85.69523270472928 265.7191589421054 127.76709339272566 215.19280465477306 230.51051030034068 300.7335548494577 188.44049762224313 351.2581831181322 Oyster-Closed 0
245.70890434967077 0 245.7089528045508 43.63456237352782 140.79310562709725 43.63452315864026 140.793147913977 0.000017912533626711657 Oyster-Closed 0
192.01898474984046 342.0440686719147 153.30810084354744 395.44776688656174 9.686843506246078 291.35566705732117 48.396852820238564 237.95457683193183 Oyster-SemiOpen 0
360.868158646379 340.8370176567123 304.88307027018163 413.66755073460416 187.24018975359286 323.2491987216763 243.22391861393407 250.4217596999383 Oyster-Closed 0
129.99027046958508 342.7500038448817 134.61095253528038 408.7922518573202 31.705887406078546 415.98717952355827 27.08761903993218 349.947193174632 Oyster-SemiOpen 0
6.432422778601904 86.79527921549685 4.690751784844906 61.887714341159494 47.964502523911506 58.861786855451015 49.70623644244188 83.76928180545681 Oyster-SemiOpen 0
84.81459466219167 109.25893011954929 34.0371517119529 94.61737536781105 54.6124316387868 23.26334124908323 105.38944000642368 37.90482656035918 Oyster-SemiOpen 0
81.25992109979416 117.25706832674231 70.70281043375144 88.91560092088494 148.4108118054137 59.96984101225597 158.96800704346606 88.31113122262369 Oyster-SemiOpen 0
