144.71741133674368 50.770999767076106 168.23582980017454 85.7349356042264 91.15051509354453 137.58500777265454 67.63238826899396 102.62133316985621 Oyster-SemiOpen 0
122.94132484090005 151.5267697282289 93.72077371760315 181.43992205554554 39.680723615616444 128.6526711192751 68.90100909654211 98.73980032410614 Oyster-Closed 0
55.23185474521597 199.48471130218985 75.0392015137877 163.72996181001568 117.71548823397825 187.37025131713105 97.90848538688442 223.1247040979248 Oyster-Closed 0
350.3621189926489 269.2248916365773 271.2589891663847 262.5942682206699 277.3301099065611 190.1873988981542 356.43093202319506 196.81792518191529 Oyster-Closed 0
359.8343743930782 257.63831384429625 349.11910099165107 232.89117790530304 396.7020722778252 212.29004719232427 407.4174330170463 237.03692590987876 Oyster-Closed 0
0 172.986484 28.563758 172.986484 28.563758 245.104817 0 245.104817 Oyster-Closed 0
192.72239071381046 176.50898113301525 238.654050944755 228.71249062311384 153.01732377943335 304.0516345154505 107.08697644909626 251.8493749401042 Oyster-Closed 0
264.3352989459672 241.92029244730847 324.9475134408276 236.44827266475858 331.2879823478361 306.6714614508664 270.6757817790858 312.1433878170352 Oyster-Closed 0
68.12354783027695 255.56904769952925 66.03937353453148 300.00362761733294 0 296.81343353761105 0.11768683013724512 252.37960318166395 Oyster-Closed 0
45.55277697659767 278.90331482763173 79.35816839571635 232.041423794751 163.13966339276158 292.4720041427393 129.3356180265837 339.3326832483416 Oyster-SemiOpen 0
368.69123517859043 301.87955432702785 372.9563814641333 359.7333023228911 239.8444472697338 369.5411261799645 235.581732000006 311.6896759999836 Oyster-Closed 0
182.66121612894494 312.3723385022441 244.25196673421306 298.5286534414903 264.7997520250283 389.92781908590706 203.2091331997981 403.7711026558276 Oyster-Closed 0
199.22339010805445 390.51081248646767 133.73081178682332 406.6471944654363 111.71740755443534 317.3142073256431 177.2063381769549 301.1782993731233 Oyster-Closed 0
58.938662211385235 293.61999876081654 66.4195484817501 381.3246036030624 3.2856929763911467 386.7070958473132 0 299.0041562525489 Oyster-Closed 0
279.9384881908154 415.99971883913884 279.94185584460865 346.7111319608855 386.89263268286595 346.7160707139286 386.8917562722163 416.0021191296033 Oyster-Closed 0
235.4171780000106 416.00000000001 235.41760165227606 400.54176187625785 288.97456402117314 400.5429706092332 288.97443799271423 416.0009084683312 Oyster-Closed 0
82.6393273810063 22.122739895563633 86.08839217891 50.74026094239155 23.916645676654298 58.23325631034246 20.467649537604302 29.61579715557154 Oyster-Closed 0
142.97957171595772 28.13608777878215 201.09463306955877 35.43587904505722 188.07148941192645 139.11470431703538 129.95643799998652 131.81496499999707 Oyster-Closed 0
