130.9444164141969 137.26914824859415 158.96559579207678 72.34004578032408 264.5045875867909 117.88593644819747 236.48440374379788 182.8141910983769 Oyster-SemiOpen 0
34.43696895140238 209.82031815593606 0 130.07300433793708 80.26404511239525 41.60063877554874 144.4171106050817 121.34688352110706 Oyster-Closed 0
290.8921043604387 125.37180403675188 412.69939257590886 117.93998917138582 420.1739253165215 240.44166686414172 298.366653236204 247.87333555905707 Oyster-SemiOpen 0
180.97960016480283 324.2709951415463 110.5180137303687 244.2154552037554 241.60737689655434 128.84838423811271 312.06700348547747 208.90114135160226 Oyster-Closed 0
126.71199483762757 315.98448511878024 11.7467796604069 269.0075523692892 74.44047174794468 115.60249530293598 189.39943869692434 162.5779997359702 Oyster-Closed 0
327.1988622417848 343.021777823265 251.0665452026078 312.1597961516835 292.1107996267019 210.92945517287745 368.2395801645034 241.7906320040006 Oyster-SemiOpen 0
281.857845933373 230.3681582192225 324.7051541721121 291.8672662916819 204.58111308451043 375.5425763055521 161.73646922513944 314.045858045861 Oyster-SemiOpen 0
416.0062803878791 397.160877 332.0795513988014 397.160877 332.08294763607046 194.80867800000004 416 194.80867800000004 Oyster-SemiOpen 0
66.12848024053164 405.15103879606653 65.51967374359083 299.5468377641985 187.49869573547767 298.84342979505846 188.1114827936799 404.44363367597055 Oyster-Closed 0
262.3916210000243 402.27010899999533 259.36978241564793 350.3611847275052 341.2851477427903 345.59309634154636 344.3083006682464 397.5006364110744 Oyster-Closed 0
257.8098547273403 365.25521071770737 258.03609043699544 404.0351021473249 172.6977390000102 404.53130099999333 172.4726323042596 365.7525508562243 Oyster-SemiOpen 0
351.8538114808398 57.745023279116126 265.68172690031133 62.83355386226954 262.26829250924857 5.026377601042715 348.44012478778313 0 Oyster-Closed 0
288.2535347962621 66.00860231510423 247.7236140006171 99.9384028908731 170.7964660964899 8.047300930413765 211.32625732799715 0 Oyster-Closed 0
201.151929913176 98.5381040655827 138.410248999975 110.69996000000411 124.43040346353519 38.578695589031724 187.17153993350803 26.416893981781516 Oyster-Closed 0
292.5087358534147 95.73058849548833 291.53966322333144 52.266256166136614 384.9392519190442 50.183728772535446 385.90858249482335 93.64778748696115 Oyster-SemiOpen 0
165.32829399999537 0 165.3283056356231 25.450418320076807 83.89186988655638 25.45040735788156 83.89188100001411 1.9461615311207666e-11 Oyster-Closed 0
331.9663137397474 125.0771636256147 311.34829569105204 149.80767944692442 269.03744263952103 114.53350890425136 289.65537373335974 89.80313489892482 Oyster-SemiOpen 0
