32.99306621109645 25.318943137485586 32.7967745353053 7.551247137927692 91.78094667589903 6.899587571680459 91.97725325607098 24.667270795493618 Oyster-SemiOpen 0
40.17095691076611 154.92722017217426 20.455177903895674 84.69116961046896 187.2126106753385 37.881663779833794 206.92893318140705 108.1164211896822 Oyster-Closed 0
0 79.36839 34.84077 79.36839 34.84077 138.916224 0 138.916224 Oyster-Closed 0
341.792611064473 54.38341332231841 389.77574441672914 95.83274740506758 285.78287816741795 216.213754584808 237.80049859701467 174.7652242492873 Oyster-Closed 0
252.02406021703428 99.95864528427263 260.51781866673264 187.38365063042838 93.79722099403443 203.57776915877855 85.30554630233746 116.15463821170151 Oyster-SemiOpen 0
278.433820754959 9.045833996889074e-7 278.43393197362457 64.28656747641004 158.37759999524133 64.28651976639836 158.37767429117594 0.000018955041892077996 Oyster-Closed 0
157.20688130405324 299.6913528780852 143.85374955141015 256.6601379030232 266.85820990652064 218.4936673565826 280.212039331931 261.5236222798 Oyster-SemiOpen 0
87.7089543796028 37.25566902537911 92.09478952498102 19.12810591647058 127.34137136097706 27.655747299188747 122.95555794309257 45.783291573509736 Oyster-SemiOpen 0
160.573957403416 354.7202727944028 193.62773492391352 370.5252646059152 164.34657681885437 431.74594860532375 131.29303453672765 415.9413258742913 Oyster-SemiOpen 0
255.08774567175715 414.1313537387898 215.36269299996638 415.5194760000007 214.1156887856814 379.82717159175587 253.8397596533723 378.43906639664846 Oyster-Open 0
227.89446281611163 127.9905369847216 195.54542308595774 44.6214222204849 340.9486236453122 0 373.2979167886733 71.57030812158536 Oyster-Closed 0
98.6705975068362 116.8922113189795 88.52623600513834 40.94215220502538 200.61974499822827 25.970162994707476 210.76456808516377 101.91971280165514 Oyster-Closed 0
