152.38358508100282 120.62691621000474 192.40988519840903 160.36086894499195 129.33664225949178 223.89429954966062 89.31087360148376 184.16088336415626 Oyster-Closed 0
282.54993039049805 243.8856016624604 266.8424322780702 210.57582302921523 329.9323649668222 180.82744148236418 345.6399710709702 214.13679660884014 Oyster-Open 0
182.84794044015143 296.4895879449325 188.0398456370167 249.72436642148793 265.83657459867754 258.36008204314186 260.6456522356857 305.12439676304393 Oyster-SemiOpen 0
278.44155462049457 221.05380644285987 374.2919265850942 209.30015867484792 396.6555353055155 391.6502924509825 300.8052674290593 403.4033840912833 Oyster-Closed 0
0 246.298478 23.521339 246.298478 23.521339 399.678965 0 399.678965 Oyster-Closed 0
244.23314074188238 286.2511750780339 316.1989552764571 277.1706804407903 333.0909965626415 411.0201804852743 261.1252547428303 420.1003026617881 Oyster-Closed 0
95.67851945544317 347.1185347019353 130.1714782916024 342.7431551709546 138.4736050430729 408.17669552663506 103.98066417578593 412.55197922071267 Oyster-Open 0
10.54297711137042 62.2135793475334 44.15806782101572 65.94446227978432 39.29817692405777 109.73135463676746 5.683086999961233 106.00048399999747 Oyster-Closed 0
57.088910676087835 164.4502067164409 6.407304344167642 121.38388641062159 46.09383211589011 74.68128623012856 96.77504823301206 117.74733228616515 Oyster-Closed 0
97.4133003680763 82.52553026158265 146.347289710342 89.00045719382668 134.07380230781564 181.7543790794007 85.13982657360975 175.2795210131382 Oyster-Closed 0
339.04948034145855 208.1454198330839 308.31730008382146 175.24198254571314 354.84486100117647 131.7871577426276 385.5767830994919 164.69028641618956 Oyster-SemiOpen 0
