24.981222076221457 123.82012506973093 37.0152624561415 65.7385572915928 104.97166195397949 79.8183310413896 92.93802990552285 137.89954772394552 Oyster-Closed 0
150.32010367153998 135.59719291281377 127.18265181510287 149.69029145974423 84.08210693224464 78.9308737554537 107.21927952410988 64.83788494336834 Oyster-SemiOpen 0
166.4917294060142 199.6592802495058 109.35836913169624 180.00103064338475 154.70652904212693 48.21134489275791 211.83839635954791 67.8693231180507 Oyster-Closed 0
282.75920076368493 44.73569313806939 349.8772230835093 69.33264059983142 305.1598101201562 191.35088836758266 238.0419451042253 166.75426099554966 Oyster-Closed 0
196.96079074949375 174.56357108921344 170.64516454694603 100.64228654861971 224.08148486464052 81.61989402193736 250.39732496511715 155.5406795366481 Oyster-Closed 0
41.650735876457475 198.76617166639295 32.0509193589387 128.56276360903553 116.31254619634274 117.04108044915009 125.91305490883315 187.24362472854105 Oyster-Closed 0
155.95604472041305 198.90377900841492 146.38182153953312 182.50786643946805 188.52934810602528 157.89760186257857 198.10356910056362 174.29338852167177 Oyster-SemiOpen 0
274.5378923379212 154.22072067363655 343.7087114768692 133.22074560144458 398.08153931090055 312.30398534572015 328.9110762150958 333.30318766721814 Oyster-Closed 0
322.6698969588506 70.74003781345552 411.5877188984414 69.18567840062973 417.54068521741283 409.7024986906586 328.62286589954965 411.2567533946683 Oyster-SemiOpen 0
162.01645900002404 195.94407999999132 249.1143738509345 130.0052506972197 406.40783117974934 337.75391919894116 319.3135299905407 403.68876918577297 Oyster-Closed 0
43.10818565282534 415.99905785712997 43.13184122544044 179.90813992013716 330.62389139304287 179.93677720472573 330.6175528998574 416.00961240123314 Oyster-Closed 0
416.0015594250581 409.717201 382.8002859736225 409.71720100000005 382.80189527748007 255.33048300000013 416 255.33048300000013 Oyster-Closed 0
27.396746743557742 331.2467305897447 49.074266270421504 328.72284766006516 54.601909394277754 376.18948697713216 32.92439595317046 378.7133324775093 Oyster-SemiOpen 0
80.46599199999037 416.0000000000164 80.47032250303164 349.70834091742705 198.03361185714675 349.71446505680706 198.03189590140028 416.00357009037316 Oyster-Closed 0
62.57809088785507 415.9999843286294 36.10237220185445 417.4930706827863 34.19546589697711 383.68267195399216 60.67055686614185 382.18960330511254 Oyster-Closed 0
159.48598276802295 36.87043637752548 147.03229298687438 86.76818498451661 60.445375412207795 65.15729857621288 72.89920300211452 15.259748430354042 Oyster-Closed 0
335.7593337005128 412.7702542952257 334.68967749174044 389.8778362940141 400.0827220868159 386.8227559172499 401.1528803688416 409.7146427139467 Oyster-Closed 0
248.98130305622908 66.27952649076111 224.19850156474058 61.12455214539796 231.24268056368965 27.259631607763353 256.0254133032977 32.41459853805929 Oyster-Closed 0
1.0390185386131634 16.213391087272342 20.239215224137297 14.983006243344509 28.280746286833164 140.47036610202827 9.080550797509204 141.70074089663635 Oyster-Closed 0
