77.09882873015886 248.993453632827 54.077007801577565 195.33386099095387 176.37677305115358 142.8659229241477 199.398986684595 196.5242918798998 Oyster-Closed 0
269.67442066282456 183.53107826921098 280.31040118140663 256.3926717419057 165.15221474195278 273.1987265318086 154.51809593397775 200.33873464879704 Oyster-Closed 0
0 323.80420245191857 0.23519835492334096 248.1355884188325 157.6478787407941 270.33175558703215 146.97925052690698 345.99725152555214 Oyster-Closed 0
386.58814970750973 395.47423598887343 234.5797477887354 383.95725763136426 250.72887846268713 170.94196845339368 402.7226280048417 182.45842613705634 Oyster-Closed 0
0 281.701942 112.576695 281.701942 112.576695 416 0 416 Oyster-Closed 0
367.84985434487317 289.5570808814115 394.99291945349614 377.1424088878162 149.87823656482942 453.07396747163426 122.74380563785598 365.496023311118 Oyster-Closed 0
118.7604414920097 70.86003883551513 179.6176890980496 54.44272456515052 198.22366287812474 123.4122429577798 137.36644896214784 139.82945789087438 Oyster-Open 0
398.491082367309 156.59571113665004 318.62384144877433 161.75549786404065 311.03743985572146 44.31238186660263 390.9027029999779 39.15266600000076 Oyster-Closed 0
396.3958624620718 124.1743309077209 355.5917735853436 126.81051346637346 352.38462268481453 77.1663509278852 393.1883340000386 74.53018099999902 Oyster-Closed 0
46.22288253530132 186.18793017992965 8.093653581971012 196.14003374724197 0 107.03315309276815 22.96377421978832 97.08116814826643 Oyster-Open 0
237.7455137624529 191.02649195581424 223.351057356831 124.14780928130395 310.2309087235735 105.4491486457958 324.62591608599905 172.327017609535 Oyster-Closed 0
