89.06437337886018 31.041151023566876 161.18455567248384 33.52560952099228 155.36196596420268 202.54358387737605 83.24178482818752 200.0591689733521 Oyster-Closed 0
347.13704437225533 101.53713220219768 380.540183365938 120.84133479672708 342.2065021668204 187.16979088614636 308.80350135244225 167.86577510367823 Oyster-Closed 0
381.836973 6.664989 416 6.664989 416 51.254769 381.836973 51.254769 Oyster-Closed 0
189.65569900000628 113.42966900000087 245.81324615813355 108.64256275046206 251.86008986274464 179.575707707139 195.70254723937614 184.3627694499816 Oyster-SemiOpen 0
234.86009392046253 235.77561604679664 207.78895565330095 193.84512203908247 256.0534140313539 162.6869449258666 283.1244877204954 204.61701728944826 Oyster-SemiOpen 0
198.3074137738986 269.2681894615043 155.231339196951 269.64876011854733 154.25889846293285 159.47462971226562 197.33308790894807 159.09406766076154 Oyster-Closed 0
416.0007214214056 246.889092 350.85565757739096 246.889092 350.85636258196246 190.2499929999999 415.99999731977005 190.2499929999999 Oyster-Closed 0
7.216016000020318 95.22891599999895 58.94432774140296 91.30959216474501 77.28134128657621 333.31063749757493 25.553050368005643 337.22978132500873 Oyster-Closed 0
363.93985255158987 240.65535033843443 412.19596243193155 225.67978205648546 446.53387965869115 336.3134248483927 398.27797926547646 351.288552077585 Oyster-Closed 0
267.49006389375063 377.8598258709682 198.5115368740444 342.51387929983616 274.93360360209044 193.40433008221225 343.9068824061651 228.7486081806639 Oyster-Closed 0
429.49847617897467 344.5610533164548 333.37336936222346 410.2311195235841 254.37745856631227 294.6166255580717 350.4973572820636 228.94901143967127 Oyster-Closed 0
276.77293633186855 8.942033614227492 307.2067938835826 9.322339621462769 306.40696021500844 73.32860260642573 275.97310268244837 72.94829749695079 Oyster-Closed 0
223.07676066859858 422.68468173871184 179.18016073219042 415.460751740477 190.47506280795278 346.85251768113216 234.36962932546885 354.07627645365636 Oyster-Closed 0
408.7538035750549 124.1628035832469 382.6428621042651 132.07396334259067 349.09858061201885 21.361303690794472 375.2091709144188 13.450199883057515 Oyster-Closed 0
233.0637313421321 60.01087341391034 293.8517572576202 67.72584780223313 286.7928294910562 123.34399646599358 226.00480956995307 115.6290569598437 Oyster-SemiOpen 0
371.7444378942928 64.49454408727695 376.3270760323212 124.2097183566936 286.79947918205653 131.0794599103888 282.2173221265293 71.36470861207084 Oyster-Closed 0
99.99743732891875 62.50878032847135 80.74420389745501 150.00804392324625 7.54190870153252 133.90052495872868 26.795539435610408 46.40183822550911 Oyster-Closed 0
