254.86268384815048 56.881982482689885 306.06882943128585 26.958419240454308 390.53528066879517 171.4979028256377 339.32951000495814 201.42097625540097 Oyster-Closed 0
77.4810725352545 249.68114364919674 22.120230175274628 265.36275758812377 0 145.23199400313104 43.44901859300808 129.55071311138644 Oyster-Closed 0
362.2673340767251 145.31772256130165 400.39909549762524 183.38341260532889 349.4398489373307 234.42745237068343 311.30855424850233 196.36222496905845 Oyster-Closed 0
212.04511892587107 227.52921736282602 211.29972701579754 171.61134914052818 323.58010848631966 170.1141175655271 324.32657999521325 226.03090256462824 Oyster-Closed 0
408.62367133364023 172.7116237227262 436.50269150509484 211.0083524180472 359.697923181091 266.91446832132806 331.8196712327226 228.61843665408523 Oyster-Closed 0
113.70201258700035 380.581848756737 54.14383130520582 316.8611015548666 201.05886811041637 179.56553188049696 260.61434304174327 243.28305053940613 Oyster-Closed 0
237.83070782447976 245.66133185233014 283.1816324593128 289.76861406438786 184.78668138700596 390.9182016651483 139.43749580764052 346.81267306293034 Oyster-Closed 0
413.5114673010903 397.3217883241194 229.01328783814824 396.2485964787346 230.09419759514276 211.61481034552622 414.57496823280235 212.68795320923957 Oyster-SemiOpen 0
165.7467090549726 161.98007302610293 111.18588552029541 162.25850870983547 110.55555239623936 38.64002830398139 165.11523368824783 38.36159545224251 Oyster-Closed 0
143.23250939312857 72.216475364336 90.46097177146294 207.25979575247024 0 166.34249067007323 38.52516308520353 31.300852845433152 Oyster-Closed 0
