266.88592007427724 141.5884855772371 227.6940162384053 119.27692764353182 262.32417061339584 58.44816257263023 301.5157019274302 80.75958662427915 Oyster-Closed 0
90.78228168359419 156.42067860995292 41.21904117037411 177.2252000170234 1.0385932207573205 81.5036789273832 50.600909600412706 60.69937513058301 Oyster-Closed 0
416.00030069245986 154.139866 369.58331228395036 154.1398660000001 369.5836395747792 85.03315299999998 415.9999788926689 85.03315299999998 Oyster-Open 0
230.08536297422324 206.55645026200935 124.4157948770262 181.2889041555437 151.01332394104247 70.06731390193526 256.6802720469641 95.33454787463567 Oyster-Closed 0
130.14653647837258 100.17279325489753 170.01592067875754 129.83047555312794 120.43859902758777 196.47534765599758 80.56949154240647 166.81798961248145 Oyster-Closed 0
268.59967009096 148.73059871635397 267.8030679595904 162.036777140033 239.74777557183916 160.3571818195857 240.544425165157 147.05105420782164 Oyster-Open 0
257.9997589708255 178.9840232834047 245.54556272553236 184.77181389313333 234.21541183825684 160.3927090447526 246.6695221823975 154.60494180465383 Oyster-SemiOpen 0
263.5108126240957 166.90983408602858 290.3903408673177 216.76339103205618 224.5676379495635 252.24943718193006 197.6889098279571 202.39656727327755 Oyster-Closed 0
4.740944999997737 203.69031500000008 54.53030845174362 202.5315715086575 56.32555163524012 279.6630266984993 6.536189232090692 280.8217511959458 Oyster-Closed 0
47.838926523309055 324.83897398436426 11.479075385839678 281.85207095750474 83.96252898014791 220.55149708423752 120.3217676330496 263.5374259565439 Oyster-Closed 0
212.99600138452297 298.50959639639836 215.95995570421292 244.2297965939547 351.27240921592966 251.61645794774122 348.3103166697001 305.89447266919365 Oyster-Open 0
217.11178331914925 385.5950144280494 108.93894402232763 381.79799529203314 114.34304144814814 227.998856021695 222.5064336135656 231.7957037823798 Oyster-Closed 0
232.48791222218642 3.7090261367563997 252.0872132388613 0 294.02992831033407 42.768245312581406 274.43064583156956 57.92943707244346 Oyster-Closed 0
209.8503673310879 298.4361081687316 315.8344561984304 278.1569909328966 337.86462549415955 393.2712071982747 231.88075278358883 413.54960010786647 Oyster-Open 0
296.37740908752676 409.32697244873606 293.3307041136686 278.21727104877505 415.01056621146563 275.38971728752153 418.0618763641687 406.4948611985102 Oyster-Closed 0
44.1636150000013 415.1974430000198 43.21412597427843 374.1957553412171 253.95341220665068 369.3080763616364 254.90581507738898 410.30696779539596 Oyster-Closed 0
225.82496892395648 81.70703950940468 176.79011777477717 82.01872134725454 176.2704729962279 0.23859046857274055 225.30499852905996 0 Oyster-SemiOpen 0
340.92121930658686 95.52266836214923 288.7139079868357 71.9200813727999 327.5364705838874 0 379.74350062506346 9.650462733625305 Oyster-Closed 0
68.84938466408494 97.29104334260393 20.602239220024785 73.1467549672272 54.93170475293664 4.54747561300015 103.17858745032572 28.69168577974145 Oyster-Closed 0
104.88927349984078 159.01179509099495 41.572371252041194 114.06389876176743 128.23158572879402 0 191.54777739434212 36.93909376565296 Oyster-Closed 0
