67.72534107319734 221.75303087208889 33.16244092824854 20.078160898747083 264.9957177678407 0 299.56190221801444 182.01754977853713 Oyster-Closed 0
331.40717130521807 14.6346116671955 363.89187363769815 1.3817197633140006 414.4082612065249 125.20373803673829 381.9236219390441 138.4565204221684 Oyster-Closed 0
172.31854430721796 65.28688710519916 239.55814837986327 44.897289946407476 269.3794437467586 143.23891788056005 202.13993057582047 163.62832297056846 Oyster-SemiOpen 0
4.9647750000003725 170.6282469999998 47.062371845961025 169.4034215917727 48.57016079806999 221.2232276637901 6.472564336560026 222.4480419892295 Oyster-Closed 0
317.1183560893769 7.069199960761081 422.4970486259481 50.693725175338656 321.8852330697955 293.72040926375774 216.50737273034247 250.09738949636608 Oyster-Closed 0
87.98681651722654 212.97514371329618 116.2200949525868 134.20762639287386 294.5805999577351 198.13396013215007 266.35052089757664 276.89875485018325 Oyster-SemiOpen 0
182.3695406905499 395.7091834731096 179.91616248154241 340.7000654025976 284.38536497991663 336.0407984369134 286.840516848737 391.04807979339205 Oyster-Closed 0
110.04221959162896 412.579897738452 107.87103920100344 350.34413483394275 193.61244310705297 347.3535561065712 195.7853501771824 409.5875017273892 Oyster-Open 0
193.24043960998824 409.6745736806091 192.65422400247917 392.88636651851266 217.78823637628375 392.00892298191064 218.37459537912218 408.79698174697813 Oyster-Closed 0
45.26787917679394 133.37034189196496 0 100.18817817600652 46.747269605384645 0.2424438278007267 103.60056309602078 33.42435837277394 Oyster-Closed 0
