416.0000737759401 98.138073 392.3922708855098 98.13807299999999 392.39235091382216 43.283861 415.9999946137177 43.283861000000016 Oyster-SemiOpen 0
368.48985500001436 0 368.4898565543226 14.943045007192906 340.5803720094009 14.943044159846517 340.58037300001524 8.504604433565852e-12 Oyster-Closed 0
44.374538792726526 77.11441588236879 101.74474838946844 58.89537102275341 121.62620598501235 121.49957379873432 64.25603743222382 139.71851704905856 Oyster-Closed 0
418.6957107421549 144.66498786530818 396.2509140632683 156.28663906059947 340.0241631609497 47.69810352088756 362.46861204126617 36.07655693289922 Oyster-Closed 0
9.657965461061394 81.66193593564861 25.37325433578735 81.8445160241611 24.54351884314019 153.26114573977242 8.828229999959149 153.07856699999977 Oyster-Closed 0
140.5549489429177 51.25929889884359 227.1299043039253 62.70565675136393 206.24803989066277 220.64218815027942 119.67312117037363 209.19604483651634 Oyster-SemiOpen 0
126.9719720845751 177.8353125922793 84.16828867135337 173.03095328518333 93.50649508281276 89.84148869494418 136.30931500002407 94.64579800000105 Oyster-Closed 0
57.85820024471104 119.08151221149829 72.79827663453761 114.56186358097271 85.9898273407016 158.16627455721056 71.04976200625606 162.6858978490513 Oyster-Closed 0
229.28277665552378 45.05313792774354 342.1305483786964 63.056042932250136 306.2018504204025 288.2596895834606 193.35423845434343 270.2573457147047 Oyster-Closed 0
416.00030425339355 230.30469899999994 389.7620629289122 230.30469899999994 389.7624282027973 152.64580999999998 415.9999929415535 152.64580999999998 Oyster-Closed 0
361.8260382080225 89.07529470141087 416.33709430098315 110.88330430152578 338.1575196818558 306.28771171515365 283.6468714308685 284.48048937362154 Oyster-Closed 0
12.382023168865999 263.4073024615618 2.09481639778096 262.7666612543711 9.033431547417422 151.36198464118223 19.320244817594357 152.00261406308684 Oyster-Closed 0
69.54433481809247 157.07958182600814 115.4068896036697 144.98551214614545 152.34196500747566 285.0391146583221 106.47954406592908 297.1328498800876 Oyster-Closed 0
157.49036612873533 271.82925641666736 115.5666846408094 251.0335755890979 153.61794516419832 174.33126259021358 195.5405038652425 195.12661772389094 Oyster-Closed 0
2.859141230255773 70.14945382339224 89.64796870764258 66.61359271035357 102.5972776948256 384.4350249336152 15.808459822274017 387.97065780208004 Oyster-SemiOpen 0
235.73086099999273 244.18070300000588 265.60911353600386 219.95692795906808 317.06800290031606 283.4205597336047 287.1901637414885 307.64387695875496 Oyster-SemiOpen 0
416.0007015341107 305.837058 381.3677880219984 305.837058 381.3683731101628 227.52278800000002 415.99998920766666 227.52278800000002 Oyster-Closed 0
242.8392228945413 218.561833456793 323.336727481852 387.59105609298894 181.03185065876824 455.33981518084096 100.5432400376776 286.31800648406966 Oyster-Closed 0
15.941814124224038 405.39468164131245 13.95007937176706 290.9527982532252 171.33987563524352 288.21281953717045 173.33702312736932 402.6492510338925 Oyster-Open 0
416.00087400358825 390.34923100000003 383.7737810000144 390.34923100000003 383.77461480313286 303.329222 416 303.329222 Oyster-Closed 0
396.6536049009155 54.54269538218361 345.1133687513866 41.267349135288 358.6389654208542 0 410.17908176388664 2.0312113700170515 Oyster-Closed 0
363.0095472525172 351.26344730892214 389.14883517652925 356.8059081565966 380.42189716370194 397.9538372280058 354.2826330000098 392.41145300000346 Oyster-Closed 0
119.0613062312259 84.78273961861557 79.26067806303035 79.2510793098373 90.80400136047683 0 130.60438064634582 1.72938815400074 Oyster-Closed 0
