119.8559247996127 4.185453464809384 119.54821872070534 12.99707614814703 74.8652543497301 11.436717589153707 75.17296299999725 2.6250980000153823 Oyster-SemiOpen 0
52.56421692229196 134.43813953669758 45.12299366937441 61.102537881912504 216.99558551159134 43.66294851303776 224.4376665338641 116.99731687089076 Oyster-Closed 0
1.2362182848919474 84.5378985570654 27.816480487515946 50.11912011089948 72.88538971349772 84.92373142897746 46.30528957960996 119.34236196163057 Oyster-Closed 0
364.21013541154025 87.21496640641652 407.32038159816875 136.68723797581265 291.4896524585238 237.61639543292284 248.38057049810595 188.14523227395125 Oyster-Closed 0
272.1965539157245 116.90316601822914 265.4210599970247 204.32310381432174 97.94726261155301 191.34063991865762 104.72455494648602 103.92261909068796 Oyster-SemiOpen 0
307.5297552510019 18.63540347233645 299.7725935937706 82.10443204570916 180.2115689514685 67.49137939959157 187.968963365096 4.022516474170544 Oyster-Closed 0
154.5202939289302 297.7917808306403 148.65466295684382 252.56284903463123 272.747751200146 236.47028543146408 278.61450565617633 281.69789176280807 Oyster-SemiOpen 0
153.6198146143288 26.735429897491734 144.40991620813656 42.505630526734535 112.38099230765874 23.800537900474616 121.59089073650466 8.030349703612217 Oyster-SemiOpen 0
152.29617011489609 353.4872929789517 184.1056375024018 373.83782727128096 146.8580177407166 432.04285387289417 115.04893294284193 411.69280420966413 Oyster-SemiOpen 0
201.58091299998705 416.000000000016 201.58149631790002 390.2252653177018 242.61660939350986 390.2260302126013 242.61640110149528 416.0003921269465 Oyster-Open 0
239.79850137836547 140.98746253097067 221.7083397961287 51.883891508312345 373.34148646162066 21.098634991347538 391.43235815771186 110.20124042702945 Oyster-Closed 0
112.56340811520931 106.6912538876918 115.73970946713962 30.07636321852411 230.20771171032538 34.82176737022685 227.03197849365097 111.43613582524837 Oyster-Closed 0
