2.905646742306999 98.90196506856027 23.514440945993556 40.78169911275086 88.49138554270758 63.82159443513242 67.88293155006977 121.94157057043476 Oyster-Open 0
252.04543671769352 122.69634447934834 228.5287461068874 143.57042217806628 180.53266455516132 89.49905347601718 204.04917291004676 68.62511502506722 Oyster-Closed 0
221.6335697317627 79.13137444752734 270.8660438846782 58.839838525917536 316.986230644201 170.7369841662612 267.75391231602043 191.0282521281567 Oyster-Closed 0
303.53522814938697 137.67034723761438 372.7148732341666 87.14151761919504 451.01473908579646 194.33919043893158 381.83592059581497 244.86706361946162 Oyster-Closed 0
152.9050721215135 6.735701883241354 164.20293427327852 0 202.40786065834254 13.403061643756638 191.11000551460893 31.110938554604306 Oyster-Closed 0
37.27886499999295 185.9491080000135 34.485999456155696 108.07332959481542 188.97622761490493 102.53162845112351 191.77053960836201 180.40612330913916 Oyster-Closed 0
299.4088252923684 251.0691203748959 245.36224052968464 207.45835780673477 314.7592974017025 121.46174424197835 368.8046696385136 165.0717307368148 Oyster-Closed 0
11.572334196567681 102.54259721048736 51.20590905217978 108.56872897047967 36.548903544880886 204.96351158732054 0 198.93745947392298 Oyster-Closed 0
35.40661161832759 209.86323073235565 92.93773866996344 127.02086457960759 211.91908952316953 209.6444548963611 154.39049795701067 292.48456963074574 Oyster-Closed 0
379.2927957526372 286.636023209174 323.4608537817694 284.0028205843306 328.2064558322745 183.41675379951147 384.0360939484235 186.04990229059788 Oyster-Closed 0
381.4640926422726 234.41311058928304 410.56510533499386 238.83749026722134 403.87247619329355 282.85270212967555 374.77147371606407 278.42836733396314 Oyster-Closed 0
269.66878486613496 23.629058746936618 312.20397615679394 14.022238837891514 321.6770988102944 55.96540043284632 279.14191195597596 65.57220584755052 Oyster-Closed 0
0 248.33466387044882 67.25701238209513 204.49417339119717 118.88525278425368 305.6927664388533 32.942988584596606 349.53204960205625 Oyster-Closed 0
252.64620676157938 293.92151697137297 298.9303440886433 275.7601439997209 347.63123515254483 399.85099739919673 301.3475028004141 418.01164021658417 Oyster-Closed 0
173.79552666374002 414.9603673959028 173.52592925103454 368.2292450303118 277.3130059543146 367.6295107579567 277.5842600505348 414.35897568131395 Oyster-Closed 0
83.70727300002545 400.7179259999898 88.06501935099368 368.44902402428414 196.50952201427936 383.08780135239545 192.15311646839837 415.3555233509381 Oyster-Closed 0
41.79921700037448 52.381670999999756 52.38951971405186 22.023682917759793 120.84630372433458 45.90451716722731 110.25611110132013 76.26241304376767 Oyster-Closed 0
383.9955497563824 67.33779454108496 380.04960130931795 116.33825140500163 307.5923186997061 110.50309978685394 311.53851901668895 61.50292064528273 Oyster-Closed 0
154.76538432964662 87.52832934898794 150.64561877896267 52.32801390752117 216.1416610794804 44.662506238297894 220.26154335665706 79.86268344518795 Oyster-Closed 0
