70.72247101441826 36.992540728579954 142.46675409044838 34.01028052808026 149.53592946516073 204.07017378217066 77.79165097288569 207.05237957039878 Oyster-Closed 0
331.607756037778 66.41353196592686 365.41350422434334 81.63706240300921 332.4961100622495 154.7327250943767 298.6904342551825 139.50931235246472 Oyster-Closed 0
176.52109500002553 105.61615199999756 232.49886663239886 96.53984997581686 243.4584645099785 164.13091679801016 187.48070855982587 173.20714443463473 Oyster-SemiOpen 0
231.07816282450221 220.13718989115858 199.65762279615592 183.94822301959226 244.95754529404076 144.61976804492394 276.37784970032226 180.808387960046 Oyster-SemiOpen 0
146.46757673635148 155.03343186274415 189.42251040074916 152.18110630526252 196.74380365380057 262.42932892817436 153.78887511963694 265.2815955652879 Oyster-Closed 0
355.61387300491697 218.2352835490027 331.54746734684886 176.1937525221813 405.1840776434983 134.04326433282455 429.25049227261843 176.0842405542602 Oyster-Closed 0
0 128.3222935647555 47.94506462934078 120.46503588927203 82.88827755684542 349.7247176808301 31.333351119526924 357.5815947647209 Oyster-Closed 0
358.14146627087393 203.08022871606175 409.85143206258 182.2541483765406 452.39250050886403 287.87175622484995 400.6828358990606 308.69732538139044 Oyster-Closed 0
272.5309278692839 360.11412760273663 203.1090148201547 332.66265333381756 268.2515047012748 167.95546108392247 337.66780734481654 195.40564086330406 Oyster-Closed 0
397.9778681933785 331.42209423453653 280.9757563354797 343.33933795318836 266.86106236603155 204.74310505721937 383.8552285977639 192.82627956451208 Oyster-Closed 0
255.56532558417166 0.11669020336859225 285.8516814042305 0 288.97432421881604 47.51265251455589 258.6879686771281 49.43044028051328 Oyster-Closed 0
232.924702629869 411.38963695641763 189.31334956006322 407.71868600248376 195.2529408375267 337.18760976571286 238.86226218051524 340.8584744883311 Oyster-Closed 0
393.23890496076274 81.86156719009301 367.0882738362743 91.61747581976637 333.55622622726514 1.735377552433672 359.70670853296906 0 Oyster-Closed 0
213.82811990248229 99.16323690767861 213.9418580278434 43.527334777199584 273.40076593378035 43.64888688478014 273.2872370400655 99.28457754585354 Oyster-SemiOpen 0
363.41349553722466 85.25095137783738 275.1356896812176 106.10528697898651 261.4225216079358 48.05592657034245 349.69977882462626 27.20165571297711 Oyster-Closed 0
74.21680854146325 160.25285682593875 3.6976177483593347 158.37583639324066 6.153904216520459 66.12086848843703 76.67180701105463 67.99787183995521 Oyster-Closed 0
