206.6761880000049 111.63969699998573 215.78579153176543 82.73954874222036 272.33459933527047 100.56391030239293 263.22518400822446 129.46389798427393 Oyster-Closed 0
259.5679157535742 87.70974178952936 293.2449298302854 85.93983635427081 296.5152109788687 148.16400569632796 262.83819778347606 149.93389953861188 Oyster-SemiOpen 0
48.76762867782236 17.604599070306296 132.7743652682111 49.32279508225175 74.85440690643009 202.722729542191 0 171.0050274368257 Oyster-Closed 0
284.8746631629256 135.88266769610618 269.7327347545397 182.63103059394012 176.81255587185296 152.5342311154632 191.95478856196132 105.78643900605377 Oyster-Closed 0
266.66216797451125 173.95367833811 267.3423159791528 139.8508165045328 335.6874234005991 141.2136380380492 335.0076063849665 175.3161795066681 Oyster-Closed 0
235.78259849401002 169.85586213157106 215.98167079809718 201.20769304300674 157.8371732386804 164.48666321085702 177.63807526582968 133.13513061429816 Oyster-Closed 0
182.24297099998876 201.8698249999943 203.731538934102 153.90304261126653 263.6956174207917 180.76467275323924 242.2076750799788 228.730922932204 Oyster-Closed 0
30.579504638444632 232.03609739623147 19.115566879390826 208.4056292302569 67.79629918088904 184.79077576841055 79.26028314321593 208.42100421777718 Oyster-Closed 0
317.30223610846224 242.85337346179142 291.7643332826083 281.35457564327027 227.98554465465713 239.0537880845224 253.52331947479615 200.55321851889357 Oyster-SemiOpen 0
411.7424578925129 271.29104877001424 412.3876355616849 333.18813037640973 282.0576721479447 334.543425624094 281.41468144530154 272.6485653604861 Oyster-Closed 0
0 309.5719792629074 70.45127327013688 189.1537240914995 208.40498909784947 294.073334160773 116.81678465117511 414.4862929600022 Oyster-Closed 0
219.5065636721556 367.70089819878643 236.30746480043672 304.51678404274446 328.16859160463355 328.9377991061509 311.36983479997434 392.12007088407444 Oyster-Closed 0
205.94945459882 428.14378917676584 113.83665339672734 415.4730777895773 137.3856362313345 244.35418131822527 229.48943780820264 257.0242768882603 Oyster-Closed 0
311.83562983950833 364.8503258383109 339.7397214917146 323.71867883765594 404.2820360484802 367.49517569638545 376.3791308523323 408.62576810954823 Oyster-SemiOpen 0
0 354.5455596049179 4.564031154706754 321.16123467002325 76.99859605004895 348.3590421080176 64.46158988762545 381.7425657327495 Oyster-Closed 0
407.36301825333067 417.2948921689475 375.63465400001587 416.00000000000057 378.66767310452997 341.721218460845 410.3944790000169 343.0160790000003 Oyster-Closed 0
379.66653411783045 407.48767723507177 360.1920237187587 434.85964726817787 297.40708808360796 390.20107864278384 316.8813850252918 362.8298300276285 Oyster-Closed 0
67.00348069583924 380.50624368030464 94.60764322105388 356.85236227872156 131.67218795217195 400.0958398971353 104.06846048008447 423.7492567555471 Oyster-Closed 0
219.9257623771482 415.99983251681005 219.92798766360647 376.0701895322156 334.17231668501336 376.075614278612 334.17168294532166 416.0036309482427 Oyster-Closed 0
0 408.6617303060481 0 359.9701849999927 101.52364606202536 369.4341908166377 96.98494318817029 418.1240338192515 Oyster-Closed 0
