252.28978687457493 130.3334231844907 214.9056897114824 109.16378725057149 251.08676098993965 45.271953436458 288.47052995894046 66.4414722077471 Oyster-Closed 0
76.96813343600297 162.1896803029282 25.327650012040976 183.5133057744334 0 90.87716908459292 38.714678769501916 69.55376892513247 Oyster-Closed 0
405.38489620067776 130.591351 356.1398722265076 130.59135099999997 356.14013751450693 62.09490699999998 405.38461497384196 62.094907 Oyster-Open 0
213.81078401623017 199.58347682699838 111.33392672654736 173.16023490923934 140.44796678583225 60.256652529043045 242.9223565297434 86.67957068438378 Oyster-Closed 0
117.00813564989221 99.9846010788167 155.16258528214894 127.55466510296912 104.48265538223131 197.6880662436979 66.32846988575693 170.11831737202243 Oyster-Closed 0
254.00513134266293 136.72517967622971 254.37196177089209 150.02847685633492 225.4929394510873 150.82469212827237 225.12615885398554 137.52144348537365 Oyster-Open 0
242.85831277360558 167.8269458700768 229.86146733615897 173.8269312626235 219.23118639179302 150.80115324563872 232.22795209968172 144.801189376463 Oyster-SemiOpen 0
247.0939235935948 156.26363453700222 275.3650814169778 202.09109335758444 209.45932296814135 242.74509035983337 181.18888442867683 196.91825902836138 Oyster-Closed 0
0 214.476231 38.671414 214.476231 38.671414 289.262781 0 289.262781 Oyster-Closed 0
29.292090490584087 331.5243715036618 0 292.2330366118234 67.54043841098246 224.63827205218806 103.38830684663844 263.92864737369524 Oyster-Closed 0
197.5254590000077 290.91322500000746 195.7455498554591 236.70186741216986 331.45845446890235 232.24537254050804 333.2399897638061 286.4550298835745 Oyster-Open 0
190.50439568123693 220.9792280468302 257.18062434613967 298.37555591914116 127.85717673191903 409.76229401099914 61.1846948654711 332.3695696263388 Oyster-Closed 0
226.79402214502625 1.86803743403109 247.11174141666197 0 282.23943464646436 28.974876651699535 261.9217261178819 45.37824181006988 Oyster-Closed 0
203.0545195105442 388.1280674202849 191.884861178336 286.90437831325653 306.18216307257535 274.294396186445 317.354775211199 375.5146448785008 Oyster-Open 0
286.85037379350615 393.0624992637332 272.6219002221951 264.10228544663124 394.5902560735922 250.64701475093406 408.82256762494944 379.6029662071715 Oyster-Closed 0
48.59921000000031 411.8996180000073 46.2960140235009 372.30266933372525 232.19736337261565 361.4857693867468 234.50292342610192 401.08034124533987 Oyster-Closed 0
212.89564384160258 76.46557604339638 163.90590233156763 75.66283444004743 165.159013999546 0 214.14846099997158 0 Oyster-SemiOpen 0
327.2186646290429 78.76851785003073 277.3079439909234 56.0105570326973 313.2244960972421 0 363.1349729999638 0 Oyster-Closed 0
55.45392256434934 102.83799237125913 9.394543403210264 79.65378746155804 44.681437950126565 9.551219604825247 90.74052849057625 32.73533737954714 Oyster-Closed 0
89.50991130878538 162.09758525095532 28.987141541652818 120.1845519575456 118.27734165811125 0 178.79937882331797 33.16381683560757 Oyster-Closed 0
