222.99142723773548 140.3059358152743 207.76566735391316 55.79945386239547 291.0310390600607 40.79752852127711 306.2572499234084 125.30342300220921 Oyster-Closed 0
296.9845895300714 127.67202657900089 312.0217855318333 107.40147091735682 348.01008877032655 134.09774144354114 332.9730086714844 154.36819216677986 Oyster-SemiOpen 0
0 104.344519 78.918297 104.344519 78.918297 224.508591 0 224.508591 Oyster-Closed 0
330.89952887714026 130.78253015974917 334.708770931833 210.54723401268913 240.85960750115555 215.02752445620746 237.051534785267 135.26390546077297 Oyster-SemiOpen 0
132.49179098823515 172.34765923323786 198.17888342621882 110.60853454636295 265.29649513525874 182.014983273878 199.61028124550648 243.7531842777519 Oyster-Closed 0
368.3342069805476 253.8132658050051 346.43011276200195 232.97848376322017 398.22705595747175 178.52810655014574 420.13080751732923 199.36258342894516 Oyster-Closed 0
141.38133611889862 167.10679077657807 197.49386812416924 173.3635813134641 180.9020280305449 322.1498133549264 124.78952932540051 315.8932220370341 Oyster-Closed 0
341.5316959484444 341.56784630821727 178.46995596592387 331.6003386151908 186.59928031047093 198.7205400737139 349.65072021359083 208.6877317264914 Oyster-Closed 0
78.74447108848835 359.4735535565788 0 337.1631682815084 13.35870658497879 271.3963461481212 96.41236431220386 293.70631557400276 Oyster-Open 0
411.08285216076183 91.58808663300309 363.1344577520031 89.63434984188214 365.3895856703857 34.29380960130303 413.3377120684454 36.247541265494576 Oyster-SemiOpen 0
