138.30375369683316 79.8675700557655 239.7804698125401 124.67275058073174 210.04216356914912 192.02295305313592 108.56568246291135 147.21816842749917 Oyster-SemiOpen 0
56.57179006562728 55.99075960122505 122.40657548914896 125.87708192738256 16.369480250545166 225.762424798331 0 155.87736728574535 Oyster-Closed 0
405.49899939358147 215.74376270202276 285.3113705357391 260.5468951620657 244.4954880680525 151.05709565261012 364.6790637361337 106.25479772534904 Oyster-SemiOpen 0
145.35130976656 332.35994043584657 79.07010510193504 255.80021368429828 217.478539403819 135.98720913079757 283.75781485181506 212.54405505698585 Oyster-Closed 0
88.80188300780719 331.6334841781771 0 281.14852752602667 54.57154850302686 122.398007895672 162.83235761219476 172.88125514602285 Oyster-Closed 0
289.43761670685126 347.059269198572 217.7229154788438 313.8447063275294 265.4549106648701 210.80491584725718 337.16622267990897 244.0185619590704 Oyster-SemiOpen 0
251.6988314111586 235.4695966587178 292.6149529641807 293.92229166546065 166.8057777193717 381.96879295428533 125.8923581030831 323.51852553246135 Oyster-SemiOpen 0
386.5808968015117 411.0965142355943 290.5232311714353 404.3803876602866 306.58611377744455 174.7633708470126 402.63229845555907 181.4790918083403 Oyster-SemiOpen 0
26.549140010858537 414.7049516438778 24.150989938127168 311.45166128955645 147.85081567909947 308.5787407398742 150.25294906081035 411.82796897128594 Oyster-Closed 0
220.48609100000613 409.49901600002 218.2112441227655 353.5305884851981 301.8688114713659 350.1305043459807 304.1451573296363 406.0973919161306 Oyster-Closed 0
215.53404289189712 371.0912546181782 217.10313475585644 409.63670469641784 132.26417263826806 413.087826504066 130.69625587930568 374.54352600994144 Oyster-SemiOpen 0
333.99406498278404 9.246046159932034 330.8779766192856 67.32629508703761 245.00285969344623 62.71879208674454 248.1190931307283 4.638694882981836 Oyster-Closed 0
268.60566354970433 71.18773432364765 225.32363565631385 105.67354263493675 154.73815781168378 17.084142951830156 198.01995836887 0 Oyster-Closed 0
180.30953364342713 112.62405189325384 116.09474700000646 121.01770199999794 106.31014430849973 46.15987086651502 170.52427089918274 37.766264000605524 Oyster-Closed 0
274.74016533438044 100.49098760500976 272.2793828232243 57.383854893991185 363.17079633375033 52.1952237197554 365.63182866842544 95.30207855805031 Oyster-SemiOpen 0
150.6528384448975 0 152.158881902782 34.48060820707121 68.88289093732601 37.86830680130338 67.37689500003398 0.8477940000008569 Oyster-Closed 0
308.32909973268033 128.4967498300901 286.591892704153 154.26899055155798 246.604225625666 120.54273004618358 268.34134001784696 94.77063495571878 Oyster-SemiOpen 0
