396.68111122434857 139.34915229759412 323.64479070679226 179.33999690174176 266.4198969652025 74.82983971531831 339.45500059389815 34.839396880801914 Oyster-Closed 0
16.777476038983878 106.1176332027505 63.216270421235095 106.38779985421841 63.02047341495927 140.0424016610037 16.58167900002809 139.7722360000001 Oyster-Closed 0
88.46946814263356 235.2592095363068 52.617188956086466 31.24555782355789 234.95171691220094 0 270.806880938806 203.21370461103493 Oyster-Closed 0
416.00017662276514 173.421785 389.69952993552215 173.421785 389.69974487821673 116.44679999999997 416 116.44679999999997 Oyster-Closed 0
78.67987028080461 137.36739890812382 75.81718828602243 175.0874701295252 14.347481215761945 170.4221470528584 17.210453254821914 132.7023907568579 Oyster-Closed 0
344.93681737475345 191.72807257795407 379.6462589478833 147.70383579034535 436.85863456863444 192.80852922149205 402.14978367317235 236.832223914937 Oyster-SemiOpen 0
295.36429197508187 180.7634984449745 306.00760166065083 210.7331122280765 193.49794284261225 250.68464237266303 182.85543336653063 220.71570721956698 Oyster-Closed 0
234.4587576132035 275.22715946621565 218.79680440454467 225.07299603820962 357.1713744569606 181.8642846380097 372.83416871044756 232.0170561532673 Oyster-Closed 0
14.397284838360065 176.37331801495912 101.33657780474823 169.27720285466143 110.40243036510219 280.34040351147235 23.463155465058662 287.43636187241657 Oyster-Closed 0
240.3615309258239 247.0647021324985 224.5483944535299 311.5989600409812 114.31448661503964 284.58903906655644 130.12876892328495 220.05648114171868 Oyster-Closed 0
432.13185336977403 329.4862458943776 352.8634735139203 371.7336353599045 293.8493526655184 261.0189081183786 373.1135571776904 218.77287246555514 Oyster-Open 0
21.751412999965396 266.4658070000011 79.8267372363116 261.72618056684547 90.97435671891799 398.2953927714133 32.89905283192638 403.03482820486346 Oyster-SemiOpen 0
216.6080085100948 396.52641387331374 198.0926800377929 310.9931969136683 335.1513281774205 281.32951260428194 353.66919552620675 366.85904904284814 Oyster-Closed 0
333.31216464803583 46.52788463859078 384.45328026954303 5.479360331711679 450.5638437119778 87.84422562869379 399.4229621149061 128.89250167580985 Oyster-Closed 0
