242.95966990136367 187.80906957436562 212.85990756161118 191.41575154536275 204.3351729102469 120.27307410489651 234.43433834767347 116.6664290070928 Oyster-Closed 0
242.48319869341503 188.4710650917914 236.83493744524458 125.87176763995762 303.39732920375536 119.8661982898415 309.04609884697857 182.46491073203225 Oyster-Closed 0
357.5171023338553 238.31461229978493 319.3628644801538 217.62293809397184 352.61627311002303 156.31099960806122 390.76974433888245 177.00241483910196 Oyster-Closed 0
180.5197120452467 251.86769142329214 111.43825765281872 223.69241467758965 146.3066242134446 138.20958134010885 215.38620891430764 166.38443318144732 Oyster-Closed 0
93.96136477592518 189.51260218293595 74.1858326038855 255.5462367349155 16.770144577589235 238.3523682065436 36.54609493828684 172.3194822351777 Oyster-Closed 0
0 187.909722 40.272274 187.909722 40.272274 296.702508 0 296.702508 Oyster-Closed 0
239.40986846213127 182.92351658586836 338.8917925581736 179.50601346006624 343.86681161442175 324.31247460114105 244.3848937288967 327.7298677902869 Oyster-Closed 0
64.98687520751264 267.84428977370567 84.57099627689604 203.40484568197837 187.75742411113606 234.7615054626814 168.17512693043318 299.19937717305953 Oyster-Closed 0
136.2180976227719 233.7034922228961 179.40090650987986 312.6869724003734 9.136507256243931 405.75384789310704 0 326.7746599250172 Oyster-Closed 0
300.1582211091154 275.7989554512364 320.14102713311513 338.39872849304385 166.21877184904952 387.51785232371776 146.23941411856867 324.9209966422826 Oyster-Closed 0
75.83505139519548 89.14844466287474 38.34178277090177 86.52667724411351 41.84831268410926 36.38259952753031 79.34138110659478 39.0043600836164 Oyster-Closed 0
89.70577957790738 85.705901973402 76.39019895397723 121.93496654496502 36.82119014492491 107.39193245838113 50.13682993765542 71.16298993757927 Oyster-SemiOpen 0
175.01247128989053 90.86324112557497 211.657216666561 71.89309727348964 237.8529583201198 122.49476454424631 201.20828149433146 141.46480723604995 Oyster-Open 0
134.00879458573036 154.4777094252228 99.47263804072645 163.31196500852695 81.49231004384637 93.02169239211786 116.02795775108098 84.18750414938468 Oyster-Open 0
36.89967424899078 165.2143465904087 76.11107369343154 99.76808624494099 119.85454942522483 125.97587174434621 80.64366659212828 191.42167985172304 Oyster-Closed 0
21.35345782076547 192.73434901197703 0 173.10295559047842 34.801663912043296 100.65926202880689 66.38441532183788 120.29044293611335 Oyster-Closed 0
306.25832224452824 134.4841489503404 347.10566533948077 69.67496077807724 443.53088415864477 130.44771314997473 402.6845390828712 195.25604070721224 Oyster-Closed 0
