4.2356973924761405 204.14117142638807 11.180410849199689 148.8257193200548 97.85645323272183 159.70691250211644 90.91259518147126 215.02158534575128 Oyster-Closed 0
378.7057233962769 104.53557954461306 396.3704937111761 119.73556080785951 356.47998025339984 166.09304953724035 338.8153108013066 150.89317689668988 Oyster-SemiOpen 0
183.42734574499627 151.2314566562375 212.08807304474612 155.18158059872513 199.78217624140598 244.46335159502274 171.12146318184386 240.51328908554484 Oyster-Closed 0
289.04796946200804 221.46802802117315 259.668999136411 163.32861625907543 330.2349866082186 127.67216894676262 359.61407772525126 185.81088560764715 Oyster-Closed 0
239.91105899660397 263.99635596053946 171.62981313108685 252.34007534472255 191.06737054182668 138.4932565312946 259.34592533459363 150.14930510106333 Oyster-Closed 0
387.1369810245669 219.65052819532167 334.5081612838512 196.73378709642083 370.1539541323036 114.87868866190277 422.78159298120954 137.79513546304932 Oyster-Closed 0
67.54486965556862 229.52890919719027 83.29442607189048 196.06741168567208 149.2215350903316 227.09492961745076 133.4725533155579 260.5559376413495 Oyster-SemiOpen 0
297.82273141717087 237.07540599052714 248.75486356113106 264.00512053830755 216.0706560633662 204.45601848575404 265.13746695460577 177.52666211745188 Oyster-SemiOpen 0
143.02208877243174 205.70939836284995 187.792128575049 206.48049910905715 186.2014289196195 298.8268064196856 141.43138937333424 298.05572155834926 Oyster-Closed 0
30.649801667077554 269.33762370653506 46.03190709661794 249.61599925688094 93.32794262749303 286.50019774299307 77.94615235434685 306.2215322184707 Oyster-SemiOpen 0
416.0002069354887 235.97496200000006 396.1852501526737 235.97496200000006 396.1855287121907 160.880875 415.999968959095 160.880875 Oyster-SemiOpen 0
310.0010230000371 196.1981829999842 337.91065507777967 171.02762633286017 410.5385919667642 251.55251072295871 382.6294777180374 276.7225256658793 Oyster-SemiOpen 0
406.87696924718693 300.16791949452517 342.1543367149643 348.8049710699773 257.73776368050676 236.48144000354932 322.4574655856304 187.84601598020006 Oyster-Closed 0
94.44100668172177 427.24295901547464 38.173478636825166 317.92476359267346 155.71936354297577 257.43592823882517 211.98743481314523 366.74963310591136 Oyster-SemiOpen 0
136.53819700000167 408.64734699999644 126.79862107858207 256.52881229329006 314.6973363046018 244.49750070888777 324.4445650673806 396.60841046012763 Oyster-Closed 0
315.6009320000194 323.3353899999982 385.857031164418 312.86846389147 395.2463300994568 375.87860367969205 324.99027516651404 386.345324642455 Oyster-Closed 0
103.88448004057864 39.676364780187406 133.7144488690683 9.727135803146696 174.3431016311879 50.1939263987412 144.51320215582382 80.14308629236798 Oyster-SemiOpen 0
231.2543313773058 84.78118204526103 202.2566215335355 32.81454776937035 271.5114172599642 0 300.509130477054 46.136532155640005 Oyster-Closed 0
405.8844873732851 53.37763529790424 387.90488204702706 56.55250191247568 379.82880264887353 10.816751312297127 397.80835399998614 7.641890000003761 Oyster-Closed 0
265.1193890829272 64.89898681367974 259.0261093360641 118.52616182188018 151.62379919653176 106.32228593282774 157.71746342155893 52.69553918358678 Oyster-Closed 0
145.76873602681007 91.75377411688889 129.7640677454583 157.957873760682 42.358006993272284 136.82757612058452 58.36307522795687 70.6240924174115 Oyster-SemiOpen 0
347.2925197823497 151.1298047762029 299.8447745872145 144.79123734282823 312.45643984476555 50.392086372542956 359.9033394201615 56.730593985816014 Oyster-SemiOpen 0
265.875833659662 133.5484490865569 262.99563089946605 98.82344136251334 306.97444016692316 95.17576403697609 309.85478233596587 129.90061627470777 Oyster-SemiOpen 0
