118.12730469560847 148.69987093435853 158.3822747084887 91.23498680144097 253.33666823225212 157.74967881919486 213.0827108788435 215.21365667547903 Oyster-SemiOpen 0
9.454203165354556 199.7947711730756 0 107.90979239300643 87.27956960973825 44.36698571243631 134.11654665731476 136.2506957589672 Oyster-Closed 0
306.6629677351666 320.4440294458174 239.22227740659218 217.58293653379184 341.88917649407813 150.2769820679861 409.32939069828353 253.1354517766284 Oyster-SemiOpen 0
131.40527284083873 342.402983407928 78.32514853097382 248.90687397770023 229.03158911265928 163.35666340452886 282.11180690821857 256.8491623176206 Oyster-Closed 0
80.33265615455821 322.32589615530924 0 253.10661405165118 66.56086003158998 116.35569771535438 170.98394451932836 185.57284942557126 Oyster-Closed 0
271.85776314481336 390.93017804281675 202.65226000859548 345.3418387117537 262.25596391394356 254.8810883285113 331.4583788477976 300.4680428278046 Oyster-SemiOpen 0
248.76794417503697 271.321460818869 278.263983437173 340.78665081699927 144.49146059296618 397.5728731421006 114.99890533844155 328.1106320734553 Oyster-SemiOpen 0
370.45714075545766 433.4524264718732 272.4145846996398 415.52740239000514 305.19718335792277 236.2899388400751 403.2295441647584 254.2140113553536 Oyster-SemiOpen 0
3.1827615125730517 397.3789870663764 24.423808183197252 294.2627483211934 144.0382220393658 318.897016538089 122.80174562443426 422.0092428038851 Oyster-Closed 0
209.01764500000718 415.999999999977 209.01851271807027 391.6829060696403 273.2963774929485 391.6847259628604 273.2960659840828 416.0012644157704 Oyster-Closed 0
111.73048200000994 416.0000000000219 111.7316825065609 388.5231366315928 187.69772591792207 388.5256364771063 187.69726497077136 416.00176779031716 Oyster-SemiOpen 0
350.5730163467633 116.20942563658939 264.7520293556772 104.70685757000363 272.41928834926875 47.50465229257135 358.2395921973548 59.007174810917036 Oyster-Closed 0
286.41316279757666 111.8229022222414 240.37442796431424 137.0462760101547 182.04604334756004 30.583609200820128 228.0842370018072 5.360416456910057 Oyster-Closed 0
194.63893376467968 124.38454578351438 130.68120000000636 124.36042299999995 130.70908945779956 51.45353879565094 194.66609412808612 51.47766144073001 Oyster-Closed 0
284.29703682930995 141.6745671131929 292.3440211784291 99.07480565645939 384.98065423065054 116.57297399041026 376.9341944550106 159.17226732410208 Oyster-SemiOpen 0
179.91263623666237 14.686050873411201 177.8874871034277 39.49564490236092 96.1760129385948 32.8256430103499 98.20120000002498 8.01609399999421 Oyster-Closed 0
318.05572593096804 178.68691050275817 293.1657055827891 198.69849554876768 258.3330040146684 155.3761026445253 283.22276353213965 135.36468053188221 Oyster-SemiOpen 0
