369.07607778415695 79.32691125691781 411.2783658734661 104.1488810415492 377.5880574843577 161.4275454978739 335.3858984897488 136.60575097801333 Oyster-Closed 0
416.0002850229612 189.56741100000002 392.9165484790865 189.56741100000002 392.91680519907095 98.246831 416 98.246831 Oyster-Closed 0
367.874977516105 251.5366601137887 332.3338016146881 261.7244375460926 300.6041448105934 151.03871790653304 336.1439830000272 140.85114199999884 Oyster-Closed 0
416.0001855520568 236.414696 393.5456499296488 236.414696 393.54592535151096 181.318949 416 181.318949 Oyster-Closed 0
195.8037053286571 199.99306525394252 231.97498332423856 178.5555926374216 268.16238943057033 239.6097326997565 231.99133666955458 261.0469097319741 Oyster-Closed 0
108.4937770000106 177.5751889999943 165.14182200695723 157.90965225893902 205.97702867779662 275.52985871020957 149.3292405667671 295.19491133684016 Oyster-SemiOpen 0
158.3555005356102 217.8002421486355 196.5709486591877 197.99619920125232 234.62561097638536 271.4224648077857 196.4103970132128 291.2261548238827 Oyster-Closed 0
44.460859847466054 175.23014110331337 143.72432996096904 175.4079924788556 143.45510480468874 325.6554683450567 44.19163460085474 325.47762278351655 Oyster-Closed 0
10.381167000006826 254.77207400001137 8.022616976533754 233.08316559562394 35.098185500977706 230.13913777536484 37.45684571854508 251.8279195605955 Oyster-Closed 0
300.3906129999923 246.64745000000025 348.5482285285034 231.6294123339688 370.49270360396986 301.9891595487663 322.33520471469456 317.00692941413683 Oyster-Closed 0
222.96317816035298 271.6691628210397 247.33419720948586 245.39158510316804 282.7932137685639 278.27377636873206 258.42251077591936 304.55104680703573 Oyster-Closed 0
43.58949089362068 251.549925574963 46.634179040265735 279.89532735907306 12.641611195507721 283.5458809718506 9.597171725839871 255.20070737710475 Oyster-Closed 0
329.5054146335751 322.3305917428385 287.1184656055739 338.5458336556253 256.8562705074619 259.4496494298467 299.2415643895147 243.23475943609117 Oyster-Closed 0
359.5882266337467 260.0570729514918 402.5263695844842 271.59852654797146 381.42666021522746 350.0841042401682 338.4886168515477 338.54290410197297 Oyster-Closed 0
213.50561265683064 330.64796638953004 137.0891039205344 343.1668654385325 131.12833722298456 306.78241433480514 207.54328553968298 294.26364598457434 Oyster-Closed 0
11.382571984271635 279.3482930185715 56.999534319053055 277.48987763335725 59.87202578748111 347.9869646100033 14.255065381479653 349.8453437311666 Oyster-Closed 0
246.80088034865912 362.3383995132036 249.5931374239226 322.311201574832 335.493888821773 328.30196968191876 332.70274766492366 368.3281035171504 Oyster-Closed 0
138.38771199081748 332.44906603440626 126.71662718596053 375.11448109252416 60.167789710139914 356.9129911670776 71.83942000001116 314.24847999999804 Oyster-Closed 0
248.45424891746734 401.2432171094418 198.59606075590273 418.68896857244715 170.02818062135702 337.0611897396597 219.8837732452448 319.6159378670619 Oyster-Open 0
13.906700000017736 341.29485299999925 48.742684280558024 339.8757559497521 51.35186896358209 403.9109853533991 16.51588662884751 405.33005250786323 Oyster-Open 0
267.85670900000696 415.99999999998124 267.8573601026437 388.6589447341313 312.3218975462587 388.65993142579146 312.32167799568924 416.0005524283755 Oyster-Open 0
