59.36316173038722 189.36764986310973 6.194018790854898 174.01150133899142 30.9508808533501 88.29874370632503 84.11889258038718 103.6547150585873 Oyster-Closed 0
392.8563604061237 95.00671261925027 395.11688487227 114.0995628090655 303.205931429653 124.98076904538739 300.9455937438761 105.88808837656951 Oyster-SemiOpen 0
177.42474902969843 162.51342310636534 144.72376933570558 129.8478532420477 199.05066947150772 75.46370784311523 231.75138708335362 108.12901437991036 Oyster-Closed 0
67.97391962748225 185.6416271599458 55.85941821899178 137.6691972837063 98.0803354261734 127.00763629910716 110.19502510303573 174.97976937981423 Oyster-SemiOpen 0
259.9954953232991 193.15612503381618 241.14777705580127 195.289961094657 231.01407037706304 105.78312578020633 249.86136567417634 103.64931316489123 Oyster-SemiOpen 0
0 138.428302 18.084783 138.428302 18.084783 213.39499399999997 0 213.39499399999997 Oyster-Closed 0
126.1732439999796 143.79375199999654 152.14407251303055 125.58171974956916 200.25483491843988 194.18593482126667 174.28419601188943 212.397742161396 Oyster-SemiOpen 0
261.160663129991 229.4846981461012 231.44358328303133 242.03540751614653 184.31944584286248 130.46268138158646 214.03555474138193 117.91220211962107 Oyster-SemiOpen 0
190.1598249066992 218.36662069594817 142.09372289384555 259.16716275847926 77.77354759508671 183.39755230272164 125.83866584134012 142.59769535072982 Oyster-Closed 0
251.5776508964991 207.88990570573165 266.5317391969038 138.69346808044764 376.64947245387884 162.48954586010973 361.69683731814075 231.68471922559996 Oyster-Closed 0
0 214.91092700000002 14.628965 214.91092700000002 14.628965 267.87624 0 267.87624 Oyster-SemiOpen 0
376.3499250000132 183.75980399999997 395.32093858093504 172.17855911552326 421.4125742699507 214.91604247051774 402.4416388463542 226.49718635299288 Oyster-SemiOpen 0
248.51805448519372 242.54977969532075 280.5358797333356 186.57908285029333 385.4818610450893 246.60684255089535 353.4656866298501 302.5761090360839 Oyster-Closed 0
232.03856278213425 325.14023752905507 195.10788600348678 366.6913536255778 89.29690094058242 272.659494751128 126.22642292064484 231.10993937312742 Oyster-SemiOpen 0
0 176.355577 111.60261899999999 176.355577 111.60261899999999 415.774545 0 415.774545 Oyster-Closed 0
378.18879072275377 335.5092194977389 325.56593951727336 394.40463458666 218.04742170665122 298.3509929050199 270.66858914000113 239.45784824625323 Oyster-Closed 0
400.8151858788078 321.18792468069427 379.4640809716766 320.19362615713936 381.88161768378995 268.29591413187273 403.2321512506169 269.29019937915075 Oyster-Closed 0
229.68877345518558 0 258.8810082500386 34.68123031401045 223.9842446170078 59.8902492477754 194.79205746977823 19.479700473807306 Oyster-Closed 0
99.80659823515816 38.35596576924248 90.28875897284888 83.65281007395185 1.0638084009842714 64.90455670907055 10.581784209829493 19.607905810982057 Oyster-SemiOpen 0
113.18200571275156 422.4808554865765 55.45584096717357 414.92546759551976 68.44828861552014 315.6966967602592 126.17086216765165 323.25185150813627 Oyster-Closed 0
115.58724460755911 414.4295633234045 114.54836146222442 324.85308035722085 205.7809995191601 323.7952999339101 206.8224906560754 413.3691279389961 Oyster-SemiOpen 0
98.40934030862991 93.74927334398683 93.03807371242146 77.977577265978 128.44789947374738 65.9183890626282 133.8191867103087 81.6900437508729 Oyster-Open 0
158.62991424417123 111.00214037511762 125.70472691281248 106.08703392815971 136.07761935080634 36.60314918299386 169.0025306032985 41.51823561490219 Oyster-SemiOpen 0
33.49754867856245 98.00181004616215 60.521367381596065 58.78807886218061 118.67184262796218 98.86143080593251 91.64828814919747 138.07492505864587 Oyster-SemiOpen 0
156.45502800001123 119.08116300001686 144.7173045835043 100.08403228751483 190.12621185392345 72.02773859500542 201.86392865767993 91.02478580598628 Oyster-SemiOpen 0
122.6100544177898 5.218681564422175 126.41329000337646 43.74276552431205 52.691324823666946 51.020757597038696 48.88816554891673 12.496749914362594 Oyster-Closed 0
0 85.741408 34.607174 85.741408 34.607174 149.945397 0 149.945397 Oyster-SemiOpen 0
