150.46207858666457 109.66261050329055 189.62668419664624 146.73213511217992 125.40068478903049 214.58439754687328 86.2365557996236 177.5153647514794 Oyster-Closed 0
278.6301744016564 223.64344798410193 261.8633528889113 192.36044759297545 325.46740561081606 158.27247958284252 342.2342717525207 189.55511348645683 Oyster-Open 0
180.33551539406108 283.348996900218 182.27517733502827 236.1301750836317 259.58275381665953 239.30528131052856 257.6439700384326 286.52324832773513 Oyster-SemiOpen 0
273.996661584355 194.69089509058972 370.9544052920537 184.38414222111572 390.8410496481556 371.4413399220199 293.8833800105167 381.7476335445664 Oyster-Closed 0
0 247.405634 17.970941 247.405634 17.970941 381.301829 0 381.301829 Oyster-Closed 0
238.96171613667684 265.2948083636473 311.78706495357983 257.30045752401173 327.1467529850888 397.1974785310968 254.32146036003542 405.19150514747577 Oyster-Closed 0
89.51857302228746 338.63292142340066 124.42449249403217 334.77222643690277 131.58912884757592 399.5354959953304 96.68322273753802 403.3961093570161 Oyster-Open 0
9.46383499440708 61.35328457831608 42.66194544031896 65.59312425625484 37.03250931484217 109.67131256797336 3.834400000007008 105.43148699999847 Oyster-Closed 0
53.73218369101596 160.8170884592077 4.523533542822406 120.45495824790837 45.08222995986944 71.00823938925585 94.29048511101792 111.37011061924414 Oyster-Closed 0
96.2964047014757 73.67693499189271 144.52403458071785 80.84855440771427 130.45274901502853 175.4727843496644 82.22513551960947 168.30123821284172 Oyster-Closed 0
335.5704878884062 184.119428722409 305.35023344433284 153.46443017332953 352.6723841968669 106.81535561541808 382.89239248358354 137.47009820530008 Oyster-SemiOpen 0
