367.4840442677305 63.013852725685524 353.90378831076305 88.16927748518839 294.5347633815072 56.11876441282428 308.1150253347987 30.963431856200753 Oyster-Closed 0
225.36485449735483 40.51006418401714 272.5260646050374 75.78476418834933 251.5724367185394 103.79880883592182 204.41129131359048 68.52418522715189 Oyster-Closed 0
414.5771477903909 56.448666728169925 419.22275257281945 80.78792732632496 362.8275190580898 91.55178685383024 358.18201909718846 67.21262156000641 Oyster-Closed 0
330.87014948972137 111.02511560865676 370.6292101426625 83.9853554331912 396.9074839695095 122.62399778793241 357.1485330220239 149.6636264659848 Oyster-Closed 0
241.57832880281057 174.53500419310578 232.17472270214057 95.18284828702599 279.65374844649705 89.5566410467674 289.05774012765323 168.90833918918975 Oyster-Closed 0
295.194876345784 105.45296963616097 336.93356300841697 113.39956907594575 327.02009732276565 165.46741626739038 285.28142566723545 157.52086724421537 Oyster-Closed 0
111.8533000665484 164.79912302099245 64.09455569897182 194.96441748147126 23.425130429910496 130.57707639130524 71.18316479874557 100.41207864030913 Oyster-Closed 0
416.0001073998392 185.06473899999995 399.7566079805838 185.06473899999995 399.75671428708665 138.615119 416 138.615119 Oyster-Closed 0
280.01920121898365 155.9478102178748 311.40863137160704 157.40451584376422 309.1170251483636 206.78187579925384 277.72759565789966 205.3251816992083 Oyster-Closed 0
364.5417751337518 162.83589265669647 389.45289804206186 155.31390150402456 416.5947562720612 245.19580358141113 391.6836890177765 252.717669027463 Oyster-Closed 0
278.51426349589747 237.39328520015232 288.7946825538347 189.15776425708788 353.0541165541945 202.8521770038092 342.77440103188565 251.08708534815912 Oyster-Closed 0
7.431822020735126 182.38956368799037 58.37567627460521 180.31394976386846 61.58499984363516 259.0774632397931 10.641147434504092 261.1530455623393 Oyster-Closed 0
289.0304257144926 204.09111469674883 283.1952279817997 247.73746506730348 218.64308782167427 239.10739326392314 224.47874556179158 195.46159143458496 Oyster-Closed 0
81.78683591961453 166.1144356868497 148.78347986367953 187.22112207111567 107.59867456442225 317.93667173207496 40.60229440186231 296.8306010673025 Oyster-Closed 0
339.5434218821174 222.6179218508351 373.7355927931021 248.0054077691267 335.4166285495703 299.6074247989841 301.22477607725887 274.22030992258186 Oyster-SemiOpen 0
235.79667657730533 251.5544257821303 222.12641706404975 300.585714593844 163.1935892202855 284.15618621425756 176.86428039078965 235.1255960452711 Oyster-SemiOpen 0
247.78092854636998 273.1888553007518 260.0935410715938 306.4919263791937 196.93372047770026 329.83839078282773 184.62180851763333 296.53591288365755 Oyster-SemiOpen 0
138.49334460274622 270.4953647773007 187.56362245641867 295.67107203274344 152.7386719745191 363.5365873043622 103.66874568305138 338.3614139054011 Oyster-Closed 0
102.48074252386868 403.83308844849824 20.91091554288505 398.3582243793836 27.397384686431906 301.78357089297555 108.96224800001073 307.2582659999997 Oyster-SemiOpen 0
412.8261177903696 323.157968112019 422.9408142486609 381.30388996138055 365.1504824547119 391.35329039133194 355.03698519094905 333.2084209147888 Oyster-Closed 0
174.39119382050194 403.1463962715619 168.69204615749914 333.27137650422134 366.07654572538377 317.17144851049954 371.77968489317936 387.04212750681734 Oyster-Closed 0
