121.6845490000087 73.21613900001216 109.97159977897536 63.34435637577929 132.38381812613443 36.75225066422499 144.0967423762704 46.62401611646675 Oyster-SemiOpen 0
108.47676910675727 116.16856761703954 145.06081861306302 1.6980177526402132 376.0320771885199 75.51412270887329 339.4509653741916 189.98204654034637 Oyster-Closed 0
318.83114700001533 71.26146199999802 393.6967898740768 47.012618485297025 433.0747819469507 168.5856429883179 358.2092882867182 192.83415383678852 Oyster-Closed 0
416.0000452639724 187.72146299999997 402.81164778469247 187.72146299999997 402.81175406315015 149.406109 416 149.406109 Oyster-SemiOpen 0
251.74039109755176 193.0496403804704 260.11539235433156 142.62459848202317 421.39316507827243 169.40793908421023 413.0196507949295 219.83167705354262 Oyster-Closed 0
274.19957845819954 194.47194684370697 219.26337800751207 293.2989423060774 102.95579331138651 228.6487260368923 157.89210844751142 129.82421389002937 Oyster-SemiOpen 0
271.634004630836 188.4588491699831 305.8129870857847 203.8967278160444 273.78845560316404 274.79139449730684 239.60961805334955 259.3537602150778 Oyster-Closed 0
13.980523393231124 280.9717683606005 0 222.3847962129171 65.26873499139765 148.43834270415957 110.26612596702398 207.0240186168657 Oyster-Closed 0
264.1224115849109 286.4976750488183 250.11765004399422 261.8131492797702 332.7232176029138 214.9520270414624 346.72798021035123 239.6360173143218 Oyster-SemiOpen 0
343.86473249129995 231.33883233862616 413.8320138664494 223.21034252146143 422.35685970171835 296.5811623466835 352.38960426131234 304.70951299225555 Oyster-Closed 0
338.7428744072786 258.5284980679001 364.10253069466853 319.69781230038654 266.8776948095874 359.9961168844 241.5200857380878 298.8285305416511 Oyster-Closed 0
261.59042233117725 283.3666033960286 259.86328957153455 329.1328452424754 223.48575705793337 327.7598654524233 225.21331947524595 281.99407213432266 Oyster-SemiOpen 0
202.02042080273532 370.2973668192427 43.69387957550862 437.9300338832216 0 249.7730300487549 121.62323265182204 182.14446240122547 Oyster-Closed 0
343.82167750096414 326.02032266880275 347.1062149767422 301.21508064269807 395.5802324096803 307.63239419987536 392.2960694792491 332.43729804981655 Oyster-SemiOpen 0
119.09831991400642 247.41987657545195 218.66175787174507 278.4377223523133 187.5978129006835 378.1321625344271 88.03476914479324 347.1152068142661 Oyster-Closed 0
309.5293401257659 347.17172794252394 284.2319536140021 424.6163202614922 203.43097078064238 398.2272684967455 228.72947195564484 320.784861423128 Oyster-Closed 0
303.9180907399459 52.770597606340836 336.77062068060695 0 445.47792274415406 40.18738644763729 412.6257490702883 106.56935329761218 Oyster-SemiOpen 0
