149.89027246442856 197.05945935008472 103.00894034146768 202.13627577614665 91.09366589486672 92.10413264780388 137.97370430376395 87.0273862801216 Oyster-Closed 0
93.43653727887067 196.5049094860573 77.96182233178115 226.91844184810947 6.986268942819152 190.8073390643616 22.461032132487162 160.39424194239896 Oyster-Closed 0
80.39269331740797 224.5216680906304 80.13895055921239 196.6640228778046 157.87388946379724 195.95555078793817 158.12802923866911 223.81280517604168 Oyster-Closed 0
236.90065317921471 182.80030703136143 303.0082547969614 183.58897750506597 301.505179341224 309.5673246531808 235.39757777157502 308.7786755402833 Oyster-Closed 0
235.96216043350069 222.53100817130718 267.1604805616553 252.30120008358844 189.07379386494358 334.1220736925326 157.8762756015094 304.3526969286394 Oyster-SemiOpen 0
49.0246901735336 339.5949967778693 0 333.962470813751 8.967460872794618 251.76697554581722 58.39196737972452 257.39937839990904 Oyster-Closed 0
87.82080959286395 373.0990469026527 61.20043914328562 361.6270673390215 93.03840936605775 287.7644617726981 119.65766814476592 299.2361647520489 Oyster-Closed 0
204.2291522270134 374.17491510360156 167.62174643408434 395.6189361328757 119.80764593288768 314.01056944845806 156.41342172078657 292.56715578311974 Oyster-Closed 0
0 327.510684 31.951816999999995 327.510684 31.951816999999995 396.68147 0 396.68147 Oyster-Closed 0
190.79201517108595 342.7036142680923 223.35458649887732 324.26252790851635 257.63789245129374 384.78534900006355 225.07561608812466 403.2260239696911 Oyster-Closed 0
98.90800357235639 332.2851759742695 126.22612232944084 332.53339987826575 125.46528056418902 416.2476386756663 98.14716189786122 415.99942164622354 Oyster-Closed 0
146.61472500000673 416.00000000001444 146.61580656033402 387.0346206361897 211.39596435658677 387.03647612348936 211.3955459775716 416.0011995970007 Oyster-Closed 0
336.59031989244613 386.81259195093685 337.54502473514003 414.2249039567104 276.8541282036531 416.33701390974807 275.9000308448303 388.92528758033876 Oyster-Closed 0
