349.04164739462067 115.82942998894387 309.5616268431113 115.4529805814015 310.3694542815392 30.756823121437293 349.8489840000002 31.13326999999992 Oyster-SemiOpen 0
385.58089266034585 80.4363624209774 397.76637795851275 100.91652126964466 360.19702622849945 123.26939811005954 348.0116338216394 102.78931977083833 Oyster-Closed 0
406.7362237248635 207.08043083930485 348.8331239815925 208.57199149281897 346.28860309123047 109.76517969120479 404.1900451737565 108.27364093462296 Oyster-Closed 0
244.6730221495891 169.62317245922569 277.87416771926655 124.72288912987021 354.195170217914 181.1550823620562 320.9947438483505 226.05470912226355 Oyster-SemiOpen 0
14.766854999994393 124.93722800000003 56.037599200029945 124.69546942094829 56.696171248404426 237.1151071163491 15.425427199661499 237.35686140077433 Oyster-SemiOpen 0
7.978313772528054 293.5586761101588 30.181253895221744 172.23104563516682 133.2745807280553 191.09514617315784 111.07463316609937 312.4202508595551 Oyster-SemiOpen 0
324.954581346592 280.27594071534634 375.7078138103934 291.64995008865924 353.7782431439664 389.4858126103336 303.0251185364832 378.1121393942378 Oyster-Closed 0
82.64351622997856 276.3278675560167 140.2686840337774 253.1704360525623 180.28817579834504 352.7397821820127 122.66337586603913 375.89652841108256 Oyster-SemiOpen 0
274.4972136578981 391.73392046801325 226.91978174540054 392.01257878720054 226.32682328870578 290.5119620323754 273.9013669484302 290.23331214901026 Oyster-Closed 0
299.2097798430368 378.84629996462724 290.04408655938823 382.6499347025114 277.3654233456109 352.1049478944412 286.5309443875485 348.3013536663223 Oyster-Open 0
275.95042287495016 322.17954877453946 313.8179882215736 343.4882795295643 267.47143629982384 425.8298212604756 229.60433937124617 404.52175349010736 Oyster-Closed 0
22.258661515679705 293.74484367326187 111.77357444243535 286.9633595161349 120.9700695997235 408.3324364699759 31.455179936703644 415.11366708618584 Oyster-Open 0
352.2316887177876 103.74736692738077 331.9360437954165 81.76664746756543 398.294883524748 20.495424075940683 418.59045475555104 42.476047370179664 Oyster-Open 0
