416.00019899846666 224.050543 395.1073903300421 224.050543 395.10760941500484 166.49324100000004 416 166.49324100000004 Oyster-Closed 0
194.96304945755764 237.44954789459004 165.93232283745238 201.78548686548567 218.88416600010896 158.68575715648234 247.9146508089616 194.34938184310832 Oyster-Closed 0
28.23773469317166 187.17283502406198 84.23789816864883 173.7972784379428 102.20852086175 249.03025765005134 46.20843128872366 262.40561381437857 Oyster-Closed 0
175.0175759606973 206.8209638914015 211.36476351502643 231.34266982389406 158.5472167313128 309.6216033551897 122.20045062375357 285.1004267679103 Oyster-Closed 0
63.17041470613549 253.4612592866473 68.11132841688595 359.33412964105395 13.303734812139737 361.8901996114342 8.36446093433915 256.0188891049637 Oyster-Open 0
351.80960767334545 317.4990726816854 409.5722908588941 264.526224065695 448.05235365837507 306.47950083130524 390.29049682689947 359.4515048702318 Oyster-Closed 0
44.486602998564194 245.58131547856345 147.04298344522977 233.90862793612186 167.6536848314463 414.964596168787 65.0974027607408 426.6366659204435 Oyster-Closed 0
175.73358117240423 61.279211963919366 184.87657583619875 19.107605452005558 246.6466868878888 32.49961035565 237.50382190244636 74.67109876260189 Oyster-SemiOpen 0
221.806194177414 138.43498502176485 173.76940561639276 136.11850869202553 177.91905003997817 50.075208981523495 225.95518133736186 52.39166989397959 Oyster-SemiOpen 0
339.65950572404836 62.449176298866604 409.362079436738 56.47412548645163 417.70961743291264 153.85161963267356 348.00704893184957 159.82661477107882 Oyster-Closed 0
152.0930486576217 227.87567904399202 100.40643631188868 178.23651152961565 158.19276634024573 118.07048777532741 209.8787148400006 167.70904690239692 Oyster-Closed 0
150.41828961564897 235.68395234117605 94.44235977201606 238.7501149033576 88.21636369123735 125.07806451656802 144.19017502203496 122.01196193682225 Oyster-Closed 0
