0 147.7757378534839 25.137276567325898 96.95810887273603 206.08995532783229 280.37444093100385 154.5794339723434 331.1895632665693 Oyster-Closed 0
261.82496990893924 210.46470502771817 265.3850241744731 181.31733096880967 314.148246754492 187.2728018780972 310.5884688402839 216.41992341600852 Oyster-Closed 0
0 203.96620200104374 64.977098531308 195.2468125638903 78.39770790958937 304.7306961103585 7.25891407540621 313.44987286012673 Oyster-Closed 0
331.22007621745433 133.02672912251077 403.5282043085208 156.8749578121069 352.51127597360755 311.54606671096843 280.2034998317504 287.6986049276874 Oyster-Closed 0
235.77995807884508 359.073525662756 212.06595473284324 362.7988905317778 185.44523876907624 193.363922014057 209.1572732439854 189.63871605815 Oyster-Closed 0
268.6093325051006 238.1988066376123 302.2707539656549 245.49417298551953 289.17754820046684 305.8997181338909 255.51616095895588 298.6044595531789 Oyster-Open 0
265.80107098858207 366.4188206886551 232.07496860846368 370.55254621715625 210.54183196323356 194.88516845739628 244.26509213026293 190.75161611292734 Oyster-Closed 0
154.4701134323368 384.585593815635 63.277371771724575 406.46498887572073 24.924645060258626 246.62565903852655 116.1089489209262 224.74735379712183 Oyster-Closed 0
277.0028463919989 287.45822967112906 321.83361795661403 289.4535125991537 316.77976929431316 402.98291359296604 271.9490024519291 400.9877000704231 Oyster-Closed 0
236.8064411722662 68.8071733735838 317.8385469352179 60.635472512991726 331.52439381469594 196.34387555394952 250.4923213275615 204.51544850674776 Oyster-Closed 0
