164.23970054286474 204.85465773316264 118.97359113904895 213.904924713244 96.62549977878734 102.12974736881482 141.89028277268517 93.0796150741552 Oyster-Closed 0
108.69733650628041 203.69276730721072 93.79227207465738 232.57659402810148 20.198518703880836 194.60187298673495 35.10362476878436 165.71848911265243 Oyster-Closed 0
95.44510855350018 231.00117626940624 96.00351876459536 203.11118371126898 173.5700658328642 204.66359663525708 173.01207808795516 232.55318425416013 Oyster-Closed 0
250.01899208250325 195.1127110219286 315.4406118548395 189.81591423790312 325.70838580686905 316.6221707512962 260.2867867679597 321.91881635904065 Oyster-Closed 0
252.50871534043836 233.75817823609626 286.87087649777095 264.0323347193049 216.4564041623853 343.9427997347445 182.09500936457698 313.669453136079 Oyster-SemiOpen 0
82.69507462833644 339.88947388391483 33.647149013482704 346.1153687581243 23.09906863460492 263.0228245055907 72.14482463414606 256.79706966020046 Oyster-Closed 0
119.02126186295936 379.68291146906284 90.49886785866329 369.97834969459 115.74855899622344 295.7853982133535 144.2697092558701 305.4897274557295 Oyster-Closed 0
234.89078062721455 384.4659480492998 201.49543214233563 406.6523605457079 145.93789097243643 323.0435977130462 179.33172494975588 300.85786975504055 Oyster-Closed 0
65.3159519347173 398.9004958329978 29.236275273233332 404.1993523343197 18.759561293263687 332.87652098498546 54.837552648787096 327.5777920487937 Oyster-Closed 0
219.20817646733485 353.51538340887083 248.93891367204924 334.3192145046289 288.58290666004905 395.704813453121 258.85253292449124 414.9005190952431 Oyster-Closed 0
126.10885499998403 340.19923100000113 153.12722250588922 337.9357584821545 159.61264688329538 415.33168748278484 132.5942863544915 417.59510132426107 Oyster-Closed 0
187.742559000013 415.9999999999774 187.74312199888664 397.0281205088808 240.51558002306774 397.0293001321929 240.51537499119877 416.00082377967306 Oyster-Closed 0
315.6233500000053 415.99999999999227 315.6237778291106 401.42236236365056 368.34298631907586 401.4235196406155 368.3428349909336 416.0008814775675 Oyster-Closed 0
