24.42815029684789 92.0809245068212 140.8137092358338 34.92240884233408 248.06536591282202 253.30083582971744 131.68121636858632 310.457345063266 Oyster-Closed 0
323.26140342716826 396.3114286556671 195.50685382579468 408.37153410090315 169.6997352543076 134.95234388834035 297.43992139552574 122.89286014479637 Oyster-SemiOpen 0
0 168.888874 75.016016 168.888874 75.016016 338.978289 0 338.978289 Oyster-Closed 0
389.77078841648836 419.24929975511566 313.1297762115937 411.65794449180044 335.99775889429293 180.87571078841412 412.6303474065826 188.46667479516503 Oyster-Closed 0
153.02056042010372 262.98334966147183 314.1867817283128 345.7932716066974 239.61884331991314 490.880995742897 78.45534903354928 408.07538510273235 Oyster-Closed 0
0 302.440341 37.528899 302.440341 37.528899 405.60634 0 405.60634 Oyster-Closed 0
330.4943388373831 415.0946979461704 303.04972335217826 439.6315794856603 272.4068843829955 405.3667973812811 299.8509809999996 380.83031700001567 Oyster-Closed 0
187.10834726336543 28.254524111671124 230.50324849267054 66.58482635813328 195.99616789802894 105.65091481082968 152.6013814021171 67.32073337280116 Oyster-Closed 0
240.0258406898247 155.28515945835719 196.91515102615813 101.07262180190193 279.31714599320185 35.546283657399 322.42766376111103 89.75841908991717 Oyster-Closed 0
237.73614929991163 76.28017379972457 250.34049277430313 130.59405195106797 194.0120919999972 143.66523800002216 181.40809325486043 89.35165057829654 Oyster-Closed 0
41.32071772671043 188.9905717187365 0 175.52711754778025 35.69077881852718 61.37169014518494 77.810303539507 74.83498743453903 Oyster-Closed 0
250.9804854629583 138.30516338323838 311.865584356452 89.92987620888529 361.1808416074091 151.9964052107371 300.29619785316027 200.37119842584852 Oyster-Closed 0
