355.4307140164492 57.20684671587459 356.5008476018338 86.6370957283896 292.55592582587997 88.96202270571189 291.4859182213768 59.53189500304847 Oyster-Closed 0
219.27565290443454 49.550801747287416 262.09390344648637 86.98051691490389 238.3788071349918 114.10932616904363 195.56064492522637 76.67970591103581 Oyster-Closed 0
408.06269900554616 72.81527409178612 411.656200744932 97.07674481148798 351.61469548848254 105.96952696067632 348.0213239194454 81.70817617547972 Oyster-Closed 0
316.37802895695495 124.19660219337622 359.4357239352612 100.28495730452126 381.5228874846289 140.05630877658774 338.4652859761736 163.96782612192524 Oyster-Closed 0
269.02112486409897 182.15000837496075 221.33437101997697 182.85718477889228 220.1647765772359 103.95498231148073 267.8505418748282 103.24781344129714 Oyster-Closed 0
282.1817219194745 115.54123822330607 322.0888979103511 127.35500863304664 306.7292130621827 179.2384213713046 266.82207348529846 167.42473435785132 Oyster-Closed 0
94.29294303885399 170.2847794084796 42.8033137150087 196.51793006164792 9.058306383558374 130.28613743042285 60.54709933869526 104.05324284074868 Oyster-Closed 0
401.67074629061244 206.65658112904018 377.56504351212425 205.11190050372238 380.85460514251463 153.78271798278635 404.95991536871225 155.32738598079848 Oyster-Closed 0
263.26252314674275 166.75616461175403 293.66627328132745 173.17928231380685 283.4230644015697 221.66227746728998 253.01933034075046 215.2392141338846 Oyster-Closed 0
344.2866978749189 176.73265220078952 370.0649522277781 171.76133221526393 387.625882600747 262.8148366098275 361.84765407711893 267.78606824405176 Oyster-Closed 0
251.91094922982302 248.4982389478479 264.5738867377004 200.08958596998386 328.36353124047673 216.7743874383247 315.7013530881595 265.1823881065666 Oyster-Closed 0
0 182.39097 36.516007 182.39097 36.516007 261.155752 0 261.155752 Oyster-Closed 0
254.73620788949484 259.7070623436005 192.50527246590354 245.54537203770414 202.44920600243495 201.85563976051486 264.67908042768613 216.01720635004327 Oyster-Closed 0
64.49593751963039 167.3676413952946 127.51022655755878 194.01994826548008 72.96518718779771 322.96786834990576 9.95134703972144 296.3163653855874 Oyster-Closed 0
313.509057919684 235.94408292949973 344.56142017943057 262.9079808242207 301.1090045628007 312.94200436567866 270.05704257509933 285.97853379608284 Oyster-SemiOpen 0
207.29392623113017 260.6755460916498 190.9870775415693 309.85408001431574 133.7738675452565 290.884875554095 150.0810872957518 241.7070509465093 Oyster-SemiOpen 0
216.17332775188333 283.134618731212 226.74408290034262 316.29684274352667 161.6579160904912 337.03920002370444 151.0878860465782 303.877592534138 Oyster-SemiOpen 0
109.16383609111654 275.5081315729719 154.40388995109606 303.887019853167 112.89163757207643 370.05102811414326 67.65206293775191 341.672766604829 Oyster-Closed 0
58.96827369970924 409.9260263941518 0 398.6134176944181 10.071642228060227 299.875745032238 75.92988999996305 311.187993999997 Oyster-SemiOpen 0
375.5048582170821 339.4475107115124 383.1372391690493 397.4249181880146 324.7107832802867 405.11329099888485 317.0796287752419 347.136981946754 Oyster-Closed 0
131.0152589543759 409.5734040984081 128.17632692807092 339.7646754945815 326.8334602174982 331.68304527577607 329.6767286713766 401.48730127507775 Oyster-Closed 0
