320.564618529228 109.33237718625162 281.26943038330865 110.78794134294012 278.03021916299986 23.335801704288755 317.3249409999844 21.880247000000413 Oyster-SemiOpen 0
354.7464469886618 67.3603851602876 368.5910902354335 85.87758712491437 332.1322283609006 113.13609879470889 318.28765942254904 94.61896384128258 Oyster-Closed 0
320.5916947780497 96.05735732833892 378.1876026479258 95.74486844809594 378.73295556030644 196.25744711952242 321.13704769402466 196.56993189769392 Oyster-Closed 0
219.8761366775616 174.32772661905543 249.96142042971405 124.63813718874361 328.15169086131937 171.97729030487852 298.0671941570945 221.6661908826118 Oyster-SemiOpen 0
0 157.108955 33.226269 157.108955 33.226269 267.218424 0 267.218424 Oyster-SemiOpen 0
0 331.2822139006416 1.6504300930319005 204.6180073857583 104.36608495262044 207.27116232291417 101.09666488310177 333.93250038626866 Oyster-SemiOpen 0
288.10698743375906 375.67494642772806 303.7282407747116 275.0985052604026 354.1350406347083 282.92659295974306 338.5154544997931 383.5015409489506 Oyster-Closed 0
62.50110109673915 298.6560931427008 120.20846914589492 271.7942571703626 165.5334662258647 369.14892964936604 107.82661208096033 396.0099219902335 Oyster-SemiOpen 0
248.3249748702001 400.16639917318463 202.147816834884 394.02295825672417 215.88960080054676 290.76913331035894 262.06388690859967 296.91238113469626 Oyster-Closed 0
283.48330926866765 378.17543858786456 274.3070565855196 382.579173934077 260.2403645538252 353.2745799273 269.4164544313535 348.87089070112427 Oyster-Open 0
257.702600638906 323.56962615091453 295.574729254 341.5907489575508 254.75877099840363 427.3458627979178 216.8869927141277 409.3253062095186 Oyster-Closed 0
0 320.118274 102.7386 320.118274 102.7386 416 0 416 Oyster-Open 0
323.0982087004595 94.6287836408578 301.672020706319 75.28939169209633 360.53817872135915 10.071727843520097 381.96429096802603 29.411057624918563 Oyster-Open 0
