369.0400246202262 127.83776281387519 295.6278674940222 173.5432642458596 235.95010980734514 77.6898431911123 309.36123095822404 31.984756816481166 Oyster-Closed 0
0 141.495309 35.079926 141.495309 35.079926 170.77176 0 170.77176 Oyster-Closed 0
68.9212247055766 257.09125595284763 11.42649137643457 64.12309622820628 194.5617918218959 9.559580390061912 252.05888930563378 202.52359206970522 Oyster-Closed 0
406.3033897485693 166.52529330543874 362.07181159751417 167.5614976261653 360.04330090806616 80.95158561938031 404.27394600000116 79.91539300000028 Oyster-Closed 0
0 164.146255 49.210395 164.146255 49.210395 201.324763 0 201.324763 Oyster-Closed 0
410.814691600739 176.98185344371427 377.3271674979442 224.85564017648878 318.4443985587968 183.6691821005232 351.93177623558586 135.795927472389 Oyster-SemiOpen 0
267.08875221578637 180.13413758333115 280.3027633507918 207.69058823140395 169.37157864386973 260.8789309868759 156.15833936174386 233.32313810933562 Oyster-Closed 0
212.31323067465564 279.6343601849353 192.08776654788744 233.24285608335367 328.33423164608394 173.8469958996952 348.5601691921147 220.23720053851903 Oyster-Closed 0
0 199.357361 78.511172 199.357361 78.511172 310.906284 0 310.906284 Oyster-Closed 0
214.89895629994862 251.89738879063324 206.8795726710232 318.4390001606023 95.07989680137325 304.9646439177228 103.10085660849654 238.4248454909719 Oyster-Closed 0
345.11705887606877 208.65846989918296 414.16153538801154 303.7347837841947 336.21067901547576 360.3323084940382 267.1687375811489 265.2582756816251 Oyster-Open 0
0 298.802916 65.405048 298.802916 65.405048 415.097571 0 415.097571 Oyster-SemiOpen 0
299.46370792689413 271.78852833877437 334.2341367753543 348.3037785702689 201.49604337551136 408.6061987485271 166.72954017840675 332.0942859163229 Oyster-Closed 0
302.0669133626543 41.93848301561484 352.17103092147227 0 420.5938331950274 69.01495956502792 370.48994964919984 115.57261348024922 Oyster-Closed 0
