216.43297436329522 167.21353867086685 210.85135249931773 80.03648136503298 295.76127381684637 74.60018926719529 301.343641722302 161.7764295263176 Oyster-Closed 0
293.4261393071574 162.90382524329505 309.40383309284516 144.7248671770102 344.67626743906294 175.72475858304028 328.69870772271315 193.90358921343147 Oyster-SemiOpen 0
0 108.63299099999999 75.44083 108.63299099999999 75.44083 226.19439699999998 0 226.19439699999998 Oyster-Closed 0
330.5257656359681 170.2881664043598 325.00919754326605 250.36428752344474 229.6604082729864 243.79447386834732 235.1782490024052 163.71969290074094 Oyster-SemiOpen 0
128.3721638774441 188.80692235556302 195.07262604881544 134.05357772434454 260.48677368102653 213.73642609919253 193.7871852597491 268.4887859021882 Oyster-Closed 0
361.88537002796147 297.96991860048337 340.39833920147066 274.5744413038935 393.3544061685534 225.94447615858638 414.8411184284887 249.33955788180833 Oyster-Closed 0
173.20180077631812 344.1855920592847 116.67853678124084 336.88848386046334 136.1099520531643 186.4092312966929 192.62940599901776 193.70609659944625 Oyster-Closed 0
170.06850747281715 356.5449289633818 182.95928182298667 226.81611881670176 346.24281169569076 243.0380483202685 333.35814421438045 372.7612507581581 Oyster-Closed 0
85.15680843819428 292.5975927713076 81.54655795899089 357.1565018056537 0 352.4729498989302 1.4231952627269493 287.91556198815096 Oyster-Open 0
408.26678171845924 140.0531579786992 360.15517648401874 136.97008438020904 363.78549961245517 80.32478614111194 411.8966081594044 83.4078444166523 Oyster-SemiOpen 0
