375.9917399136175 399.20231650196354 345.93310739567823 399.8681943585565 342.54325770578725 246.81017370849588 372.59920367419545 246.14432614314472 Oyster-Closed 0
346.34766130552816 360.983618831629 306.89690511468143 362.92746079951206 304.31217318029303 310.467654776997 343.76171184892155 308.5238427788774 Oyster-Open 0
324.1205695049139 410.5705705173407 267.51618850066006 421.1109931244827 248.41142319244682 318.5283823808158 305.01211028643957 307.98831239444365 Oyster-Closed 0
213.9530412648637 328.5349288595611 260.12104109767824 330.63587655598457 256.28371863531356 414.9410658884403 210.11572300000626 412.84017600000067 Oyster-SemiOpen 0
34.94288322502689 339.498533550693 78.95338779244048 327.91915419640344 101.67382967210506 414.2539884820131 57.663451414169685 425.8330242903382 Oyster-Closed 0
103.34761657899071 414.70372385580674 102.00501158174666 337.65216045078716 178.14034193764746 336.3259220607047 179.4848536764075 413.37553419267783 Oyster-Closed 0
99.87200332975772 4.052024451537207 119.29384952227338 0 141.65339703432983 88.19311656178564 122.2315576920264 93.0713905988511 Oyster-SemiOpen 0
20.09561398135338 43.08036339966133 57.46710087660904 44.84760927685928 53.07958772184065 137.62809944332238 15.708101122738299 135.8608666377558 Oyster-Closed 0
308.9815732443567 59.569906342093454 336.7428056571298 54.403847319739626 363.07920300529804 195.92653433503685 335.31799324049643 201.09251161496218 Oyster-Closed 0
224.332549002429 193.10786837437348 191.6072057118763 195.79559629303182 181.3720663266031 71.17167379501424 214.0964926068773 68.48398285247616 Oyster-SemiOpen 0
208.78517112706686 231.44270940874108 147.67131841505397 227.10228043114216 154.70736972222585 128.0525052811054 215.81936792031775 132.39286954386236 Oyster-Closed 0
305.0365289995789 124.39044419757282 331.2030464999916 127.70744741890445 317.8303964899569 233.19361853153697 291.66388879282385 229.87667101024698 Oyster-Closed 0
416.0001706189214 247.131626 399.64895385931595 247.13162599999998 399.64924329014684 169.511196 416 169.511196 Oyster-Closed 0
211.85557033554505 168.08950958838594 285.04849617724176 155.0463091365571 312.4978406537557 309.06726548534476 239.3050274524212 322.1100320591137 Oyster-SemiOpen 0
162.6751289043641 186.01802806975027 237.38997656698848 210.35012076739048 195.32107979141438 339.5127146586715 120.60659966634194 315.1814002800479 Oyster-SemiOpen 0
309.6417367275062 276.60561386540866 348.1702794760349 285.71154562581535 336.97207349482414 333.0852535825351 298.4435717028973 323.9794401618418 Oyster-SemiOpen 0
