199.56226199999946 88.83532200002075 205.36372194484647 58.004192647268056 261.4536998378935 68.5584358732371 255.65237800840987 99.38944421985472 Oyster-Closed 0
253.41296986212546 56.46689470861666 287.3474600017362 55.8589812700925 288.4301174359389 116.29358571260231 254.49562736750522 116.9014963136083 Oyster-SemiOpen 0
61.35313212844994 198.95095738337145 0 166.5626553257132 47.97946999780834 8.471261413008198 126.53412481774649 40.85917031431511 Oyster-Closed 0
274.4281230579363 102.49163037943947 264.58392656262004 152.4672807467998 172.78640904286294 134.38479524754084 182.63096725694777 84.40962022842152 Oyster-Closed 0
258.2715143679452 143.28040338829285 254.65464472186795 109.74453014695573 323.5139674750244 102.31801104006303 327.1310595266041 135.85364017771278 Oyster-Closed 0
166.62823395198575 164.9905472851934 153.4837839322754 128.2540700372069 213.65939590223934 106.72373380047098 226.80396776084672 143.45990870805988 Oyster-Closed 0
243.6165782394637 138.4920808499602 257.4892785720476 179.44971547433897 179.92832601815462 205.71819814698534 166.0562230334508 164.76107069226032 Oyster-Closed 0
18.918218930612056 231.44970862453363 6.329512381111272 210.48026715822618 56.672771894885955 180.25970056067032 69.26146511588013 201.22891439592166 Oyster-Closed 0
304.07964861008804 204.64736275642332 280.37941399213014 248.12283382929482 217.6821651289647 213.94617599481873 241.3824363226122 170.47128540946565 Oyster-SemiOpen 0
394.74194694673133 222.62750762326638 403.0667425145439 282.97237978281214 275.7549593669937 300.53078897889594 267.4321660531641 240.18775410323158 Oyster-Closed 0
0 318.85624185703296 57.72028788057287 182.02039599482404 187.32201479716605 265.80362728395664 98.85872672575351 402.63425224159226 Oyster-Closed 0
211.31745577593756 343.873783856106 220.52420299824007 277.2921895452326 307.85434156354313 289.36578874323175 298.64941175541026 355.9457436332177 Oyster-Closed 0
190.46783145474546 421.0011776870198 96.2953228652841 407.96458190194846 122.40533226075786 219.44097760757992 216.56773540587164 232.47685542821665 Oyster-Closed 0
299.2786057355297 329.86668433957857 325.35726373384387 283.3632284598288 385.9374147395356 317.330262948705 359.8598462869995 363.83277469251607 Oyster-SemiOpen 0
0 358.5267891850206 1.092195157729293 326.1336264483353 58.18844530653223 344.63680762484404 47.68918912043955 377.0293675676069 Oyster-Closed 0
387.91447812675324 397.8016427401129 355.59909821071415 395.35813038577425 363.4719329934378 291.27519891117953 395.78526099996816 293.71863299999916 Oyster-Closed 0
281.9016714372301 349.7567793340436 313.3588816485026 318.71128607473577 374.58783914601736 380.7385686545863 343.1314865600434 411.78319815517153 Oyster-Closed 0
49.91892691617613 374.90906369144636 78.77276589743633 348.1345427151777 115.56079920362754 387.76997808605347 86.70743734127609 414.544008974941 Oyster-Closed 0
204.2679631943356 404.0247647805218 201.4091893116056 349.4289996587131 325.2096856289245 342.9468646301646 328.0705509536565 397.54038471608834 Oyster-Closed 0
0 411.56062599998205 0 364.3067846669974 78.96444391305704 361.48902039325634 80.61754407564877 408.7415608215007 Oyster-Closed 0
