89.43193140340009 233.8580934697358 66.29271868067008 180.62633382076547 188.5414235093158 127.48871538992786 211.68098403771 180.71935658359223 Oyster-Closed 0
281.86539370462924 167.3019086510807 292.93047758921966 239.98772082976294 177.787393526316 257.51230420072113 166.72404027583616 184.82797115502672 Oyster-Closed 0
0 309.167042622348 0.25656468554007006 232.771400336173 168.0433476454309 254.04974316999466 158.3568592251504 330.44207691606846 Oyster-Closed 0
408.99279648710217 377.5189290242515 254.3404949454998 374.8197831745708 258.10974814809015 159.2821532855757 412.74790876561747 161.98118505065813 Oyster-Closed 0
82.57737952955358 251.84425908330866 145.7655206294403 334.94701895923737 19.024634323061036 431.2920098107545 0 348.1932166387238 Oyster-Closed 0
378.14941178158915 272.9822907695755 405.6639618984191 360.04386787314337 154.9956851148272 439.2343395731811 127.48957817396149 352.17997807702017 Oyster-Closed 0
132.62633994030693 54.75781300406983 193.73965170925294 39.03444440020053 211.46740456983753 107.93779282005914 150.35411754667075 123.66108215904381 Oyster-Open 0
410.58522807797635 140.22514786354023 330.85817898570895 144.42555992786458 324.63281975167774 26.246844347054786 404.3581619999968 22.04648299999938 Oyster-Closed 0
408.8493588020028 107.28780296278504 368.1168580527701 109.43382530526193 365.4914000917124 59.59865861088081 406.22358300001724 57.452645000000054 Oyster-Closed 0
59.19457603936462 171.42617372239354 12.763429189421004 182.9661584685518 0 94.01749071930388 37.08609525504289 82.47762197110006 Oyster-Open 0
250.94380685541182 174.77380393826274 236.18848835291283 108.16322489596277 322.4808510126604 89.0486402122981 337.2366470423549 155.6584968435775 Oyster-Closed 0
