69.60901583493978 221.66193445779936 44.07695067473469 17.08874130766895 273.79041864615647 0 299.32619634453295 192.98790361920172 Oyster-Closed 0
335.8958178453431 27.07400393993854 367.55764833166177 13.816085620963161 420.1628587539708 139.4438324882255 388.50110587268136 152.7016179210991 Oyster-Closed 0
177.7929075073771 71.5773105252979 243.62573674516534 50.697423460958056 274.9475831285745 149.45155408858824 209.11485649797396 170.33123086789487 Oyster-SemiOpen 0
10.685315000013361 166.74203800000046 52.647053860076994 164.05319645968365 56.0848996237728 217.7005136810352 14.123162530744594 220.38933049685784 Oyster-Closed 0
321.14088389119206 18.26699995242976 429.3126136341525 62.133803366189404 331.0511990069681 304.42705182814694 222.88034714525566 260.56186368576493 Oyster-Closed 0
93.46134120559145 212.4189323652164 123.92598479913431 136.50475587598123 305.2600631444657 209.269137685108 274.79868843248187 285.1805385399347 Oyster-SemiOpen 0
191.3535898783084 400.01213435201385 191.46263575811827 344.97300590782146 296.9417262840543 345.18084348345576 296.8345958805803 400.2180804034005 Oyster-Closed 0
120.615500119653 415.453315862389 120.24754184983613 351.7435776354482 206.44753843033322 351.2457801423057 206.81734624193996 414.95363110102284 Oyster-Open 0
203.40969468210096 414.9716726272965 203.31019972942158 397.8372503967606 229.21301193407635 397.6868267808542 229.3126645691882 414.82109086132346 Oyster-Closed 0
51.365450305613194 131.21640935282062 0 97.07802858710261 49.58391109729564 0 108.06490483774542 34.08654253749329 Oyster-Closed 0
