27.489732270289096 111.05585387027439 43.16870781693433 53.16675334254735 109.00419846314617 70.99773917132136 93.3255861227517 128.88653250598884 Oyster-Closed 0
149.36985879571512 129.76733229057982 124.28411813952698 141.7631915211305 89.32353171576688 68.65462667350303 114.40896969017922 56.658852275323106 Oyster-SemiOpen 0
157.41769424648373 195.19750088124366 103.77345362619235 169.8528500258972 164.29980075510684 41.74891824288143 217.9427876974587 67.09323020931411 Oyster-Closed 0
292.73234986917305 45.703832923094154 355.5581231525066 76.87143200410277 297.00859067197234 194.88909701442753 234.18308865806466 163.7219172862774 Oyster-Closed 0
191.9350613850147 170.7471510639287 170.88657512823556 96.67290505722328 226.55112508560705 80.85615125618044 247.59989288084034 154.92989956670544 Oyster-Closed 0
35.22062713604828 185.8046324604897 29.853949916338024 115.7491083396342 113.90851713313168 109.31025616732306 119.27589762319985 179.36498336713603 Oyster-Closed 0
147.71718803554904 192.63023528570855 139.58055571647492 176.00472711182843 184.34493338183165 154.09784332622246 192.48158997734208 170.72322494382274 Oyster-SemiOpen 0
270.9485720232442 153.7947282643725 343.1735361606152 140.4437311944742 376.93616586076314 323.0756763898257 304.71134392971 336.4261764924445 Oyster-Closed 0
329.2197791083745 73.11088924614137 417.75723650871805 81.9093066840566 383.93117192787395 422.2691726305787 295.3938208715372 413.47136978815706 Oyster-SemiOpen 0
153.89402899998822 190.15011100000206 249.54747426176982 131.16310588965743 382.50241689879476 346.74372143308824 286.8517517734472 405.7272637035626 Oyster-Closed 0
20.323516739936167 412.55335344037064 23.172179844816128 169.6543106644033 299.2942071656762 172.8932232517569 296.4627179388008 415.7743576111019 Oyster-Closed 0
358.1045982507785 258.4654055494265 420.7277132803247 260.9439364589315 414.5822952694434 416.1870295486743 351.9591868504722 413.70861370958573 Oyster-Closed 0
5.518204598396551 316.1374399212125 25.037517398086493 315.79680049508596 25.839733202614298 361.7563913492685 6.320420475094579 362.0970261138673 Oyster-SemiOpen 0
45.06035700000575 412.8415040000199 45.9103900613336 340.2173930997611 167.1388918384837 341.63422783345914 166.29180380264006 414.2555201499865 Oyster-Closed 0
28.43984314388581 413.5941041156568 4.9171915533952415 412.27289635865213 7.38628680664624 368.333840438661 30.90822440973716 369.65502803215213 Oyster-Closed 0
169.2449450035383 31.644820516116145 153.5579015830699 81.34130345760093 68.79278088559658 54.584475482219084 84.47992251030155 4.888156228174056 Oyster-Closed 0
303.2779169999885 414.27782600001876 303.1583846828362 393.61638319395263 365.5756586984353 393.2549162726223 365.69564703080687 413.9159005984556 Oyster-Closed 0
255.7917769509404 66.62983743094009 232.04319848468003 58.788498573087864 242.96519015243757 25.709987198935035 266.71370585897967 33.551314756255486 Oyster-Closed 0
26.990578643519257 131.22212756441508 0.3143914460706583 130.16176270304192 5.434380421658716 1.3618168515311875 32.11023847469551 2.4221761062020573 Oyster-Closed 0
