0.8780364028825716 149.51869756271626 0 102.21446556182528 57.074731604421686 81.09318642255035 71.26915611317236 128.3970745868103 Oyster-Closed 0
288.1770766835143 132.9130879607632 284.2896791168241 114.02392690803151 389.7763831669545 92.31470535937804 393.66392977560827 111.20366742968366 Oyster-SemiOpen 0
184.4528977233058 74.28267406795895 199.98176984378006 127.72247994153376 86.2775637764862 160.76148518185803 70.74945490578466 107.32232793956612 Oyster-Closed 0
204.222249560793 144.03215156305666 212.99394138707794 105.47873673655549 357.8081811180746 138.42504321275615 349.03730011100924 176.97776243455627 Oyster-Closed 0
208.76564351218622 192.8102178231143 188.63492464367664 193.4894494126936 185.4199338502367 98.20327182921046 205.5501449999938 97.52404900000036 Oyster-Closed 0
34.01303200000257 134.04304200000948 66.38615817839673 111.68968396326832 121.40971448546043 191.37410587123443 89.03684913890902 213.7271521843994 Oyster-SemiOpen 0
104.15030615322758 130.09271623163258 155.0011540810592 107.67028877337192 211.23499940919282 235.19448802468295 160.38443950841975 257.6164161296998 Oyster-SemiOpen 0
0 181.43828364787183 20.682222997358622 127.65417303943408 114.29679961814327 187.38595692597488 79.97862070141491 241.16909707146462 Oyster-Closed 0
198.9042886394309 225.38767159081027 208.71663010250631 141.71689623881673 369.4728406599497 160.56753971325173 359.66305569225733 244.23592162423827 Oyster-Closed 0
190.40878836365664 253.15142076943144 231.50436890879791 184.56011384827227 366.9579481768633 265.7064278799935 325.8651933522124 334.2952727578397 Oyster-Closed 0
55.12651930723587 254.7738379008778 105.34599965570669 206.8288164203194 192.03938374052814 297.62429231722075 141.8213891193045 345.5678138303569 Oyster-Closed 0
151.32404305844466 37.88476481268565 151.80500104379098 0 252.15020362594078 0.1989462709566598 251.66931526480766 39.12449324634758 Oyster-Closed 0
146.90297082614052 336.57905888815253 100.29196484771819 388.33229308140005 0 276.70484295798735 22.941234881131095 224.95390667693002 Oyster-SemiOpen 0
313.1852982621458 344.5875675659519 245.50593954165015 414.27802395383753 145.54826273754225 317.2203726057331 213.2250398185679 247.53268884018402 Oyster-Closed 0
0 401.7985649999893 0 335.6699894188292 78.73435492047793 334.2673519660465 79.89692460039805 400.3942508007613 Oyster-SemiOpen 0
7.273081000010279 71.78706299998353 6.834413453798334 46.84677046089635 51.11404344401308 46.0679315081333 51.55276678201699 71.0081670639276 Oyster-SemiOpen 0
80.37278193707971 98.6553571062837 34.549933521924686 77.6493850782851 66.47335975157694 8.01198158068522 112.29589930144357 29.017866067045738 Oyster-SemiOpen 0
144.4405793626138 50.518078553432495 161.47356999231852 73.88927154734169 90.7962369119341 125.39821555087795 73.76341460002732 102.02717283278773 Oyster-SemiOpen 0
