0 86.454671 53.674562 86.454671 53.674562 152.676715 0 152.676715 Oyster-Open 0
230.91419941435015 120.58420843700698 211.75244773560553 145.51781196825326 154.31692907469187 101.37872811567954 173.47860364593726 76.4452989935194 Oyster-Closed 0
192.9623437682967 83.65549234959053 237.6042837662426 54.40799881016292 303.7923266443977 155.43234367850692 259.1506888051117 184.6794669067013 Oyster-Closed 0
284.6431501058396 125.85708788132223 343.1004629125564 63.15117396002465 440.1565520447148 153.62923290673754 381.70028243597335 216.334148847372 Oyster-Closed 0
111.19390234418461 25.196859517056705 119.01005852071467 5.567964694258888 161.83736493777542 22.62162813083293 154.02123061042585 42.25050470691989 Oyster-Closed 0
30.849717000004603 222.37356799999037 13.808404215760675 146.5705108010888 165.1208001502091 112.55385924968189 182.16336978665277 188.35545558474436 Oyster-Closed 0
301.4363762026878 237.75333660177597 240.2501124538867 204.6523442089912 292.80924057851735 107.50593935320194 353.99387899386784 140.60639035020594 Oyster-Closed 0
0 144.908956 30.801767 144.908956 30.801767 242.00211099999999 0 242.00211099999999 Oyster-Closed 0
33.729121591342846 246.27873603858623 74.60207958636602 154.23530503475223 207.31721751971781 213.16453444795147 166.44749429404692 305.20520475420966 Oyster-Closed 0
386.8886189286459 257.66292920630264 331.32897349967243 265.4594213361811 317.3805388592082 166.06112913431855 372.9381527982114 158.26478084754 Oyster-Closed 0
379.3600402858574 206.11000590832526 408.88803277463376 205.07769899844234 410.43920057627474 249.4432867024226 380.91120848117134 250.47558443946477 Oyster-Closed 0
230.06568841083572 20.414135187032734 270.1746502215901 2.962900283170799 287.2852001581705 42.28882286730658 247.17624992316996 59.74003717215188 Oyster-Closed 0
0 298.6336469696033 59.78422318257071 233.80074574141508 132.79467042020406 318.8811776703834 57.23512656501043 383.712098536646 Oyster-Closed 0
263.38966233386236 288.29083323545314 305.67336678890206 261.78760655005885 378.6120507925116 378.13541333760685 336.3291867279913 404.63758238951704 Oyster-Closed 0
202.8485982668608 419.6465981413583 200.1450300597644 367.97670699464186 312.4438911344405 362.10082392122507 315.1493442054016 413.76874938112326 Oyster-Closed 0
120.97312399998555 416.0000000000216 120.9748982652527 387.21095852939857 225.23515369625238 387.2153262721041 225.2344392402665 416.00333938750225 Oyster-Closed 0
10.56790500000352 90.69101699998203 15.293105448356073 58.97616456650426 87.25827676377958 69.69803442387152 82.53325704882081 101.41272946060644 Oyster-Closed 0
350.91208246642054 41.9884001114945 356.08286729091924 90.72225935194088 283.52615245457855 98.42036544408404 278.3556052713502 49.686723932321655 Oyster-Closed 0
128.45740692872278 104.2257995488939 117.97013742752824 70.47534292376317 181.18004376267345 50.83429839485919 191.66739691308248 84.58459932781008 Oyster-Closed 0
