249.28505556118762 94.44615560655485 300.1696935230939 68.53487361017797 379.00998504097515 223.35657435717903 328.1257695250133 249.26723989629266 Oyster-Closed 0
0 142.907924 53.09974600000001 142.907924 53.09974600000001 266.78394 0 266.78394 Oyster-Closed 0
330.34838202982064 278.37464877627826 299.9327927787235 229.884464963905 357.4542031655874 193.80781234475714 387.86971811895273 242.29730689842899 Oyster-Closed 0
197.03853979439373 258.24471203385065 203.43384482964393 202.72640008265554 318.4240151252852 215.9704991157857 312.0301735212706 271.4874810498976 Oyster-Closed 0
398.31602355919676 228.73170707883543 423.41805789016144 271.4918210614089 344.899933521996 317.57791861993434 319.79896616999395 274.8187312474121 Oyster-Closed 0
96.20107049314174 399.417008881011 39.719731602635875 327.3535184272569 190.8711363497132 208.90663594297968 247.35065623735863 280.96634077846 Oyster-Closed 0
166.87591214674103 418.6983026934072 123.2594759039639 368.5570079143106 225.02071120667824 280.05841912912985 268.63571752289135 330.1976239415008 Oyster-Closed 0
392.86748570818963 426.35198247503183 211.250416920524 415.77638886886325 220.95839328728107 249.2109638109817 402.5578900518376 259.7860530922119 Oyster-SemiOpen 0
156.08329446734933 183.29031957039382 101.45804866575054 181.6621524020774 105.07902680819461 60.20341552936391 159.70290254625434 61.831562780471714 Oyster-Closed 0
0 92.88135875504372 67.81265278688807 36.37013593381864 151.07120579526236 166.8949846916381 62.47763822448542 223.4051804401196 Oyster-Closed 0
