332.4999159916224 152.1548737994553 373.3486808245616 101.91183286859756 412.31159512478916 133.5887312097444 371.46317765616914 183.83145023837744 Oyster-Closed 0
416.00041691489605 214.68954400000007 389.3461969980708 214.68954399999998 389.34650327336567 124.57591500000002 416 124.57591500000002 Oyster-Closed 0
355.9912741136177 273.1988873485034 319.7570958459328 280.7053767341217 296.4409951949201 168.164761651571 332.6736350000174 160.65843499999625 Oyster-Closed 0
382.8508679469269 260.5040579658137 387.12808848288114 202.53361204463314 418.4663784446748 204.84573256797046 414.1895578555268 262.8158007796831 Oyster-Closed 0
188.0219317165538 208.19398942717487 225.65563738119818 189.54585144248995 257.1355578716939 253.070017784215 219.50203270510974 271.71788666686484 Oyster-Closed 0
102.38497799996185 178.63714300000441 160.36864965870336 163.25417205378986 192.31669199887983 283.6679297543441 134.3331837652113 299.05051508043897 Oyster-SemiOpen 0
149.24579622271995 222.86714862196052 188.80842747250426 205.9877560789815 221.25022929307306 282.01845126634464 181.68777434020012 298.897533188718 Oyster-Closed 0
38.547563194115355 171.3569122746328 137.77889315428183 179.08202858478631 126.14071302847151 328.563506005713 26.909408492560033 320.8386409665223 Oyster-Closed 0
0 246.11178663699937 0 225.93996399998264 26.22239590974641 226.52006861718385 25.776208928738924 246.69178064030757 Oyster-Closed 0
288.94156400001157 262.9552189999959 338.1198345657176 251.57281521599248 354.7742307339613 323.51892122817395 305.5960319309961 334.90110751635314 Oyster-Closed 0
209.74409981973076 281.6127260012629 235.9670409678547 257.3360197198932 268.87034966013016 292.872297561887 242.64769524676376 317.14870676534605 Oyster-Closed 0
0 247.10457900000003 32.601453 247.10457900000003 32.601453 275.410649 0 275.410649 Oyster-Closed 0
312.2769637633428 340.46107770571746 268.78880683528405 353.46599679362185 244.54452057526942 272.40409857083745 288.03081560023566 259.3994767288473 Oyster-Closed 0
347.0889498110664 281.11179583223486 389.1581096510781 296.00196024857263 362.12787711798956 372.35626891455684 320.05889164700784 357.46645347606545 Oyster-Closed 0
195.74040747098115 339.22029099416625 118.47014711578231 345.97639230937546 115.2675240155113 309.34292220930257 192.53615932546745 302.5868926164813 Oyster-Closed 0
0 272.259506 42.397616 272.259506 42.397616 342.966467 0 342.966467 Oyster-Closed 0
226.55388427985963 373.6265539203621 232.5548292534113 334.07687804989945 317.94172922556027 347.0295738071632 311.941999500581 386.57815178937045 Oyster-Closed 0
120.55243386341317 335.08696419734383 105.58175827252126 376.5358615129891 40.446439566228946 353.0140727018785 55.41750299999694 311.5660570000149 Oyster-Closed 0
225.0025760889257 411.1810297023803 173.9594533708405 424.8573438095234 151.91311230619976 342.59136157989246 202.95343576827509 328.9154478854872 Oyster-Open 0
0 336.986769 28.642955000000004 336.986769 28.642955000000004 398.880113 0 398.880113 Oyster-Open 0
256.00133227865444 402.36897231518043 278.37745389797783 413.45792500622014 271.6202863049439 427.08889125548995 249.2442049999736 415.9999999999989 Oyster-Open 0
