0 114.86140435368445 14.332503660025395 58.93939952495759 84.67523762942074 82.90001011329754 65.6268527545144 138.82165203104208 Oyster-Open 0
175.59122626591852 107.55212626850741 195.66549037595905 86.45970699282248 251.9695164115874 140.04458987059078 231.89543360922835 161.1368312893174 Oyster-Closed 0
215.55692700000873 97.71660699999735 259.3720780159092 73.5073494763974 320.95289468052215 184.95644250533766 277.13801952134963 209.16531765364346 Oyster-Closed 0
305.1549304047876 155.89476383176952 365.2626074958389 103.75232903504465 458.44494032198054 211.16450400537238 398.3384010562222 263.3057577022255 Oyster-Closed 0
135.21418153530976 23.590958657718158 145.28428301436725 6.513529605538821 186.63207487705222 30.895186781255823 176.56199535793712 47.97259694255402 Oyster-Closed 0
47.544287000011536 204.0691429999864 44.68331435971777 125.52704445439574 192.16100900343372 120.15395816254106 195.0235467682469 198.69460579962063 Oyster-Closed 0
317.9132706916025 268.44208949705717 255.84711350793805 227.85266117417942 312.45427385678704 141.30215195061737 374.5187558446596 181.89083734632226 Oyster-Closed 0
9.911623110889195 121.0186935517799 50.175358292955934 121.25450900380125 49.59912904495286 219.63690893547417 9.335393771420058 219.4010969872199 Oyster-Closed 0
46.064568059893645 226.0935950724196 96.75048094635349 146.53122410938926 226.49188331873665 229.1780698000416 175.80881287738885 308.7379508732062 Oyster-Closed 0
401.6156572568143 303.53441247668724 346.5800361466863 308.92445399151137 336.6634910469802 207.67070760184495 391.6966519644229 202.28078610919943 Oyster-Closed 0
416.0001963025352 298.89511699999997 396.19806078571855 298.89511699999997 396.1982739877203 256.7349469999999 416 256.7349469999999 Oyster-Closed 0
310.24275509300423 69.26333537285745 271.94419652295255 85.93096420755286 254.23604377318406 45.24157614670718 292.5344499026505 28.573985579337077 Oyster-Closed 0
0 272.1663884363269 74.35600454851374 218.4553678404917 143.0916931308857 315.1331847966937 67.53824489862382 368.84255628346915 Oyster-Closed 0
277.8493666510258 314.9379910154288 317.88829220081243 292.2030413293416 381.0069015562258 403.3400973508141 340.9686468043583 426.0741411901888 Oyster-Closed 0
210.93629386686007 415.99949660577187 210.93764102302157 386.83314692978445 310.48421661852626 386.8363755090683 310.48389298175243 416.0017081998095 Oyster-Closed 0
127.19835599999351 416.00000000001216 127.19950421377871 397.7552836871282 234.1572363801497 397.75980348601604 234.15678690631466 416.00383626275595 Oyster-Closed 0
32.65111599980446 70.05970800000783 42.451386534332414 40.83855755728509 113.51463738999882 64.67170771360712 103.71451826751218 93.89273049699999 Oyster-Closed 0
377.6126020784941 85.30631562329359 373.7048836680842 133.8979795431766 300.1904279928567 127.98569554451308 304.09845054499965 79.39436862089934 Oyster-Closed 0
146.89233991148285 105.68746429357522 142.57264485848282 69.78363444790035 207.63976519833523 61.95524504759353 211.9596095190318 97.85889830053354 Oyster-Closed 0
