179.47124489526686 144.16807477646432 141.25528948416104 186.13790778298397 74.43334956005128 125.29416526044376 112.64897624028163 83.32476198938423 Oyster-Open 0
367.3703253348722 78.391024314528 391.3623086052685 163.7024675636159 276.81026885049505 195.9151126224537 252.81968730740118 110.60484721550401 Oyster-SemiOpen 0
61.162843019134016 115.64337251757534 68.92117888921348 198.92772828507205 9.779339376596909 204.4361706418791 2.0217440608830657 121.15248488489472 Oyster-Closed 0
361.55713632156403 181.24297476110354 336.3854561477456 246.3962880816782 196.25491069950294 192.25877753111894 221.42719189772106 127.10714204487293 Oyster-Open 0
128.49187173249084 161.77950622667294 203.33272687339195 160.9105162305556 204.52751386196178 263.8028411845398 129.68665859979956 264.67181418386616 Oyster-Closed 0
311.179740780015 266.05916297111054 252.0026525413923 321.27496679784554 151.15778856585894 213.20413541928644 210.33273673407894 157.9901235831663 Oyster-SemiOpen 0
411.30731599996216 0 411.30735303302936 38.95494609611126 289.2583727281781 38.95489671134955 289.25841900002706 0 Oyster-Closed 0
191.96286400226018 299.2766294488005 154.323665234464 347.11720909293484 84.67699551422265 292.3291421602685 122.31563311123682 244.48968223373893 Oyster-Open 0
350.6619009154638 0 350.66234124004404 106.15934289922191 199.2591779075592 106.15901454007725 199.25951363852073 0.00009717145462108529 Oyster-Open 0
255.92647146505624 103.42323336208997 224.42316563918575 166.23756200488208 104.5557772563734 106.12058161247973 136.05922027807537 43.30699615395462 Oyster-Open 0
