59.06010607268399 183.87362246843617 6.639096546645305 164.96740617570916 36.54400475864895 82.05498231772793 88.96399189973454 100.96099204832974 Oyster-Closed 0
396.8454006441898 121.4131257827199 397.33788552262195 140.75735064287844 305.13986398400084 143.10394828484857 304.64759096097623 123.75992959334906 Oyster-SemiOpen 0
177.8953913999394 168.95778924722458 147.30448924294615 133.3354077676524 204.82930193812717 83.9372788551939 235.4200073640568 119.55935914083922 Oyster-Closed 0
67.24135526916871 181.99876265251638 59.43858745778198 132.6448925863759 102.24405660570847 125.87774703101987 110.04705853214546 175.23131726583156 Oyster-SemiOpen 0
258.0407882209729 207.217311380081 239.17840517540026 208.12070789542423 234.83307941851672 117.39241981242303 253.69499368812467 116.48903422490861 Oyster-SemiOpen 0
0 127.48784 17.858886 127.48784 17.858886 203.847278 0 203.847278 Oyster-Closed 0
128.083454000036 145.46499699998836 154.99403570754657 129.48388396472086 198.45441550764372 202.6634150406476 171.54398975104777 218.64432175753728 Oyster-SemiOpen 0
256.8358477943366 243.72402764371168 226.64579729062098 254.05080666170417 186.89165029878131 137.83747570064142 217.08059112430055 127.51090028990727 Oyster-SemiOpen 0
186.94756779335148 226.08912862864267 136.52986698623863 262.5012681323032 77.40973596279582 180.6460344190778 127.82621707600993 144.23452363283602 Oyster-Closed 0
247.20732252860034 220.84227158909138 268.43958080839366 153.54174132011684 377.9815959983498 188.09802899409934 356.75096602569465 255.39717520563167 Oyster-Closed 0
0 206.542607 10.541635 206.542607 10.541635 251.91050099999998 0 251.91050099999998 Oyster-SemiOpen 0
374.4035010000007 208.76653599999062 393.90099264925084 198.759417073769 418.0768613072796 245.85880760445644 398.579442311453 255.865820619508 Oyster-SemiOpen 0
243.167452114325 255.54384275335207 279.5844999891633 203.147874692689 379.9009315145595 272.8631759006634 343.48551697044604 325.25767499729193 Oyster-Closed 0
221.86413126554908 337.0257453885894 182.16532947283122 374.89383529262136 82.94326157786054 270.8902613890895 122.64041075607383 233.02364269809212 Oyster-SemiOpen 0
0 170.715061 105.65782899999999 170.715061 105.65782899999999 416 0 416 Oyster-Closed 0
366.54306211424773 360.95494558916005 310.00577629086183 414.6102061838173 209.29494078813877 308.5073481363522 265.8296990812305 254.85431161787446 Oyster-Closed 0
396.18609365407974 352.3009748091797 369.93235976463984 350.77214153274065 373.15490917889474 295.452187681106 399.40781428776245 296.9809967324106 Oyster-Closed 0
240.78153352160007 5.283606053651834 267.0089629136055 48.60250670543007 230.59987993731556 70.64626365344063 204.37252286810326 27.327426119563537 Oyster-Closed 0
109.2326119613681 37.61199153881507 95.59916946608791 81.69934357138453 7.873952668462152 54.57133236485524 21.50748591723095 10.484150618149066 Oyster-SemiOpen 0
96.62092286428015 427.1208519991453 39.291269086505054 415.915983779055 59.42008523493132 312.9625030562692 116.7460669896027 324.1670105398813 Oyster-Closed 0
100.38447500001712 415.9999999999827 100.38832392439872 327.5306095300163 188.90088210211252 327.5344511033219 188.89957198251795 416.00130433250325 Oyster-SemiOpen 0
103.57475006660025 92.78933500600802 99.5799615064534 76.41299810611166 135.53839680205056 67.64149127987079 139.53321407119074 84.01778541250951 Oyster-Open 0
162.50748381897938 115.5023064719558 129.86198858000716 108.47194789959522 144.62044104604138 39.94258704584375 177.26565443593427 46.97291559180823 Oyster-SemiOpen 0
38.59788525056865 90.7971667673191 68.52327439521832 54.4739783480441 123.84796961991378 100.05345000655818 93.92281018031645 136.37642186373563 Oyster-SemiOpen 0
159.79448999997476 123.53440799999197 149.5231776184046 103.32281477800048 196.40718645209927 79.49725824857605 206.67851431375675 99.70875821218506 Oyster-SemiOpen 0
133.48662973051978 6.3584584853025525 133.712984112095 45.298211035051416 60.172646634851844 45.7256073306018 59.94635694447061 6.785928104867033 Oyster-Closed 0
16.914221488452313 142.12008192967613 0 123.24237503714181 5.101428453479457 70.35037791688416 43.15396274532395 89.2279923743911 Oyster-SemiOpen 0
