23.664873402834928 121.06956624417153 96.86151451278056 104.9502702076067 110.66707946615497 167.63856080537317 37.470488792176184 183.75772438424372 Oyster-Closed 0
295.64055897175786 153.98367942129067 359.16741189575623 139.10877768547485 387.18364267755896 258.7512834602832 323.65688907180083 273.6258551925735 Oyster-Closed 0
367.9199603861707 189.06122298483834 393.0022439500317 182.58590059736488 407.87017253379236 240.17280153492902 382.7879163314792 246.64805120284933 Oyster-SemiOpen 0
218.93865689182348 196.267723969807 88.6345990263726 306.75891479167063 7.686972985851753 211.29900531370308 137.98762761522448 100.81011497600977 Oyster-Closed 0
340.0655465719028 246.85080588757054 267.50274026218176 293.84759801252824 212.58850749170233 209.06554390910836 285.1492100300893 162.06964639989928 Oyster-SemiOpen 0
0 181.338795 22.848569 181.338795 22.848569 228.155356 0 228.155356 Oyster-SemiOpen 0
372.093395760563 359.93679364764836 348.6131216348622 355.27187676400536 372.0211505003863 237.4742116104591 395.49997099997563 242.13897899999964 Oyster-Closed 0
234.71769213771404 462.289821050874 143.54267750000145 379.9860952138495 280.4910576403199 228.31329737535674 371.6601021873539 310.61226602530814 Oyster-Closed 0
122.19623146839513 201.3459707761145 236.8392237923581 255.9089226313366 146.09515900622864 446.53815452203014 31.454454333539616 391.97848964243303 Oyster-Closed 0
56.491892224396 407.10188445540126 0 392.6591084343829 10.136705366661772 260.09808054512877 82.83038280028268 274.5402787105257 Oyster-Closed 0
334.69983766485893 351.8077161531271 372.22728839402043 359.2624740034605 359.4860559267545 423.38582860858924 321.9586534225782 415.93123591142444 Oyster-SemiOpen 0
177.52084376458515 71.30601572576221 186.88680314187877 14.921265301306937 276.1213295433372 29.743770321685556 266.7556314411704 86.12827775590364 Oyster-Closed 0
110.54064619784185 0 183.08141515442912 14.433296556320226 151.04937301420796 108.09071719024318 78.50867764868963 83.28105976502825 Oyster-Closed 0
405.46014453593307 141.51679705994223 357.76855992454875 137.90300256018364 363.1310163202834 67.14012393831652 410.8219840000238 70.7538950000012 Oyster-Closed 0
298.42075457811734 157.86171922298402 283.87288417648233 65.18224525976139 356.05259707573714 53.85253782090909 370.6009718133937 146.53135287028965 Oyster-Closed 0
23.26549500001056 118.99185899999942 24.29335227795673 73.62214736356863 116.84247052815408 75.71861068627555 115.8149786606773 121.08797407145393 Oyster-Closed 0
198.9389056048458 72.2474852626069 230.4012654007347 119.68178737723557 178.28506901804212 154.24844055866558 146.82303900001716 106.81443099999673 Oyster-Closed 0
208.68123249609198 179.19367400864923 211.82721535687233 100.40873624912328 280.5414209586561 103.15251912395303 277.39614076093494 181.93678543312157 Oyster-Closed 0
