350.17703273080406 238.20526817163415 292.28795121267467 246.10974471683048 269.2585322676059 77.44998410428259 327.1451526537021 69.5456667934152 Oyster-Closed 0
0 119.210373 49.693574 119.210373 49.693574 244.697386 0 244.697386 Oyster-Closed 0
350.1281585868128 193.88991874242464 381.22503178645275 238.434183556446 322.4416857327669 279.46676414128655 291.3455653382698 234.92317093542843 Oyster-Closed 0
189.32356703293408 246.43706212636283 199.48898964536056 190.83855328445094 309.38696409241675 210.9295860329983 299.2229516239677 266.52685877217647 Oyster-Closed 0
391.2031626505668 229.44379974599448 412.01695500984715 272.5746860623392 326.5917523457756 313.7916605749267 305.77909645128966 270.6617408506953 Oyster-Closed 0
66.91857197595891 379.68147214783005 19.115832275787398 305.7967326758261 187.24561372802782 197.03471305789424 235.0477240545697 270.9156093014777 Oyster-Closed 0
211.53629271283717 269.5217341445251 248.72736591557623 321.32249152445917 134.05077558505218 403.63693831205444 96.86212629957663 351.838360988306 Oyster-Closed 0
181.1882378648661 415.99992464868814 181.2053565378519 243.556754112568 382.24429291092383 243.5758660083966 382.2372209521345 416.0089943663037 Oyster-SemiOpen 0
156.66279297284927 171.8937820936901 103.4193135764508 162.52836659029467 124.98970643202483 39.90454166736444 178.23202817495257 49.269855931939716 Oyster-Closed 0
75.14363432540267 202.84434207073664 0 143.71848265298038 56.47368686113259 18.655989034550853 152.30457372209275 77.78098155473619 Oyster-Closed 0
