0 34.88729752338003 95.38056944549317 1.2396286281669515 165.18180958591256 207.30340444495005 65.84732467150752 240.9502509935927 Oyster-Closed 0
393.4516511146285 154.40163999128086 394.8227297579724 214.9269034605497 306.2339042928652 216.9324376082546 304.86371436736954 156.40802748178467 Oyster-SemiOpen 0
257.551978466694 305.38646181135994 162.4639765983884 215.66286675478563 247.98735191840387 125.03518524292596 343.0731534306178 214.75685690472736 Oyster-Closed 0
66.96990999648551 307.7145260834369 17.228161880888365 312.18870465580613 0 100.65316438143246 47.93906733181211 96.17917264149743 Oyster-Closed 0
254.5755282662285 415.26953522646534 193.50931582238627 414.94918338628725 194.72907764986667 183.22771616631658 255.78799955581053 183.5480491672641 Oyster-Closed 0
251.23816995478774 415.9999216019704 251.25122771433234 247.2428272257542 408.95171656579623 247.25435628193875 408.9463740494575 416.0040093957323 Oyster-Closed 0
161.08074405230582 417.31840666321506 61.13860920426305 410.1832674021655 67.274736651696 324.29415899598763 167.21136081968507 331.429102820294 Oyster-Open 0
175.21052099997905 415.9999999999885 175.21300219968543 348.90070516998975 246.8511439247195 348.903072352275 246.85027842359705 416.00077689005303 Oyster-Closed 0
49.765314752079576 405.62798531619524 22.895516205273452 411.041663218803 5.414706126994133 324.29541458433914 32.28304763842607 318.8818862100843 Oyster-Closed 0
173.5095208136372 108.90816758968737 111.59910452844997 103.83930804035568 119.3400794838708 9.296522588167962 181.24987803947442 14.365356476295297 Oyster-Closed 0
274.7954689713988 34.086292176527046 370.5928513864055 38.61297450177511 365.7173102159977 141.79214802816261 269.9199273330196 137.2655021964583 Oyster-Closed 0
358.16406140870095 147.36983015661855 377.5563815972928 127.74305117057507 418.4984491348805 168.1944326227305 399.1062888528504 187.82105363617583 Oyster-SemiOpen 0
