20.652962667587417 159.34669753915213 85.09988889114175 123.25200479171033 117.00967641696116 180.22451714643276 52.563019213259395 216.31885092804953 Oyster-Closed 0
296.10407704518366 129.6762169190531 351.75495221200254 97.56013260161637 413.9990233523167 205.4126577625111 358.34855225669526 237.5281629562059 Oyster-Closed 0
430.81079917780517 171.92970001352816 413.0227325241067 192.87559860749892 371.17019777744645 157.33432164563612 388.9581585477317 136.3885889811314 Oyster-SemiOpen 0
232.22108795462555 185.5465595323301 139.13947666003514 322.3219226317311 32.400130787580565 249.68405387143002 125.48104452295593 112.91180050563571 Oyster-Closed 0
286.3364067620314 137.1185225322384 364.99219208141585 205.95155246667264 309.72232558330506 269.1032395018191 231.06750117956472 200.2712203248169 Oyster-SemiOpen 0
2.9137264203600353 220.98702307914434 40.59997877095884 217.246104072381 47.1872546300001 283.5998973929509 9.501011902302707 287.3407612320456 Oyster-SemiOpen 0
416.00040647111746 300.420775 398.65086762273495 300.420775 398.6512987523274 191.03114200000005 416 191.03114200000005 Oyster-Closed 0
325.4142195322929 437.8993589963952 212.10798164576408 380.89512213201857 301.70593046942304 202.84992234138733 415.00190815220776 259.851103907912 Oyster-Closed 0
139.23950895540474 217.08414004709329 267.7347002646384 237.62328051893326 236.9719973262836 430.0466601228417 108.4771370838098 409.5086466893628 Oyster-Closed 0
22.151122583716642 415.69784077169345 20.044307584154012 294.6325679782843 132.2264412556724 292.6815055075025 134.33746340772996 413.74237278199706 Oyster-Closed 0
416.0005457827756 392.57547200000005 393.11671437969926 392.57547200000005 393.11735447997125 307.409992 416 307.409992 Oyster-SemiOpen 0
249.56168669513863 29.30612977790273 240.26955584110328 82.79524901300803 145.19078325355804 66.27792676832668 154.4830869075122 12.789006146695835 Oyster-Closed 0
66.39679923514632 15.29787807510528 144.4795377011542 18.315026202663436 140.71549870929812 115.72649184317322 62.632763969988446 112.7093604087025 Oyster-Closed 0
408.1724140407641 89.493598127783 347.32019070232127 95.53475804857932 340.19677925982614 23.779216245367717 401.04856022303284 17.738078670711023 Oyster-Closed 0
258.7416790000134 44.87507100000262 325.3539667466648 14.70485105724629 365.3677810861336 103.05019829873136 298.75562621734935 133.2202216349633 Oyster-Closed 0
19.39347200001066 156.98345799999043 9.964477476431057 112.71458497817223 100.35309613234494 93.46260052811236 109.78242032931666 137.7310346674919 Oyster-Closed 0
136.17216599996755 116.8424760000039 171.0635130076298 68.9807204949649 220.02506148041357 104.67326303098767 185.13403596622084 152.53472818358597 Oyster-Closed 0
216.64262434930424 172.0455105783306 201.59817785645646 94.94703499484639 269.08109017557945 81.77927636947898 284.1259864079111 158.8771626675292 Oyster-Closed 0
