247.20496437023394 156.95909076139927 217.62440114673882 166.42592854622188 196.33023584425973 99.8906031314303 225.91034885575937 90.42384463610067 Oyster-Closed 0
247.59513810187127 156.76448270740426 228.3370315185566 98.70951727864495 293.3593342437307 77.14074101595693 312.61764310277795 135.19527699228033 Oyster-Closed 0
368.72697094657997 179.67680484862075 328.27101347034113 165.88901127500722 351.5050966784438 97.71963075945641 391.9603804000071 111.50729713293424 Oyster-Closed 0
196.337301913798 233.7815524751816 123.73120125424248 218.34644777699063 142.88312003064493 128.267820208248 215.4872300270581 143.70271014324865 Oyster-Closed 0
91.92269801188013 261.6979532804241 32.731376229152374 256.3175824309061 38.869609312238026 188.80553526386987 98.05937887865366 194.18583591805168 Oyster-Closed 0
0 211.35113394786342 51.50436674943194 204.66768759012103 64.08722060310174 316.1903240228511 4.844778164359013 322.8735932215179 Oyster-Closed 0
341.1149244090848 128.8811877713636 372.10303831725105 265.3179644963323 273.0679034883178 287.8070148563303 242.0826857503671 151.37272355557687 Oyster-Closed 0
88.57988787028444 275.6627123630048 92.1034331952651 208.8336702690552 196.8010148600224 214.35311127774085 193.27906414426616 281.1805959297531 Oyster-Closed 0
149.4436674820936 225.66691445773833 205.91960329787617 291.8605967656674 35.34104914690761 437.3640630187815 0 371.17465672470297 Oyster-Closed 0
319.55017601384316 227.38989956519688 351.5161287259871 282.3289138043531 206.8951492744709 366.4583957105321 174.9319419800122 311.5217761992607 Oyster-Closed 0
63.61223514784433 102.56077621161864 25.70358970147572 106.83800960069837 20.101172215057886 57.18381418444832 58.00956205833063 52.90659503567293 Oyster-Closed 0
75.97701913543642 94.40826742762845 71.76856204884098 132.67306309387683 29.68274393992033 128.04428194378596 33.89133854924148 89.77963680578041 Oyster-SemiOpen 0
162.27369167716824 79.35563369546404 195.07040245504686 52.24510225686242 230.06566366179322 94.57987100587914 197.26905713157976 121.69028880843265 Oyster-Open 0
133.23517223814997 150.78040531138834 100.1832391399912 166.68633321680926 69.53756344123758 103.00716481721908 102.58906583776479 87.10135785011235 Oyster-Open 0
39.66827435898085 183.80452583737684 62.35579175317616 110.2100996451411 109.78781059538596 124.83198686695394 87.10089521473856 198.4258862994625 Oyster-Closed 0
27.66971963258038 214.43587277936433 0 201.01069565564512 24.979819374952058 121.4066660942738 59.043771131011454 134.83167751723073 Oyster-Closed 0
301.34032228890646 90.42652632211063 325.8572580121472 16.9742123832646 431.34137711967196 52.182579816591705 406.82505517911704 125.63436390373954 Oyster-Closed 0
