0 124.21512158906742 36.43383543083837 78.22022724904795 192.96811670032912 275.61629661279574 134.9651795444188 321.6091082460418 Oyster-Closed 0
257.4827591410176 210.39452034174167 263.4937739141096 181.41356468258343 311.2014454658747 191.3080118673795 305.19071716572216 220.28871627830625 Oyster-Closed 0
0 180.2156 63.106176000000005 180.2156 63.106176000000005 288.603533 0 288.603533 Oyster-Closed 0
336.2078289023957 138.35206169183044 403.975240145719 170.2252536291418 334.0596549977854 318.8630921720418 266.2929006377635 286.9909619419625 Oyster-Closed 0
212.23396301232424 356.3889785609137 188.15597570922546 357.0688454617595 183.34212420848417 186.5734565966133 207.4181215982353 185.89361807508615 Oyster-Closed 0
260.6594710259815 237.42938748899996 292.74440718337064 248.68909044820242 271.86356565382084 308.18218825516806 239.77871346189932 296.9226555035982 Oyster-Open 0
241.1271103258332 366.0742549675166 207.08535366932847 365.8759907464239 208.10901126009412 190.39606491993283 242.14791591683024 190.59432097829736 Oyster-Closed 0
128.36477028278387 376.87218950556746 34.47856362219318 387.12289559794453 16.71822682931088 224.44581750865783 110.59589517480708 214.19559878594572 Oyster-Closed 0
262.48669090955445 287.37294220625455 306.4481897539845 294.9936491745804 286.97332567101694 407.3153740563441 243.01189483387498 399.69493459524904 Oyster-Closed 0
250.37055423716083 65.23039735470005 331.8550695190788 67.4601101487544 328.08837539065644 205.10998343995263 246.6038579808519 202.88030621110371 Oyster-Closed 0
