37.43463027795951 94.6699423495519 147.2852933077993 40.434863637090366 258.7106139556199 266.11434522158885 148.86140455326313 320.3473624645596 Oyster-Closed 0
348.1397676566048 414.06992567993507 225.93487092058422 437.1623062710812 173.41123161744326 159.2106046232589 295.60107662948576 136.1195642970376 Oyster-SemiOpen 0
5.809888271291129 166.3715011103579 86.4236820425067 163.55669407214367 92.35107452073134 333.296812864432 11.73728956695777 336.11151578769113 Oyster-Closed 0
342.5559950031966 416.00076495455176 342.56117227734285 221.09944161111954 416.00092795243836 221.10262308259053 415.9997545235783 415.99994866250313 Oyster-Closed 0
167.8189140700997 273.44442231804913 322.0773326452654 352.78076231388286 251.69230497247554 489.5978736348696 97.43635012382947 410.26548663863275 Oyster-Closed 0
56.66844161483459 402.69972566314266 17.160835997921822 411.0897574898675 0 290.032921117791 30.95323704817565 281.6432266631121 Oyster-Closed 0
194.8749865633581 42.71440252179237 239.8720701624079 85.34456521970654 206.5933415512627 120.47043782228451 161.59640644646788 77.84042664305179 Oyster-Closed 0
250.7758485926861 175.98977272697732 208.35783977642132 115.41594777900053 288.7016009458348 59.15500621471536 331.11949461682525 119.72828963371933 Oyster-Closed 0
247.19804583413134 96.04100499731408 254.10805923202133 152.625823303065 202.46784083939565 158.9314603433763 195.5581873801384 102.34695973484553 Oyster-Closed 0
54.998946854313544 183.59880590342183 11.002940409409348 170.33811458668436 43.19579627950225 63.534451265289206 87.19088415168517 76.79500167203246 Oyster-Closed 0
262.9761966638216 160.47044195272542 320.8189283743668 116.65184004305429 371.6564995407389 183.75729272423956 313.81427021875425 227.57533277973087 Oyster-Closed 0
