32.77274344564648 89.98078716972337 147.44549117675706 36.05938567155395 251.8560640337746 258.0990828678438 137.18462201174043 312.0185618723147 Oyster-Closed 0
328.13451512022584 409.8986712353525 201.0250490531289 421.08332821421556 176.46379427950524 141.906578794393 303.55809855007465 130.7225329645401 Oyster-SemiOpen 0
0 164.194613 80.942804 164.194613 80.942804 333.679483 0 333.679483 Oyster-Closed 0
396.30917365724235 420.1077816152583 319.2954422513103 411.9846828022733 341.86172328409884 198.1207805446969 418.86722883610855 206.24346639824066 Oyster-Closed 0
158.76169112244315 265.9572418070507 315.1398976772289 349.9286292587379 239.7670486209645 490.2567811484409 83.3916393120162 406.2896778726263 Oyster-Closed 0
0 286.095108 42.541406 286.095108 42.541406 401.068374 0 401.068374 Oyster-Closed 0
323.94988977825415 415.89638047221973 301.38042186124585 434.84658443505725 282.278971162752 412.1034647551509 304.84814299999925 393.15346300000994 Oyster-Closed 0
194.0832957560233 33.49974209135635 237.4660635423279 74.35733809670221 202.8205720547703 111.14359249418851 159.437935880469 70.2861311853129 Oyster-Closed 0
246.00100476379885 164.04170582985378 204.06471215045894 106.46156938106812 286.7324715070645 46.25481396096022 328.6686380586507 103.83448150227944 Oyster-Closed 0
244.54129196843132 84.61885859742553 253.88260174495372 140.23472231974188 199.31125790717488 149.3999947972462 189.97030051094407 93.78443443724417 Oyster-Closed 0
48.043214455752604 183.38020820816934 5.365425337135093 169.2087458268992 42.05300732049727 58.72785068936667 84.72989876123393 72.89915896048748 Oyster-Closed 0
257.7037350493556 147.8754588128375 318.17624570812404 102.51539206378663 366.98050132831486 167.57748974240576 306.50845023884176 212.9370411632041 Oyster-Closed 0
