404.5141201344413 369.65186987292617 374.9567744369306 374.45863893139114 350.19413081654784 222.20934101081866 379.7490775504775 217.40277451602867 Oyster-Closed 0
370.0046730433605 336.0657429570702 331.34377858735024 343.4213121622269 321.4765466928584 291.5654109393775 360.1363486005066 284.2099481959872 Oyster-Open 0
355.03219589025684 388.6978277477501 300.50151113819084 406.8763568259666 267.5107009491294 307.9294798979332 322.03817225606326 289.7515309699136 Oyster-Closed 0
235.07864530527877 323.317061081018 280.8498522388254 318.95811639155215 288.82660726779795 402.69999370088556 243.0554169027091 407.05882121651047 Oyster-SemiOpen 0
67.96344199996747 358.0792200000045 117.47908440992614 348.0508555722041 130.35761100002856 411.6236339999973 80.84203631075798 421.65177722039084 Oyster-Closed 0
133.799504286515 411.46323219981156 130.78000311686264 346.59988466285677 207.4597213935849 343.0312009683619 210.48079717326982 407.89287082618796 Oyster-Closed 0
77.34028726170436 16.781466728498902 95.89855661366528 9.294545984022959 130.39151727077478 94.79393428116735 111.83326724425933 102.28082187579973 Oyster-SemiOpen 0
5.904930038170278 67.49310304751947 41.75968863766684 64.35630733475702 49.93614998854537 157.81463416322907 14.081396477191447 160.95140063924788 Oyster-Closed 0
290.95236114962245 40.64304723208093 317.69689485348863 31.730273781420358 363.40576828675694 168.88678372785316 336.6612906831797 177.79944141384624 Oyster-Closed 0
226.4192628739438 186.97558417526963 194.48075045799123 194.13196817363644 166.96198236899727 71.31934808698304 198.8996453373511 64.16306029057736 Oyster-SemiOpen 0
216.44311047298834 227.4243489045127 155.6342448902251 231.64412877518984 148.7322137359988 132.17657761082822 209.53922402520402 127.95686106074255 Oyster-Closed 0
296.2078587584656 105.99837781466726 322.4318147374579 105.6091304098978 324.0240744176772 212.87694357202335 297.8001186398724 213.26618508506908 Oyster-Closed 0
416.0001361755167 200.81090799999993 400.9502327404407 200.810908 400.95039087604164 129.802762 416 129.802762 Oyster-Closed 0
210.4987924210618 163.421145219937 281.0812940021351 140.49328607418832 329.6014248462052 289.8493418580805 259.0192517840842 312.7764740805636 Oyster-SemiOpen 0
164.6997346881326 189.03018591392794 241.60033934044986 202.30899208597083 218.29775183055972 337.24410714553915 141.39726426738343 323.9657291579941 Oyster-SemiOpen 0
322.0393002943929 257.1726039818207 361.2157992884022 260.6914896601591 356.8138124210709 309.69310700775117 317.6373192097599 306.17426426702457 Oyster-SemiOpen 0
