108.53333440796996 125.08192334766717 132.16890419975607 94.40203300912519 205.8842346578749 151.19017025582073 182.24905291894902 181.8697089609638 Oyster-Closed 0
50.12650255029075 219.21425505650342 23.089060557726043 152.08117442655399 138.19094619439784 105.72670187702732 165.22879535641914 172.85850136558344 Oyster-SemiOpen 0
361.3093669988957 222.3039419301536 287.8445958047196 187.77678689477116 315.85048038405876 128.19221324241738 389.3139931372971 162.71902556436206 Oyster-Open 0
13.58788135458235 241.61069628452623 27.45880754609243 200.3633337953812 92.67960615503398 222.29421800243958 78.80937006830209 263.54098918605325 Oyster-Closed 0
182.79634980866103 170.3640609255032 217.31626784758555 279.39627396228633 95.74618467168693 317.87815838629575 61.22974853183041 208.84889245393026 Oyster-Closed 0
362.17108700000244 280.2384319999962 326.3752980828431 238.47622040169128 403.4150819864226 172.44914729205283 439.21032386255683 214.21052573384026 Oyster-Closed 0
208.48305234437794 285.19296664719303 219.89519497941 250.80885186774273 280.14663683668914 270.80371160649133 268.73512567016223 305.1872876719774 Oyster-SemiOpen 0
276.1979887566631 226.09599859199136 341.1295729787489 211.82476233061018 363.7633804331381 314.79270897668505 298.8318986072627 329.06358735418166 Oyster-Closed 0
361.998515999996 337.5542899999912 368.8208643639409 230.08181663454184 422.82078976331104 233.5096354266086 415.9999874324967 340.98064901505717 Oyster-Closed 0
256.56280683285513 273.01018931284864 280.45519979767414 363.31062331549464 143.48602896632656 399.53868302691495 119.59800294781598 309.24197209993014 Oyster-SemiOpen 0
28.188742644695594 313.01328612681607 144.57266174448887 293.92482497337176 163.0286546937532 406.42976506022336 46.644891276198905 425.5175402291249 Oyster-Closed 0
240.206625378436 407.5092207778319 231.72682477383933 349.72636397302864 334.30431115130705 334.675662659734 342.7857206412591 392.4565591350161 Oyster-Closed 0
333.53291800000443 393.8139039999943 326.9240698738431 348.77621062769515 415.28904901362694 335.8113605480545 421.8989582907452 380.84781392742354 Oyster-Closed 0
128.94883299998037 411.73300399998834 127.97403951899105 387.77886299380975 267.16276514626225 382.1136458385314 268.13867408403166 406.06661185937486 Oyster-Closed 0
255.21166344025914 47.4935060279214 270.60906843110206 132.66057266144858 176.67679530592068 149.6415842908651 161.28019601687993 64.47524070175133 Oyster-Closed 0
