14.144525133669958 77.83800911042525 37.054996515336825 72.2862186675802 46.63008947221897 111.79902563277706 23.719624702971487 117.35079711210119 Oyster-SemiOpen 0
240.40954074791443 158.26837527299602 225.04022359865485 91.40220845767233 388.14391764629545 53.91203433187928 403.5139925132389 120.77731978038145 Oyster-Closed 0
127.768650054506 123.30492640559774 134.7183669508122 104.63950508372834 187.23490394271357 124.19245231118825 180.28532093669128 142.8577603189263 Oyster-SemiOpen 0
141.32419096053854 221.5467304749247 134.25926776582492 134.98684507368918 296.15448959671266 121.77229707055845 303.22134059629025 208.3302370056438 Oyster-Closed 0
407.34091969700967 123.95348839900338 421.55708077766394 220.06912420426374 306.2916804053166 237.11440486020533 292.0774964282209 141.00049234585003 Oyster-Closed 0
53.450920306109765 266.70990852173105 22.969689879504585 194.6742905932961 161.06999986714436 136.24218066420335 191.55183940168718 208.27580832080034 Oyster-Closed 0
234.3739740179044 5.455069565454043 233.146659772985 58.187622771797024 172.71592922701166 56.78105115967378 173.94332559511895 4.048581655319463 Oyster-Closed 0
357.2780947572537 207.060049831545 360.99170017230426 302.5763484187263 118.7489530667408 311.9835212385128 115.04082477154952 216.4723693250184 Oyster-SemiOpen 0
320.8031252806577 349.0696436769781 299.91892347073735 282.1622499245499 397.1349533563989 251.82230759133867 418.02012332731465 318.72785091785363 Oyster-Closed 0
186.28082730923052 30.258638893718153 176.61707452408882 58.64785805393272 102.84234981755799 33.53472343520987 112.50612708755943 5.145577901352453 Oyster-Closed 0
414.0298543835779 14.361473035596438 418.38676902318184 74.55604471931288 343.44666727888034 79.98000965255088 339.0899599272452 19.785640914188615 Oyster-Open 0
193.62792008556062 421.01764550113813 185.78113836394186 370.3767151891238 362.3465809067857 343.0209693992111 370.1958278541824 393.65887521789693 Oyster-SemiOpen 0
10.529840575472917 82.80263763906657 0 41.433464686255405 45.37260741348291 23.56261996070651 60.243848605918174 64.93168519096697 Oyster-Closed 0
156.6149558318757 97.54260294290152 143.63428137840674 117.5602419033896 68.38360007887604 68.76344411785985 81.3642438795323 48.74594611431002 Oyster-SemiOpen 0
124.62116600001173 61.17400899999268 151.92567374742794 36.04198979927965 212.28581424382355 101.6192181516921 184.98145612765074 126.75107647738415 Oyster-SemiOpen 0
148.4948552717542 104.25283959475234 123.5608947971341 145.27842023190084 34.348125373449875 91.05832223615614 59.28208909331806 50.033070063829754 Oyster-SemiOpen 0
