91.64845510626037 34.29344313455805 163.95986058395283 38.9432186391575 153.1739578366869 206.67766526935435 80.86255829724178 202.02797333813095 Oyster-Closed 0
348.00915595713377 119.98644997416014 381.0911599125757 141.00999363110986 340.7796593695384 204.4399329108476 307.6978323984695 183.4166137822804 Oyster-Closed 0
385.6370469999965 27.76570900000819 408.22876799299047 15.694521152075053 434.0951377762831 64.10436397876668 411.5034393952228 76.17552268632268 Oyster-Closed 0
190.04728699996485 121.54179100000076 246.31528244415313 118.3828146088458 250.36839889140538 190.57453019473363 194.10040538876638 193.73347479034828 Oyster-SemiOpen 0
258.79346134782463 175.5436023474678 280.44020840053054 221.18799492207438 229.34287817832228 245.41833929901168 207.6966931381321 199.77442527624424 Oyster-SemiOpen 0
194.1639958545129 276.3419249097165 150.9823550959154 275.45540350259967 153.23395297901516 165.84438106445805 196.41365833486998 166.73088195676598 Oyster-Closed 0
416.0007928938576 266.3839469999999 348.23870489699766 266.3839469999999 348.2394673077797 211.21945400000004 415.99997737359445 211.21945400000004 Oyster-Closed 0
5.8879024091038445 91.87120119009583 57.414206510602526 88.56961505003615 72.80262327831224 328.7147198619355 21.276338827450672 332.01616123523917 Oyster-Closed 0
360.9527225881029 259.4867051072846 411.5603941829577 245.4331019547524 442.65146952667783 357.37680978223534 392.0439863029169 371.4299682029618 Oyster-Closed 0
260.59994125744925 388.73859094089033 192.0631444681385 350.0522769289781 272.64126525704705 207.3300230662246 341.17295977343747 246.01449007237326 Oyster-Closed 0
347.9556779142549 246.4336235241966 422.70809395995093 366.26142631199366 325.55950129349367 426.8492519946203 250.81159822965492 307.0253879608637 Oyster-Closed 0
280.32006109876966 24.025931146412926 310.8318068493172 25.309646751393093 308.17189500929453 88.53095323696579 277.66014951890975 87.24724170896562 Oyster-Closed 0
216.86421720825092 423.4188423626806 172.31428562466317 415.7329362615948 182.8244751374732 354.83569961653404 227.37254613613914 362.5214406306816 Oyster-Closed 0
408.9800340753063 145.62379844910845 382.83861221588086 152.69664056686292 352.54213013736444 40.72143189758492 378.683090770086 33.64865480039106 Oyster-Closed 0
234.94146198880117 72.12753177802088 295.8948327515063 81.79682518749375 287.0472424046384 137.56934328049195 226.09388272890646 127.90010014602989 Oyster-SemiOpen 0
284.04869761612645 86.54623167763971 373.77250251495934 82.3580077721636 376.58377356910205 142.58242796976057 286.8599719751546 146.7706267285974 Oyster-Closed 0
103.48759626301398 65.67400927701125 79.30630274298892 150.7360859151691 5.875918288802495 129.861346032509 30.057541590806068 44.79983761147722 Oyster-Closed 0
