63.637507959163486 210.5259766477717 64.59815599668946 5.802280192117535 296.09722242621865 6.888305648269857 295.1411172512453 211.60744826847673 Oyster-Closed 0
351.6884159657275 53.395052620815186 384.2351533677538 43.184564023709456 425.0718712443886 173.3525361899757 392.52519727710387 183.56288539642256 Oyster-Closed 0
186.36196206064778 84.56631651459509 252.15231354219577 60.298058893412836 287.1441703138262 155.15802020404482 221.3539674550775 179.42601709897522 Oyster-SemiOpen 0
8.642163000014989 148.38020100000003 51.42442473832125 145.88856363443014 54.80857976530751 203.99271111644165 12.026319610442442 206.484325795118 Oyster-Closed 0
337.5717348835242 42.33508627772731 442.27735329465213 98.33264525835185 320.83733684492836 325.3900882094468 216.13330002254224 269.39484331521317 Oyster-Closed 0
91.26843280327375 204.28687047551185 129.5415701205784 133.7864800780027 304.53387719316015 228.77889436212106 266.2638742464005 299.2765983484406 Oyster-SemiOpen 0
171.27674862529602 401.6481368871242 178.2709091123943 347.6769817029218 284.29200819498874 361.4118375708257 277.29999277917887 415.3810609835558 Oyster-Closed 0
100.5130586491905 415.9999087441567 100.51593163086727 348.3722525316036 185.7487611638644 348.3759747888504 185.7478389791795 416.00164151724124 Oyster-Open 0
27.534705104531895 415.9999928608608 27.535459941980662 396.7795808312246 103.88062119936512 396.7820188557105 103.88039197784383 416.00189851237764 Oyster-Closed 0
184.178710984801 415.9999890513221 184.17887185757354 401.76327316382606 206.36994424225486 401.7634838739145 206.36989699970218 416.00008633829725 Oyster-Closed 0
57.06399505610898 119.14116017836827 1.764732812956936 77.99430637921863 67.56369925759282 0 122.86257235710218 30.711538608707503 Oyster-Closed 0
