2.8199215216700395 89.96323889023891 64.30312587385924 48.71514832363214 205.13543439548812 258.62695976334993 143.65353188459994 299.87340691093357 Oyster-Closed 0
273.99074551621015 197.80706858371477 282.27201495402915 169.23731375609665 328.9688967803377 182.77207962574548 320.68790036871724 211.3416002989883 Oyster-Closed 0
76.93974055467334 260.05102353103916 5.3079914162517525 256.9767198274889 9.943909427420294 148.9988511327801 81.5730010475163 152.0730995252413 Oyster-Closed 0
357.71102830282325 131.65176642039495 422.9391437518789 168.3071183845972 342.03474215014285 312.26343352348783 276.8074696064032 275.60927254740466 Oyster-Closed 0
217.9780687185521 340.7657899987702 193.98078861041358 339.62951291913777 202.0944380799774 168.31937442494282 226.0898484912068 169.45560671009451 Oyster-Closed 0
275.0760992065552 225.30784029400016 306.20864320419423 238.85334585732738 280.9671298244939 296.8607335177919 249.83470214293266 283.31542457608583 Oyster-Open 0
245.9797002258856 352.6633159382654 212.13798021591356 349.912949963101 226.43573053225919 174.029677172162 260.27476969622876 176.77993563917764 Oyster-Closed 0
133.0215015976246 354.99797130057834 38.87283524452141 358.06487973124615 33.51874607197533 193.60334326102907 127.6594495751524 190.53656992088287 Oyster-Closed 0
273.15477537443803 275.46476074079607 316.3348409725513 286.2892876329277 288.47024492410856 397.42252170893335 245.2903124836048 386.598364735413 Oyster-Closed 0
277.93091732975154 51.78297592946769 358.8083429047365 60.09885682030885 344.6506067296759 197.78921552029007 263.7731873983612 189.47345670375955 Oyster-Closed 0
