260.8119760638983 189.1864387972222 230.83689813735327 190.98025404308126 226.53389204168707 119.0745481211173 256.5083673338595 117.2807513221864 Oyster-Closed 0
257.22383961438754 190.7208860147284 259.2230038586713 127.58450066066548 327.1261757040593 129.73455106193967 325.12763622978673 192.87031730036574 Oyster-Closed 0
371.74935448779434 253.8337580621478 334.58930529608915 229.4749216595425 371.5329844493099 173.12187362955115 408.69232290761283 197.48039252121194 Oyster-Closed 0
136.2205829966224 166.65714387591154 202.2466756513095 126.2763598302694 248.6515161298521 202.14875352938773 182.6258791720502 242.52895159559446 Oyster-Closed 0
31.323554438076826 201.69882596006696 65.09424853723613 148.17268136960303 120.99851757530996 183.4417806532787 87.22849629568736 236.9673348101743 Oyster-Closed 0
1.7154906717660197 147.4272606638044 54.00494128084392 146.81887418668606 55.44460366704152 270.5459411583075 3.155152976665704 271.1543134243854 Oyster-Closed 0
353.7412850089422 335.49966706644886 255.36877554574312 335.82630592649207 254.87889838288538 187.30801999794693 353.2447815291089 186.98139203271154 Oyster-Closed 0
76.70957908947457 247.30027937553024 103.16602514135229 186.69703696705722 206.26685401950454 231.70176577164705 179.81212665307248 292.30354193183854 Oyster-Closed 0
152.77146697766875 222.8785655274179 188.1748095252151 308.2730877974468 11.687954548931884 381.4244989815143 0 296.03431633660267 Oyster-Closed 0
312.6077839657082 285.1196659575443 325.4197938455327 350.78573837256044 172.53849247700055 380.60268780578684 159.7298845439327 314.9395630496064 Oyster-Closed 0
69.27788596225218 16.482647912349496 107.06580989185386 19.942839810191142 102.60016736243779 68.71092373323593 64.81224452446986 65.25073811363319 Oyster-Closed 0
115.11654473491217 69.69833023759388 98.11676364229788 103.44834429540188 59.83026736306783 84.16365149898427 76.830066825416 50.41372833885378 Oyster-SemiOpen 0
199.5027020022644 86.02589538316579 236.41205570021702 70.20167461561903 259.1251605903235 123.1782508610475 222.21585575255813 139.0023879351923 Oyster-Open 0
154.48720454901922 142.64613436411864 120.05602620884747 149.1818112244022 106.33817645406089 76.91403245371801 140.76888964933823 70.37840020416752 Oyster-Open 0
57.16866459504308 142.1659068007261 101.75498327210516 82.91709618103967 143.93075541912913 114.65491361796846 99.34485088153087 173.9033502995345 Oyster-Closed 0
57.1031208670247 78.19120739489543 90.33272383026633 96.0219112320407 50.43375325286979 170.37629445784762 17.204264875701483 152.54575471306916 Oyster-Closed 0
416.0008736014024 214.24512100000007 338.1336975499653 214.24512099999998 338.1346584660823 113.44731399999999 415.99993218250165 113.44731399999999 Oyster-Closed 0
