416.00005715929 205.808928 408.16672605601707 205.808928 408.16678922643405 158.487167 416 158.487167 Oyster-Closed 0
210.09473841828003 230.8748469440945 178.90078521117903 196.091202953452 229.06174415835267 151.11020051977923 260.2553935334472 185.89343925621506 Oyster-Closed 0
40.42534869526207 186.92028641859997 95.13094412643477 170.2200880696888 117.8559951421048 244.65619042687928 63.1505130703008 261.35613935131136 Oyster-Closed 0
188.20600964701225 200.92572188858767 226.4184373656244 223.68773275169855 178.45241537195398 304.2028134446443 140.24033701936787 281.44128021626096 Oyster-Closed 0
79.73386073561414 251.43607122907855 88.41889560986601 357.47244749284533 33.66117440603557 361.9554044323671 24.977823511108 255.92059198810716 Oyster-Open 0
416.0005897672163 333.67532199999994 372.4415753438516 333.67532199999994 372.4425387856427 268.21249000000006 416 268.21249000000006 Oyster-Closed 0
60.387593708597706 245.04223078538624 161.65310774163663 226.96142057477553 194.33930091787988 409.99824911423997 93.07403188354874 428.0780919672407 Oyster-Closed 0
179.26909361658545 55.132426878865644 186.8699900562533 12.817393082069966 249.81140234312988 24.12331289924324 242.2106159455543 66.4382430795889 Oyster-SemiOpen 0
230.6015214813524 130.02714138876595 182.4564675936963 130.79631613392203 181.07811825463068 44.50516099095072 229.22256176465453 43.7359909756691 Oyster-SemiOpen 0
343.74312434555395 51.96960300932552 412.74256794040775 41.603212199072715 427.1661990952525 137.60682016364552 358.1667709699868 147.97312701374665 Oyster-Closed 0
166.7928143631143 222.6091311075308 111.7561056925515 174.9439740049948 165.62038826225034 112.75325573364087 220.6563332890837 160.41785513683323 Oyster-Closed 0
165.38242073140282 229.65027458143442 109.81434992701907 236.26876622064077 96.3731247202013 123.41731981120333 151.93915691832808 116.79895472114814 Oyster-Closed 0
