91.70014315795197 243.8949028769422 70.62491137003599 187.73533204172531 192.59608465625206 141.96505496909953 213.67184320597516 198.1233846140072 Oyster-Closed 0
283.5812443303512 189.189130896209 290.1408614136926 263.2723849733762 176.25984247571614 273.3523319843744 169.70205243105374 199.2707013458071 Oyster-Closed 0
0 310.8732088923483 1.2236488483758876 236.26850352043772 176.62609699383756 269.616618791427 162.44323759495455 344.2178829645359 Oyster-Closed 0
413.7079671449392 404.65239998466785 259.4034279670632 403.754813119 260.6839450420375 184.9951700332932 414.97266411748933 185.89271417602305 Oyster-Closed 0
145.46835653241578 376.06051820614425 20.132497343201976 428.40710685448266 0 320.1097430780496 100.22484972403254 267.7649721413787 Oyster-Closed 0
384.59990161560563 300.80962999685073 407.66793415709617 391.54160869607557 165.23173146050976 453.152061424026 142.1724740197933 362.4277169236706 Oyster-Closed 0
149.07873301638392 139.28688725054317 131.75639375370156 68.44224517542283 192.01021197634327 53.70971124360919 209.3328061630782 124.55399440011715 Oyster-Open 0
411.455951917942 167.03715737902124 332.319377606269 173.48688800152178 322.91127699638673 58.04103481947356 402.04567800000586 51.59140300000139 Oyster-Closed 0
408.97315378095664 136.58362237592124 368.5424283708853 139.8788559250987 364.5148563426701 90.46106621156316 404.9451679999984 87.16584999999996 Oyster-Closed 0
68.12640249883043 172.5584618737649 27.9955020659836 192.21665267214252 0 102.95814253614081 24.401027614290797 83.30017551227091 Oyster-Open 0
247.98285405635033 195.45547874053472 237.1178580541855 126.87940165410248 325.4833928311018 112.87955800348743 336.34905709714076 181.45476785596836 Oyster-Closed 0
