107.58289199997307 87.71796799998873 95.41374854963942 78.29568314543988 116.5596728659184 50.985406860990715 128.72878161471817 60.407671315836616 Oyster-SemiOpen 0
96.0327202744993 130.92875663693675 128.30375992825793 15.75109338170845 362.44983427978514 81.35416232135088 330.1820266927316 196.52891301367382 Oyster-Closed 0
304.36853800000245 78.89287400000457 379.9321733616234 50.55292981348905 425.05732458669445 170.86916235875887 349.4939046642103 199.20870091336076 Oyster-Closed 0
402.35642905916393 115.626032058463 423.83085410670174 118.47222381116401 413.87389250621345 193.59425473656208 392.39947313628727 190.74809263305127 Oyster-SemiOpen 0
242.82178780062168 202.70344602922142 249.3898288291166 152.17771979532958 411.7050386866649 173.27482386277927 405.13851792052446 223.79919666026217 Oyster-Closed 0
265.8306618220813 203.5219192917702 214.99217551003312 303.74027106771393 95.8371438393915 243.29880373333776 146.67603648928343 143.0831207844907 Oyster-SemiOpen 0
262.65666667101686 197.5192318979874 297.6077891417517 211.4737487232798 268.9113412641891 283.3409843533352 233.96034078028606 269.3866957694741 Oyster-Closed 0
5.2020025339807034 302.45892922681963 0 245.47830786150513 54.99404823389341 164.62592006535547 102.39751137444546 221.60506545103942 Oyster-Closed 0
259.724261934447 295.53077661690025 244.7475260385836 271.29721051087773 325.0376914033659 221.68246842943924 340.01436771121735 245.91549591294603 Oyster-SemiOpen 0
336.8603688843141 238.04925392317384 410.56099408107184 225.99723122671386 422.4360506356097 298.60739070543394 348.73548033963016 310.65920402041934 Oyster-Closed 0
333.1155344448525 264.94520345278823 360.7633574154206 325.3220821612335 265.761200286277 368.81535473764757 238.11542692281728 308.4402125699318 Oyster-Closed 0
257.2889590281229 292.48905615671276 257.1623967136802 338.2049556860048 220.69788762693497 338.103617631938 220.82491076977385 292.3881811333703 Oyster-SemiOpen 0
201.4065867053614 380.8577026985633 42.95327479113621 457.13064312121884 0 272.47849519425034 112.49697998598276 196.21040812185643 Oyster-Closed 0
341.04936441145765 332.1619076562014 343.45221172731544 307.3279081840308 392.2474984147739 312.0481405885805 389.84502518906083 336.88179502021 Oyster-SemiOpen 0
113.00676505965384 261.9311850642455 214.12085266132635 288.46605348634057 187.76534563173846 388.87836866132403 86.65155613669413 362.34428798288394 Oyster-Closed 0
307.9465233427436 354.48304382603135 285.5755052658933 432.4224496058269 204.12611275775998 409.04812182463974 226.49843911064818 331.110960414608 Oyster-Closed 0
288.2897289962275 60.8192706443717 318.52792508283164 0 430.10004063271845 43.60467851604414 399.86224495204806 110.929729321661 Oyster-SemiOpen 0
