169.81618974883895 183.04441539885232 123.990389402039 194.7001238140444 96.74190735283628 87.5710981015854 142.5665747553394 75.9155391518376 Oyster-Closed 0
113.53287785986686 189.79908986629286 102.33003103589726 221.76421994503812 26.599652740238525 195.2241602763776 37.80269740733638 163.25948627012806 Oyster-Closed 0
104.21722467529253 219.12681576947674 100.43573853094131 191.63394600383307 177.77503790335686 180.9966503853283 181.55684149633453 208.48915390118015 Oyster-Closed 0
254.54126890195403 158.0802238376493 320.3967911158943 149.57503785432738 336.4760527811959 274.06791474715067 270.62057349893803 282.57289900582396 Oyster-Closed 0
259.20060622776145 197.1472239496085 294.23590188584785 222.78735276604098 227.89687427582976 313.42404960812905 192.86212431685635 287.7845590819417 Oyster-SemiOpen 0
89.23492551362506 336.39800025108696 39.22706424983335 337.69377156010574 37.09385306184413 255.33827912936763 87.09955036717292 254.04253603768586 Oyster-Closed 0
132.5715786485198 364.6480741875156 104.43149925842954 356.81629739747757 125.84725326798798 279.88536516914684 153.98610379577076 287.71695882250526 Oyster-Closed 0
248.6011738733505 350.7833823002303 215.4787593958099 377.0584444270803 156.39804376133907 302.5941717891823 189.51930210509818 276.3198189020516 Oyster-Closed 0
80.52434009040735 393.6150901060202 44.07792695313037 400.8277643975944 30.522214702927158 332.3423946928301 66.9670152941726 325.12988685368083 Oyster-Closed 0
231.02328423202925 321.71390385760367 260.57820644000094 298.95956507261513 303.10679252248156 354.1881472880063 273.5522831729759 376.9420138977859 Oyster-Closed 0
137.93029584495525 323.1588780520089 165.13237742146885 319.5669670759741 176.03435972225998 402.1111988305356 148.8322968158427 405.7030139365241 Oyster-Closed 0
196.16035526624182 404.5570430052539 190.9119864264976 372.4797969096199 256.82076416516065 361.6982659198847 262.0697110953952 393.77479936038503 Oyster-Closed 0
382.6428546086827 346.3532951278204 387.0570455522393 373.3273283556751 326.77199699997436 383.1895109999826 322.3583991882042 356.21600365544754 Oyster-Closed 0
