268.01417143659273 148.59416344109437 228.97212477239373 125.1202474676354 264.63906996140577 65.8004243305184 303.6807328312607 89.27419066104993 Oyster-Closed 0
91.40924939378237 155.82168184462935 41.83244073087917 175.4497531174592 3.387872114955826 78.34750797929102 52.96375280068605 58.71963988378254 Oyster-Closed 0
416.0003166351744 166.679347 371.18403659436444 166.67934699999998 371.18439345100705 97.440969 415.9999788791429 97.440969 Oyster-Open 0
230.11862263821604 211.72881572534698 124.35819481073486 184.30062342947576 153.05225671313383 73.66905461140679 258.8100020853017 101.09689750993947 Oyster-Closed 0
131.91537130429424 101.81376174969094 171.4201130413494 132.8592647078225 120.613356585789 197.5069204069548 81.10891331531457 166.4617563073252 Oyster-Closed 0
269.57527050457065 155.90462543049688 268.2441248444957 169.13331719412787 240.35224094621663 166.32672797478273 241.68343301571804 153.09808876278885 Oyster-Open 0
258.4147894227899 185.6899045573871 245.9502671211667 191.16649083030654 235.01573818490215 166.28116104588722 247.4801689247397 160.80459794378757 Oyster-SemiOpen 0
264.58207426062654 173.63311169960895 289.8639631141814 224.88279892946673 223.20374373364757 257.7632711360284 197.92270239224308 206.51430657673083 Oyster-Closed 0
4.65652933171441 200.06335731246293 54.13623486312645 198.91181783573938 55.94853896659333 276.77632513435555 6.4688345106405905 277.9278458266174 Oyster-Closed 0
45.65218446128347 322.9004284274436 10.291554825253115 278.28798365544856 83.76746568895032 220.05757754750672 119.12759729902973 264.6690284110509 Oyster-Closed 0
210.43377246820455 303.1666824322256 215.58145051807514 249.1850355551612 351.03485820162314 262.0989557076546 345.8891492184521 316.0787731988053 Oyster-Open 0
214.03037872591085 388.4485127398797 105.80889829508305 382.74755030637755 113.80960129092637 230.98464273721387 222.02168063102727 236.6853491475963 Oyster-Closed 0
235.8233678292454 9.375128953103543 255.5769627910522 0 296.7712627868568 51.02840981344249 277.0176896201265 65.52147690199457 Oyster-Closed 0
200.26023063265166 392.12910829767355 211.29902923827467 295.75577906790284 342.4805452578257 310.7781731113747 331.4460688373656 407.147523009163 Oyster-Open 0
292.11264835712063 415.9997450606782 292.11857967787 286.9222107199413 416.001073687341 286.92735949720355 415.99999999891224 416.0001836790123 Oyster-Closed 0
40.48872000004485 412.9399980000185 41.20854196486107 371.9630589630922 251.43384058471202 375.6460662423253 250.7170579563026 416.62019351483036 Oyster-Closed 0
227.94696738889616 86.8175083329051 178.90148652229982 86.27279454532908 179.86258153395102 0 228.90771305963426 0.30046566779880685 Oyster-SemiOpen 0
342.9111697049848 105.42194378268952 290.771161239325 80.45659476832758 331.0694896681525 0 383.2091529506324 21.25991177314978 Oyster-Closed 0
70.71896009199554 96.38794621948472 22.579068968676438 70.91395791094769 58.229672895162366 3.5433261766510795 106.36931475610254 29.01723430877247 Oyster-Closed 0
105.76852086903818 159.38456587674403 42.95724056544714 112.29376392825837 131.77932177644834 0 194.5899227211048 40.91241878608874 Oyster-Closed 0
