372.3828998219542 145.39497518656518 306.454451056954 193.11511857071852 235.32056491757976 94.84075237666177 301.2479357393713 47.12116702747034 Oyster-Closed 0
1.7671559999580495 151.86904500000023 41.98544665956433 151.40108630012196 42.348654889385216 182.61522647863788 2.130364327062125 183.08318301946517 Oyster-Closed 0
79.47186495187998 272.05096939038975 22.55717092218765 71.23163968676522 197.136866199824 21.75555127676627 254.05423144836095 222.5702693432543 Oyster-Closed 0
415.535838896787 186.9482778032357 372.05772264677944 192.77163437529748 360.4548430181858 106.14196088003195 403.93191000002116 100.31867899999986 Oyster-Closed 0
2.049923475176911 176.16992276037888 60.40316707739112 175.4909677055071 60.840696050690894 213.09229628268997 2.487452596080402 213.77124693548035 Oyster-Closed 0
422.12776290849433 198.25489436414978 391.5652760344492 243.8875924378086 328.17582618724555 201.4348677997559 358.7381903645328 155.8027681206941 Oyster-SemiOpen 0
278.9311009350422 196.72339598734482 292.8868977355414 225.75234450652587 187.32700879422555 276.4943073045966 173.37204243582164 247.46606658049967 Oyster-Closed 0
230.58568248541633 297.0485587948963 209.47659241342626 248.26019640498623 340.27595232037856 191.67231860965285 361.3855626175209 240.45926185014636 Oyster-Closed 0
2.151807961305167 217.61184093938803 88.82611311868095 206.00402649066646 103.72233586942457 317.2204012721452 17.04808336438873 328.8279128823604 Oyster-Closed 0
233.54595543094547 268.1695349551151 224.30477948204134 333.39354849919454 112.22362844079544 317.5133958657584 121.46637981502863 252.29127656760605 Oyster-Closed 0
433.7229638069075 330.5148528887742 362.0384986417703 381.2232258666065 288.75191062977683 277.6346218383698 360.43299033876974 226.927938691367 Oyster-Open 0
14.092451530861581 306.75982715690435 84.56680494722605 297.3226946692979 100.42743333356702 415.741255535836 29.953145582268917 425.1780278877167 Oyster-SemiOpen 0
229.693534326816 418.0658613750169 203.37363058461779 333.86780835316864 334.3139433247525 292.94570694299074 360.63577532635463 377.13995029475075 Oyster-Closed 0
297.2882982844567 59.997122627087535 342.1274597720185 14.285650831825073 418.82586520074256 89.52007654195825 373.987044176778 135.2312283164694 Oyster-Closed 0
