209.5511437722198 185.03412582453538 197.29825261158112 162.62889318530674 232.380612927951 143.4440790766807 244.63351318038258 165.84918313327807 Oyster-Open 0
261.4809605368755 220.82347322797534 226.86921505028658 213.49092686685242 248.20312286197804 112.7971250459453 282.8138562350541 120.1295604406607 Oyster-SemiOpen 0
130.52273056822378 175.1208861362337 173.11946474263823 138.5107514598379 237.82078529225328 213.7880850406809 195.22463799148318 250.397599095803 Oyster-Closed 0
0.5627914288052125 173.90627583479306 65.53720002652699 175.0390628742286 64.39363255280114 240.62725625716013 0 239.49448273621556 Oyster-Closed 0
300.3859779479244 157.82992522339228 321.2626982529946 173.12877795518122 271.32541403324285 241.26816009687295 250.44889007913662 225.96953264070206 Oyster-SemiOpen 0
119.97822915400684 252.43012071513604 82.18487857702348 238.91576992224975 109.18137252342785 163.42694999049502 146.9737300238521 176.9411072188932 Oyster-SemiOpen 0
140.92295415965418 180.99162231020068 189.77770830166992 192.0186792676163 161.36336884056072 317.8944714555988 112.50872539778356 306.86772138474186 Oyster-Closed 0
271.31603021933915 280.95709847156525 249.40339040402614 219.89010722336965 331.42893939621354 190.459507642907 353.3420896249336 251.52541719133512 Oyster-Closed 0
132.31381699612757 284.5226254959958 110.16288401058773 276.74157947427454 133.4705082131295 210.3983559154191 155.62084114019672 218.17928845140776 Oyster-Closed 0
3.3110672408365645 270.7881970151959 18.992602679736592 225.72214124148528 99.19762869873011 253.62755780282384 83.5171340618108 298.6927299150119 Oyster-SemiOpen 0
426.8825357989044 248.12227071359536 414.0388831910641 291.472445120329 343.1866526124759 270.48199388664034 356.03073709473756 227.13251431321652 Oyster-Closed 0
359.318912812847 332.81018324582203 340.1066662481244 333.82325804544104 334.07839679101744 219.5060192546911 353.28957880852613 218.49297253462584 Oyster-Closed 0
93.64417581061207 238.02012298164422 129.98740464836737 243.52476905610743 113.51751512190458 352.2480836896602 77.17432193657078 346.74359502601385 Oyster-Closed 0
0 285.3569322325316 18.264993832694017 274.49329779726526 46.17081380081436 326.5503575870031 25.90213196246259 337.41381922530024 Oyster-SemiOpen 0
178.4978216483105 315.5617687645869 173.07081075027236 297.62177450901066 206.84205646319242 287.4071967788932 212.26916314483242 305.34702488783086 Oyster-Open 0
227.8551878586186 256.92989229310865 253.59574937128127 245.40769834900192 299.4118245014215 347.74597490177575 273.67147373564876 359.26782786940555 Oyster-SemiOpen 0
286.28148582247377 363.58675768982874 247.70663258253262 386.40417900666046 188.24753734988917 285.90030469975176 226.82037353168198 263.0836458693898 Oyster-Closed 0
362.7684786135105 391.9375926496324 323.1390410482927 403.7308436350571 274.5218569245262 240.38561310770314 314.1478271971537 228.5929074848585 Oyster-SemiOpen 0
412.3229246231858 394.1704038813367 352.18465962731716 393.122056368854 354.18418278618265 278.532846303488 414.31848766913026 279.58115999128364 Oyster-Closed 0
204.72335809910874 402.85510031043293 117.53837151379048 415.3073366995084 102.04399354553607 306.82679472854943 189.22333237675048 294.37495699574475 Oyster-Closed 0
9.826350350496796 411.94279731643746 5.775396637509402 324.9904844258598 113.8060253869262 319.9584785440191 117.8598661114629 406.90772415151565 Oyster-SemiOpen 0
170.81341000000975 404.43636900000547 168.1839413277994 348.0370014877083 202.15894354611373 346.45345794047046 204.78901281755316 402.85219897441567 Oyster-SemiOpen 0
224.6135055470695 19.44057043566341 250.04353190361508 12.020349426615505 270.87669986519904 83.41799217138039 245.4466840848072 90.83818860759358 Oyster-Closed 0
85.96601665025082 46.446611657519604 118.03995400153144 28.247929609187032 148.1765593881173 81.36136639102517 116.1026695776236 99.55998342706496 Oyster-SemiOpen 0
196.19495407053546 35.52033908405077 246.00172629525696 63.426900955962665 212.49755552479837 123.22338670381322 162.6908738032871 95.31695560099219 Oyster-Closed 0
302.08950897039176 85.68834471902535 352.338833351896 59.47987373811935 389.3006667918671 130.34549497562065 339.05147562453567 156.55376968842836 Oyster-Closed 0
81.54732224482723 61.40177722594841 138.17900722527338 99.15268182375529 77.92765047475405 189.53543772589836 21.296308767530718 151.78497566415433 Oyster-SemiOpen 0
114.64165390072958 145.49100818184436 125.68167379736042 78.83674199859206 212.7914980424066 93.26454704920535 201.75219046214625 159.91815888463444 Oyster-SemiOpen 0
416.00028231757096 170.260005 377.5617218610314 170.260005 377.5621445288307 92.45949000000003 415.9999944939227 92.45949000000002 Oyster-Closed 0
