108.96591217845707 1.9020002655715251 108.71489525233847 16.28295387694827 55.988128435015824 15.362604611860784 56.2391510000125 0.9816579999994881 Oyster-SemiOpen 0
43.937609137090476 141.59427514911144 31.5717825341344 69.49398338066132 201.9822691260124 40.26725015424836 214.34883683624503 112.3663001963665 Oyster-Closed 0
0 95.9176556703593 17.123182207444188 59.159629230607536 61.91399087366517 90.507730149322 36.187745459992584 127.26558973713011 Oyster-Closed 0
353.60238213951015 72.98871251190236 397.3292724509047 119.17413217696898 282.1100473304905 228.25457736024242 238.38416916666029 182.07014974998364 Oyster-Closed 0
260.1300842965975 108.95080280155736 259.4518269170949 196.95384019943515 92.16648099503436 195.66165979910576 92.84667009749683 107.66051343746798 Oyster-SemiOpen 0
295.87168650785316 8.110671441420715 292.50222091921387 72.3805687699141 171.7860569316872 66.05149529822106 175.1557360535262 1.7817292264719438 Oyster-Closed 0
145.98559817323985 298.07833376786056 137.13221332527974 253.7690538636541 263.01398843374045 228.61855443692596 271.8683498233331 272.926520200294 Oyster-SemiOpen 0
102.81602269485302 29.259411403324037 109.07679458250641 11.693687830086272 143.26791519185645 23.880065968707203 137.00716088682748 41.44577462157372 Oyster-SemiOpen 0
143.85058416961328 353.39682719161766 175.23856794696258 372.428618809885 137.90655204882933 433.9812302866835 106.5189266002817 414.9499111484085 Oyster-SemiOpen 0
192.7621430000072 415.99999999998875 192.76282808602264 385.59128542110915 233.98857178285834 385.59206504255957 233.98832821558972 416.0003416638187 Oyster-Open 0
233.05913200306895 134.40706404331556 209.40489230044477 47.87871486536577 359.45671155759555 6.85904005443828 383.1114552968247 93.38656670205208 Oyster-Closed 0
105.64433005400133 109.79951235591068 103.46766352928535 33.043523543393185 216.45217158889864 29.83931903500454 218.62935857944467 106.59480091899658 Oyster-Closed 0
