180.9665741110657 171.24246547296903 146.87419312740894 210.92996720751043 72.31054148632757 146.880531955337 106.40258671991614 107.193554353629 Oyster-Open 0
370.21913902424785 111.81435361919256 391.9677393292659 201.6832487786406 276.86324110746864 229.53552322623574 255.11645939740265 139.66817105285926 Oyster-SemiOpen 0
72.51728820891367 216.00930351480517 15.689383232511318 225.48782517410245 1.8677281237760326 142.62162160247127 58.694206143754855 133.14321876425626 Oyster-Closed 0
372.78350102261174 218.50570101988674 347.6308709218174 279.5103787971367 198.8781344214476 218.18124392068486 224.03137383368448 157.1785305400937 Oyster-Open 0
233.35585131353946 269.30565715714783 168.8087253509475 308.35809044550456 115.60054399296496 220.42127456733866 180.14539335914378 181.36973846617244 Oyster-Closed 0
328.18189844986773 299.4511423964179 275.8144217875597 352.5479460088201 161.07085394451497 239.3926491176502 213.43624286560225 186.29795624104491 Oyster-SemiOpen 0
399.1760578565081 23.248736330777376 396.0594831118615 76.76265316337448 253.4506287712975 68.45684437527115 256.5674960000106 14.94335499998964 Oyster-Closed 0
213.027983784581 327.85179228869623 179.0632364968551 372.64584008499594 102.13980522057682 314.3285997793381 136.10401352764165 269.53579420025 Oyster-Open 0
351.44291027526924 104.95662229822257 283.32399561027705 179.56202254381705 163.95210501116526 70.56927949537837 232.07049475161693 0 Oyster-Open 0
254.5592935743407 134.6728901964297 224.45795581658967 193.11444462509596 96.99580097177022 127.46352260918773 127.09727638282493 69.02290783945944 Oyster-Open 0
