106.19382700001006 85.98376699999524 94.66139660799672 76.25817131356187 117.37833195504209 49.32110538083143 128.91073187239817 59.04668007223736 Oyster-SemiOpen 0
93.4514883802949 129.38377714803315 128.50720385490786 13.609041758652348 358.40600329033987 83.21957705187549 323.35351902301045 198.99142394329394 Oyster-Closed 0
303.3231199999718 80.59440000000302 381.2583787394324 56.082114500083925 418.9083597459139 175.78538021119056 340.97326243511634 200.29731468930578 Oyster-Closed 0
403.7101459989426 147.05686072217043 420.64193860662635 154.47986988954568 401.2379762618184 198.73776976756523 384.3062156677297 191.31481530768988 Oyster-SemiOpen 0
235.36678187534199 203.42230132728324 242.90423149184426 152.72674307702167 403.8013515485545 176.64598426219789 396.26544898767315 227.34017568371667 Oyster-Closed 0
256.35974963030094 203.87931399781996 201.96664212301403 304.40356808054787 86.44249004931771 241.8975184390326 140.83580425571927 141.37589021772644 Oyster-SemiOpen 0
254.85035397388128 198.24369641130497 288.52595487579674 213.74720876066877 255.71432952034957 285.0109557588532 222.03888436182388 269.50770157618336 Oyster-Closed 0
1.564766436291393 291.0077572865481 0 236.17644883646454 50.596937993603206 164.92998170527827 93.22168328366752 219.76004857584888 Oyster-Closed 0
246.14631251313767 296.39940083837894 232.1034138796531 272.19193676995945 315.2895660742033 223.9408414934773 329.3324506772951 248.14775452356156 Oyster-SemiOpen 0
326.4033320962226 239.1334474200576 401.0493341295005 231.30184830507724 408.79407153225475 305.11120142028653 334.1480941116715 312.9426615847515 Oyster-Closed 0
320.6901998901012 267.34676029187625 346.5015923845931 327.466872157813 248.33958561301915 369.60068004030535 222.53029539850104 309.4823445884174 Oyster-Closed 0
243.31491983356318 293.32547720465806 242.3888737537818 339.0698807642103 205.95775550466715 338.33209633335986 206.88425475797703 292.58815624023805 Oyster-SemiOpen 0
183.48028956614507 382.1584661850056 25.347065012050734 448.46352926795066 0 261.44284103867494 105.04054881432603 195.14196169862586 Oyster-Closed 0
325.63654848315855 334.5113093995878 328.49880519356884 309.6099824556835 376.6575003391554 315.14435331458566 373.795621957448 340.04533531538607 Oyster-SemiOpen 0
101.86335749121645 259.0585088087858 200.25843024729693 290.7323587893104 167.9339923875741 391.13000209776806 69.5393551011839 359.45710591911956 Oyster-Closed 0
290.6872878681279 356.15142296146814 266.4090067506404 434.49681039660777 184.66590336095396 409.17029660304246 208.94542197057672 330.8271917174 Oyster-Closed 0
289.56590471609525 62.8451196946639 321.9820857295126 0 429.471170221128 46.773073026079686 397.0553987795465 114.38182637168433 Oyster-SemiOpen 0
