0 40.246058536314194 91.2854252146899 11.896514140474672 146.0612231392588 216.13882988193913 40.35260773220216 244.4876757368007 Oyster-Closed 0
284.34299702542194 145.9238706870757 367.5800195373449 129.04918001502136 379.7725652128247 189.1883324404877 296.5355913000749 206.06287079016963 Oyster-SemiOpen 0
227.66433787141068 296.3764057799632 139.68578221865755 212.0896461232114 232.6479244350412 115.06436376300579 320.62445139340343 199.3492807261427 Oyster-Closed 0
0 109.334213 36.192766 109.334213 36.192766 312.951124 0 312.951124 Oyster-Closed 0
216.9157987549952 406.45537693732535 156.23505813480006 401.54373667907737 174.75804698367574 172.7900086841733 235.43183552100527 177.70136912777974 Oyster-Closed 0
232.98211561500284 223.07772597632427 386.8670851109928 239.68509160311538 366.3559420694437 429.71094912112306 212.47114610760764 413.1044916308059 Oyster-Closed 0
134.3340391599013 329.96653436067595 129.21366936389313 417.78761151663696 24.651251990140736 411.689248965889 29.774422908842098 323.87112926918 Oyster-Open 0
136.05125334556578 415.99999400191314 136.05373139139556 341.6993171092174 210.02352104435704 341.70163962993036 210.0228750480237 416.00050293690856 Oyster-Closed 0
11.656750578276842 410.93167470778997 0.27344370377250016 412.3883203639279 0 340.63615328417967 2.4725700412818696 339.17954225541683 Oyster-Closed 0
158.1550911400409 107.74924282203672 97.63956840209357 98.25635700319242 112.18996497839544 5.5026135291940586 172.70492393712266 14.995453985885083 Oyster-Closed 0
266.96885486050815 16.30855291306089 361.2967869465465 27.879709207992622 349.1794788130428 126.659180568296 254.8515523216156 115.08809784044263 Oyster-Closed 0
341.53293262201987 130.08981454153164 362.46082296210443 108.95808139344898 400.5326130666872 146.66150220286386 379.6048635354382 167.79309625169944 Oyster-SemiOpen 0
