274.7801693449728 362.5794598161916 222.22815670392447 368.3759986247349 206.36522831148613 224.56824827410435 258.9131099999722 218.77194800000066 Oyster-Closed 0
11.08339359843012 261.57537993221763 30.77038530835489 258.7107594055559 53.03661819249464 411.70714217867055 33.34965484267741 414.57163161227777 Oyster-Closed 0
185.43135218166572 396.8476412135959 162.22499717176834 402.58909501343294 131.74612624109068 279.42033584201437 154.95076138092918 273.6791080395577 Oyster-Closed 0
226.49930935249358 382.9340251936943 175.72519247724995 389.1914544187542 163.2773893711019 288.1964954162713 214.04854475924003 281.9392485003638 Oyster-Closed 0
88.47237450152534 415.99997931754666 88.47549699543379 336.4276878746099 161.7932170806962 336.4307330672177 161.79203678554404 416.0010706144476 Oyster-Closed 0
266.7166788534523 419.0107445846867 259.02386180552276 337.13943110176405 314.816439791015 331.89863301183345 322.51062200001616 413.7684070000035 Oyster-Closed 0
116.8917360000014 415.99999999997846 116.89492948628322 377.3748317035419 265.46257530109506 377.38394147585524 265.461386786199 416.0071251365959 Oyster-Closed 0
277.3695088302702 116.94731419692171 289.89160847416497 70.34828904526435 341.08886056075426 84.10582625671144 328.56701941858773 130.70462667794 Oyster-SemiOpen 0
332.90479600394247 216.46689502209063 288.18042146402877 221.9527836975834 274.86146084969005 113.3689083030133 319.5843749496016 107.88311248455797 Oyster-SemiOpen 0
93.56310056051734 194.729969125143 125.84524651731772 185.59019904069658 157.17701285922885 296.24518510654536 124.89495910178084 305.3847275796181 Oyster-Open 0
13.502848055795766 238.48657392013 44.996286940233404 228.14269270590125 87.4140293397395 357.2718220962505 55.920763701578835 367.6153369419909 Oyster-Open 0
342.3888692360597 307.39404529496954 268.6768706663279 352.19724051571586 208.4511168709505 253.12230855974727 282.16001944431264 208.32031885815448 Oyster-Closed 0
