409.150154054867 90.95043312199367 375.6548251163913 88.99956489338697 378.7850357603529 35.25767525657435 412.2801584057779 37.20853733992124 Oyster-SemiOpen 0
86.86636517646912 67.71082664539274 105.65271073022086 128.31687187384634 46.68617735818043 146.5942697209498 27.900239904625778 85.98856907639367 Oyster-Closed 0
400.60509863611514 137.72920030916805 377.0521968827452 149.11695078425794 325.90851007107995 43.33962533046808 349.4610766796941 31.95196603680961 Oyster-Closed 0
0 93.346028 8.833888 93.346028 8.833888 161.534047 0 161.534047 Oyster-Closed 0
127.23149201198976 53.416479722035945 211.77445356666794 68.45839691259607 183.29188847589467 228.53968009748067 98.74899887573338 213.4980602854838 Oyster-SemiOpen 0
107.12797747813238 184.03343283203205 65.22158390033292 177.4041284997714 78.5357235484662 93.24715833637826 120.44122700001026 99.87638899999942 Oyster-Closed 0
40.952161307526694 127.80300315218952 56.388436740624456 123.79062812087611 67.47411920412196 166.43758753642874 52.03785257834534 170.4499395071164 Oyster-Closed 0
216.42974698675607 41.91698519084708 326.2542199523814 64.41402974249671 280.8939651452747 285.842136667533 171.06973685907724 263.3457777904974 Oyster-Closed 0
401.43856432324174 223.35726695054316 366.7189893741852 221.33519178091424 371.2338714648722 143.82655962726983 405.952583999715 145.84860974023792 Oyster-Closed 0
346.21951758764044 82.99724214358827 398.06934233303764 105.75927193915845 311.19019700617355 303.6499345668879 259.3408376593543 280.8887289561376 Oyster-Closed 0
50.466091740858246 163.3758907548538 97.65752700831581 152.98873995939658 128.3973164236595 292.6368169895633 81.20598020245598 303.02367553624094 Oyster-Closed 0
133.07999923008902 276.076856367702 93.40284112061636 255.00884420889042 134.6296322202652 177.37534918085913 174.30570861887463 198.44301629792562 Oyster-Closed 0
0 78.576677 73.942893 78.576677 73.942893 395.061902 0 395.061902 Oyster-SemiOpen 0
212.75131299999703 244.3555709999941 244.1611754294354 219.37625220718104 292.55729086725114 280.22446710946724 261.14782753905456 305.20333937492995 Oyster-SemiOpen 0
397.01890351936527 299.24781076270756 354.95633866967546 296.798219867809 359.54196641655653 218.07890779267245 401.6029803667807 220.5284525634952 Oyster-Closed 0
277.5023500729658 396.6460145632164 106.89199031179305 428.9959636354155 75.34960445708202 262.6299393989955 245.94488765381539 230.2813761601331 Oyster-Closed 0
0 414.4473199999812 0 301.10095056554803 135.82436706215958 291.94140824370436 143.08578219841365 405.282796248618 Oyster-Open 0
391.4931176406899 394.1277618665464 352.50807800000257 391.85757600000056 358.4225959675823 290.33071024049934 397.4052619999893 292.6008269999988 Oyster-Closed 0
381.6413675438416 49.74607637653632 332.0312297803939 34.81761485716847 346.8139388472737 0 396.4239879913148 0.6205075145338874 Oyster-Closed 0
335.0260319324407 344.51421377300636 360.30897941856165 350.9965361152956 347.6727310015376 400.26985557079547 322.38982399997985 393.7876409999971 Oyster-Closed 0
103.67910919946371 90.84499075945891 64.8459061356516 83.67633324158855 81.12942347827266 0 119.96233989245593 2.637345800204825 Oyster-Closed 0
