179.0339234238927 157.41146575328295 133.01136767909702 67.1611258936697 254.7098351406421 5.1026059400735475 300.73246623512387 95.351992367313 Oyster-Closed 0
116.33018810344947 335.4980169166921 64.98483532801401 244.23338751470132 227.2914758758634 152.92842234582238 278.6370964548514 244.18962151332798 Oyster-Closed 0
219.7784449999781 175.63650200000782 295.9329626773251 146.6107036204451 327.12554922655545 228.4452077908952 250.9712553553618 257.4705530091063 Oyster-Closed 0
329.6441201987909 101.12099132009187 340.40146086906316 153.48025891821737 232.7360095607437 175.59859665412284 221.97946633597167 123.24002602792287 Oyster-Closed 0
381.18848699999944 0 381.1885668143077 49.18956213584817 259.247455201501 49.18952470079066 259.2475035357347 0.000025327674928016002 Oyster-Closed 0
347.9099824658588 35.44863269127298 356.90617365706566 76.92276013148279 293.4133448210887 90.69475426737654 284.417323416008 49.22077283596001 Oyster-Closed 0
191.33617031612084 406.0274154484048 171.88591605006513 301.04876592680785 333.59312410667917 271.0922803201095 353.04731741478827 376.06580673805877 Oyster-SemiOpen 0
387.2130122057024 308.0713518144215 398.2626547203654 367.68609591018605 295.1639880000148 386.7886260000122 284.1165132288261 327.175785272904 Oyster-Closed 0
325.80764301896124 255.49986944997033 395.6892614889148 257.3006735358918 393.61854002689506 337.64526592982196 323.73692399999345 335.8444989999997 Oyster-Closed 0
395.9407246553019 267.4900321575798 370.4021722442776 265.704343381863 377.1060698842666 169.84309612269467 402.64366944086214 171.62875118757125 Oyster-SemiOpen 0
402.0703762605335 168.41849626305472 350.7523272354629 172.0660415590287 345.81846638492425 102.64698056795693 397.1356396231022 98.99946714957754 Oyster-Closed 0
395.6443646371008 78.01721806982043 353.0856384282524 81.04225550634204 348.3591083996944 14.544529257221498 390.91762672973346 11.519498719379577 Oyster-Closed 0
355.7311343887486 56.23591394274081 378.0572423117155 90.82044046911409 305.8314108121667 137.44489900670058 283.50558400201044 102.86061666005186 Oyster-Closed 0
350.6047252166609 185.48627863727845 309.4864711183327 165.82768169906413 351.2008250740182 78.5809735841671 392.31829399999333 98.23935099999782 Oyster-Closed 0
0 145.017276 65.695011 145.017276 65.695011 261.726633 0 261.726633 Oyster-Closed 0
89.57904040546055 237.2935604922894 20.4544286990822 199.50898078625386 67.33225793761449 113.75557812817596 136.45519625467932 151.539594365211 Oyster-Closed 0
177.7242934841015 136.848686843501 106.38808470924778 170.66712078234232 73.8794768187945 102.09474052697988 145.2147648410646 68.27655979947662 Oyster-SemiOpen 0
101.27734600001713 88.12434199999447 99.76422327362525 49.28590078214747 171.16273299998647 46.504204000007135 172.67601250441294 85.34248241330947 Oyster-SemiOpen 0
139.34161520762427 1.0165055450809106 150.88156595472174 63.29437122260205 53.55129161419973 81.32912705245897 42.01160483834974 19.05151198905891 Oyster-Closed 0
108.16398876818494 73.408574197151 60.69168522977634 130.8310852482629 0 66.7311792205224 30.628267940086516 9.309006827147092 Oyster-Closed 0
17.48578627308234 23.59602668015539 19.7537332782631 35.83557537081722 0.010924373589659808 39.49383429527069 0 27.254292286317856 Oyster-Closed 0
0 111.889048 75.132476 111.889048 75.132476 150.421053 0 150.421053 Oyster-Closed 0
0.6211810440581758 300.44932794416366 0 238.8821224363738 68.82277534105015 231.74808591834022 74.74947502617943 293.3142417939353 Oyster-Closed 0
2.981551620490791 302.9173433266228 69.05227535612357 280.95204114128495 105.67914791062503 391.1038681203409 39.608833721526025 413.06838988445463 Oyster-Closed 0
70.70818388950283 411.3518344250167 67.41332457514363 340.5723120886871 142.03655090736356 337.09949266667775 145.33306800424907 407.87724564616644 Oyster-Closed 0
190.20798775402 409.46739029590464 143.5098824507404 398.9587450069338 170.09897775998616 280.8354402762025 216.7940268203929 291.34374628613415 Oyster-Closed 0
203.76840944629294 357.3601411000842 162.80894981168603 405.3036825194814 30.2801601103165 292.0986287779988 71.23829774594924 244.1572787503309 Oyster-Closed 0
0 293.107554 14.169406 293.107554 14.169406 342.464919 0 342.464919 Oyster-Closed 0
0 80.268568 10.321433 80.268568 10.321433 112.862462 0 112.862462 Oyster-Closed 0
283.30752199999915 0 283.30753921141513 24.82629791257258 188.52248486200915 24.826292371103193 188.52249499998652 9.682999943048086e-12 Oyster-SemiOpen 0
146.65301251683923 185.95859005814327 140.97414381238923 143.00614834791565 254.9210170942497 127.94106663076661 260.6004538846282 170.89280414452278 Oyster-Closed 0
94.38735094619915 245.97764303251986 60.87330826208199 199.72527435436226 151.67983639657905 133.93209641274538 185.19359818269368 180.1836053491725 Oyster-Closed 0
314.6159256546016 153.62483312824796 388.0307006544099 168.91973155055905 369.0360156623465 260.0867686253649 295.6213179192964 244.7921302227446 Oyster-Closed 0
0 334.419982 23.968436 334.419982 23.968436 395.950918 0 395.950918 Oyster-Closed 0
