191.25752869590724 47.92785578168725 312.62684121233906 74.25639596332493 288.9750709727268 183.28407006616067 167.6058323831494 156.95582517433655 Oyster-Closed 0
65.54576730382541 267.4854355087274 104.464534063889 164.13061085826106 267.91397418780616 225.6718796059102 228.99984678112742 329.0227590289558 Oyster-Closed 0
225.56112500002928 208.66568399999923 303.0360057629805 197.01824005788615 316.97335286546513 289.7155962235165 239.49851942461464 301.3627978350091 Oyster-Closed 0
348.19745094022437 170.9171745840537 341.68115493755613 225.24447959580934 234.11092839085904 212.34138996364877 240.6280705395984 158.01508082428035 Oyster-Closed 0
415.67408925947893 70.19565730971192 406.6290178243835 124.07178258795223 287.9733566563373 104.15054694757403 297.01882283276063 50.27487576564115 Oyster-Closed 0
377.21786218505076 111.85081709156074 372.5315111071868 155.098469283897 309.5193039019796 148.27024428898287 314.20592825055064 105.02290351841673 Oyster-Closed 0
153.01524367870297 415.99999815585574 153.0212443135133 336.03626974132163 315.34033963542606 336.0457441375657 315.3386298448895 416.0052481519332 Oyster-SemiOpen 0
277.68855099998837 416.000000000023 277.6897149657525 387.94790141260984 357.7008899183493 387.9506398028605 357.70051997520204 416.00193747262153 Oyster-Closed 0
383.6990186755029 397.79516056389883 370.2592604948113 396.0644615906177 383.0783530982335 296.54352265548675 396.51729200004047 298.2741680000029 Oyster-SemiOpen 0
309.56188613672566 328.78555993088025 396.69539462965986 348.6192833277752 380.106212334671 421.4812329971843 292.9728662959642 401.64799617931345 Oyster-Closed 0
375.44440078186017 355.81090720534985 347.13479032000396 345.77599350014236 379.0602956745279 255.72862662155472 407.3685504986606 265.7632741326437 Oyster-SemiOpen 0
402.69089655460266 257.6087693222712 353.89032646242777 254.76669384231 357.8645056088171 186.54485405440533 406.6637406022237 189.38688988769377 Oyster-Closed 0
408.05761334317503 165.4592069980201 374.18935549103844 163.48665819201852 377.8925654720406 99.90915888030005 411.76034100002653 101.88169400000109 Oyster-Closed 0
379.9813124874818 134.52607068596848 392.1493013811378 176.5062059533716 313.7377727400344 199.23206205910043 301.57036662481187 157.25242198346012 Oyster-Closed 0
350.55650857083674 258.2911117032476 312.8149264600579 228.56332730354902 368.2321622712261 158.21314615712504 405.9729459999944 187.94045100000088 Oyster-Closed 0
0 112.70719199999999 74.100787 112.70719199999999 74.100787 230.61620000000002 0 230.61620000000002 Oyster-Closed 0
154.36420236630875 166.37951022559866 86.82666424629133 226.89683345304778 28.307675894368003 161.5916307870025 95.8442665095863 101.07504876076146 Oyster-Closed 0
192.83565768144763 156.12263113553516 119.26497818158896 172.63546666861464 100.9694569938074 91.12226905999857 174.53892045306566 74.60957058503031 Oyster-SemiOpen 0
129.50245600000926 84.1803619999921 140.50406769416804 46.79322978519032 204.60975400000098 65.6569029999915 193.60833399487456 103.04387215688595 Oyster-SemiOpen 0
183.95025545508543 12.86280690410713 179.79049564842353 72.35207124380814 84.42751636365574 65.68364286550998 88.5874630000144 6.194638999977936 Oyster-Closed 0
138.84287619164752 71.59840725724285 86.20373070659844 112.40651363542786 21.461032722349046 28.893891348978766 74.09987503551747 0 Oyster-Closed 0
0 107.36931496729643 6.014444019489019 69.00294008723301 101.90632158651351 96.94825078160981 90.72559852646737 135.3142709437085 Oyster-Closed 0
0 212.84992800000003 69.263136 212.84992800000003 69.263136 270.496393 0 270.496393 Oyster-Closed 0
0 264.265961 67.708379 264.265961 67.708379 384.593591 0 384.593591 Oyster-Closed 0
33.62294309628123 409.972256750928 45.46148562694725 325.70597963010897 119.31058420332192 336.0790648472035 107.47435220439729 420.34323289073365 Oyster-Closed 0
149.8653211121491 421.2138417757802 106.0499948012548 398.8477973060735 157.27835527528077 298.51679302249323 201.09128423587754 320.8821218744465 Oyster-Closed 0
174.67772716135005 383.3196500334582 125.45703386569949 416.605618338706 20.691829087085353 261.7134635441131 69.90908564449273 228.4290752708018 Oyster-Closed 0
14.186507515387348 0 48.88868577094763 4.289197788963882 39.36554240161422 78.22675486165866 4.663367324050341 73.75714337428668 Oyster-Closed 0
350.38422218635606 34.026688104563284 344.1455272069361 78.45546919340379 222.02878166476876 61.30740228040966 228.2676800000154 16.878808000012153 Oyster-SemiOpen 0
274.8668555837867 181.03913754437292 263.428617673555 222.45865764769707 148.01940148504582 190.5880890124385 159.4581502424153 149.1693358958102 Oyster-Closed 0
91.57949263488263 237.6543533803462 71.15137517178664 180.3585675875292 171.14095725625157 144.71049611559627 191.56955642380854 202.00525232724434 Oyster-Closed 0
388.16755463819936 256.3457318055127 349.62670129085745 335.61354532855734 280.7949558791406 302.15033867747337 319.3361059312301 222.88402432437582 Oyster-Closed 0
