62.02687786980459 350.23544721482 2.1796796150920272 304.1714540837597 118.53152787792715 153.02529874676478 178.37561072527023 199.0874908972651 Oyster-SemiOpen 0
415.9999999998581 0 416.0001180169493 103.90477734641198 346.9358386302447 103.90460604017117 346.9360769999803 3.5248497257319427e-12 Oyster-Closed 0
183.97867178407614 232.96286979627155 177.7728184876578 115.90382531890074 348.1378913819426 106.87131645676264 354.346570677837 223.92751044015705 Oyster-SemiOpen 0
404.5110661095496 361.1280212332165 360.6142355154043 357.3137701411076 371.1154749084526 236.4924829097337 415.0095856499611 240.30661707975528 Oyster-SemiOpen 0
182.15349777779193 208.85920660198988 114.52373304043431 198.01382706878704 137.61516686663526 54.03158574615567 205.24290069951894 64.8768102345135 Oyster-Closed 0
18.602229962401907 22.63099195062135 138.81812487824936 33.0780606165597 130.83621348912493 124.92643205982583 10.620330297486362 114.47942528139194 Oyster-SemiOpen 0
189.14483615915378 115.18624438009752 187.04371795331463 17.138639827093193 346.2158297670612 13.727364095361155 348.31782089563785 111.77408739188813 Oyster-SemiOpen 0
301.93254900002285 21.15233599999577 321.74934816170935 0 370.9126850892935 23.87255544618147 351.09592693287414 53.755162435860605 Oyster-SemiOpen 0
250.92210150365645 0 250.92210604484717 24.47014021988597 217.4883319999899 24.470136000004207 217.48833616491174 0.000001243340656358589 Oyster-SemiOpen 0
204.64144999999917 399.88799999999736 200.262428009617 346.2083325475054 340.7443056676857 334.748004828774 345.12555666592743 388.4253232693749 Oyster-Closed 0
37.83397899999909 396.00889200000074 39.088933017101226 342.61552474191893 164.60545733993786 345.56338629498515 163.35274634779853 398.95456898291167 Oyster-SemiOpen 0
318.1110615744401 330.26285425899846 278.1458735291999 386.67975825202683 166.46564387786202 307.57801815024 206.43017048617185 251.16325912025218 Oyster-Closed 0
382.1072208316982 223.50836172161428 381.66957518988784 302.46496505329725 195.96884191346544 301.42973089778303 196.4098413353131 222.47640865712637 Oyster-Closed 0
32.492867815301 277.3352438025374 0 242.68670642896748 33.67271371386596 117.38159837565165 98.977490360503 152.02934110156366 Oyster-Closed 0
52.626666110350925 378.0684899726908 7.455293883667764 380.0885752462491 2.1793582056634477 262.0957190038976 47.347730903966294 260.07570085311477 Oyster-Closed 0
78.95784460188588 330.73182452064293 128.62701042496337 256.8679611050085 224.1792906681767 321.11081808894426 174.5129124476989 394.9722034788315 Oyster-Closed 0
348.2032623956911 223.30858065973342 343.88451445069586 96.97505401852916 415.19253707379175 94.53770505074091 419.5124878417846 220.86999470690694 Oyster-Closed 0
185.33805100115205 0 185.338102513997 49.718030387128906 91.16841859562555 49.71798238709703 91.16846625800463 0.00001764995883604359 Oyster-Closed 0
69.74043800001527 0 69.74043871481263 7.550535939576509 20.371292652846023 7.55053631991446 20.371293059808522 0 Oyster-Closed 0
47.518675479881495 146.2032739573852 90.00688379438361 101.78131896241364 129.1620502600199 139.23097409703323 86.67414998676031 183.6526281414095 Oyster-Closed 0
