182.42402470618254 151.04321255564085 140.8831105511199 59.44304128535171 266.2347929395037 2.596324612280957 307.7758869705722 94.19557368312688 Oyster-Closed 0
107.52844045777238 326.8064322306593 60.86543721376802 234.04941023631227 227.79039222349093 150.08196205574603 274.45411980063363 242.8355635634314 Oyster-Closed 0
219.99331699999675 171.882868000002 298.274397939098 148.88995910995473 322.68028502869856 231.9765305832091 244.39934147673193 254.96908443937522 Oyster-Closed 0
234.65596282365732 173.02516575997984 225.1876482682128 120.38142106570885 333.14926476799883 100.96396745535576 342.6181195064528 153.60704552845368 Oyster-Closed 0
395.6459950000026 0 395.6460754070904 48.25169033588771 270.3827608323845 48.25165828711698 270.38280663673504 0.00002104310237863211 Oyster-Closed 0
357.0036040311934 36.95687467771918 364.14274087009835 78.85009426937694 300.18734488270275 89.7486291040434 293.048377032741 47.85555713099549 Oyster-Closed 0
323.32167800777825 272.0262518569493 348.2422709407765 370.1330117438266 177.68909007834736 413.4397836412427 152.77451061435204 315.3381835352877 Oyster-SemiOpen 0
381.9671273146123 312.01083438765636 390.3439970251857 372.20651528586063 278.43753999999535 387.7734480000012 270.06301352467926 327.57991267651585 Oyster-Closed 0
390.5802082477676 306.37280091295656 383.1609500493578 305.8106634843503 390.25211719314757 212.2332035439087 397.67106000001877 212.79532900000004 Oyster-SemiOpen 0
318.8980115844861 255.6185410985878 395.97716521896655 263.42036869759187 387.4585510000179 347.5686049999996 310.37942667104653 339.7669501922603 Oyster-Closed 0
375.52571479612016 173.4591562528767 402.33085784388095 176.97695738534432 389.74682131013105 272.8576753591585 362.9416906891747 269.3399416990107 Oyster-SemiOpen 0
400.7763580027022 173.89104091577553 349.7679337329573 173.59125332804052 350.18411124038903 102.8592566113418 401.1916267503402 103.15904146978198 Oyster-Closed 0
401.31643955465915 81.94337569091513 359.01448721981797 81.69475043940808 359.4087257718311 14.635383631001963 401.71045635618793 14.884008268847301 Oyster-Closed 0
363.21062319420525 58.34340145237367 383.6633475076669 93.58303061070936 308.7303242983471 137.07234315634818 288.277896653879 101.8329675730653 Oyster-Closed 0
348.5413234505868 188.01200115481493 309.45337653166644 166.19204185408282 357.39954413683154 80.30561512065064 396.4867630000299 102.12532300000537 Oyster-Closed 0
0 132.356633 66.095037 132.356633 66.095037 249.31507400000004 0 249.31507400000004 Oyster-Closed 0
86.56830392255142 227.78434146403217 21.08045053922615 186.58088285421286 73.974574953314 102.51782983692068 139.4610116199692 143.72070164961787 Oyster-Closed 0
181.53002875509264 131.3248661434753 107.50318258289917 159.5926233506369 80.9472678427228 90.0492054313226 154.97319389356198 61.78164018759843 Oyster-SemiOpen 0
109.49706299999161 78.31953200001479 109.79936976516183 39.17922303810524 181.76657099997828 39.73500800000053 181.4644107676031 78.87517240679786 Oyster-SemiOpen 0
58.728141436626174 64.43163595070638 56.02812730662481 1.8913601892067209 155.1292017197593 0 157.82938149636175 60.15297916858212 Oyster-Closed 0
117.53828621530192 63.94743235876231 65.50484642970696 118.79125215138734 0 50.790938264276484 45.86483937340017 0 Oyster-Closed 0
31.567558254359028 9.497310452124266 33.2868748276851 21.856081087288832 0.034397537525364896 26.482054926807624 0 14.123290779299452 Oyster-Closed 0
0 137.94151534461787 0.006377805573720252 97.82248284732479 80.67968804897464 98.23132158601194 80.4766673922677 138.35000005514817 Oyster-Closed 0
0.17104285374080064 286.82366436562415 0 224.72457766248735 66.23818042443236 221.2554640877923 69.35327740278444 283.3536027373308 Oyster-Closed 0
0 289.3900717108447 63.42050341497088 272.6842634315573 91.08735128922126 384.56240312985864 23.521504636089958 401.26764137055557 Oyster-Closed 0
54.689207999992504 409.97148300001834 49.30710672997884 332.9825643044776 123.93329139481284 327.76692684792874 129.31711942085167 404.7539650401626 Oyster-Closed 0
172.5393839436074 406.48557772014885 127.43362576962318 392.88164404526896 163.03131657057384 274.8825239126525 208.13420772661993 288.4860176688605 Oyster-Closed 0
190.80861673917025 354.3801897845414 146.01147774942365 400.0459783709713 23.15727267822149 279.54736529618253 67.95256782578144 233.88357944681962 Oyster-Closed 0
0 24.040674 19.463983 24.040674 19.463983 98.639685 0 98.639685 Oyster-Closed 0
288.54689599998164 0 288.54690685966125 21.24831424799799 204.3042686925619 21.248311342699868 204.30427499998405 6.0677031935620245e-12 Oyster-SemiOpen 0
147.94879253008548 178.74865003940647 144.21137033159175 135.40499496129698 257.0799930733847 125.67254445328082 260.81800481889513 169.01552184657493 Oyster-Closed 0
90.69529345183764 236.72623632309515 59.82369417600421 189.46263037934153 154.5803336363242 127.57323079896364 185.45180041524145 174.8359897681046 Oyster-Closed 0
346.95707727489935 264.89050948096207 282.9840305269172 236.3521234877315 323.75326018629494 144.97222744422137 387.7242476703577 173.5100743719557 Oyster-Closed 0
0 321.93172 12.189725 321.93172 12.189725 357.908835 0 357.908835 Oyster-Closed 0
