92.82761489518452 186.11412243134959 163.85760121929343 214.8240907876979 92.81613904394544 390.5603758797211 21.78689087456587 361.85175995667134 Oyster-SemiOpen 0
401.0908428402581 28.04639712323693 393.64309218651397 134.55883619595113 304.8897883887694 128.35244219253357 312.33813599998393 21.840810000005845 Oyster-Closed 0
176.40745484536455 264.6545729084942 169.4697869163865 147.10111357343575 333.905735174485 137.39617644440136 340.84661794319254 254.94631631339752 Oyster-SemiOpen 0
403.45430774259876 388.38924835775 364.0705182647034 387.014174100641 368.2098998243673 268.5141324394473 407.59104663738253 269.8891611629254 Oyster-SemiOpen 0
173.24763556971448 237.43702852562853 104.00317280941817 233.5458876585153 112.03285636673536 90.6845552687898 181.27468674432748 94.57562616893817 Oyster-Closed 0
0 58.63458800000001 112.054979 58.63458800000001 112.054979 151.747428 0 151.747428 Oyster-SemiOpen 0
337.8339886728754 68.20719208414314 313.22048053644903 162.35336265379627 156.5302085123294 121.38746361819754 181.14453410016358 27.242595875868748 Oyster-SemiOpen 0
273.44554199997583 52.36422200001422 291.36382116393725 23.132939704613907 343.7314672096654 55.23329035085328 325.81328697902063 84.46448576557822 Oyster-SemiOpen 0
188.60776858068857 56.18334609626729 187.85931903612436 19.26071555106953 220.34771088556226 18.602156593963674 221.09619952127468 55.5247464629086 Oyster-SemiOpen 0
225.67307099997925 415.99999999998954 225.67635931027326 367.6859426825276 347.1621499589237 367.692213375535 347.1608877088547 416.00428139012246 Oyster-Closed 0
54.225216 376.223863 164.372238 376.223863 164.372238 416 54.225216 416 Oyster-SemiOpen 0
322.52944628007754 361.3705822517839 286.44876645399927 416.68328163270434 166.063716208595 338.1693918004809 202.14396632739226 282.8591210385994 Oyster-Closed 0
376.53698843224265 253.99397832365753 376.5614870112404 332.85518527580376 191.82331633033027 332.9059049870008 191.80256652751632 254.0483661048826 Oyster-Closed 0
0 173.683366 74.82369 173.683366 74.82369 299.723148 0 299.723148 Oyster-Closed 0
60.7542421710059 408.6053848547081 6.636863602718222 416.69381319751284 0 299.11776281291384 43.17568886119989 291.0296307058302 Oyster-Closed 0
81.71248508909775 362.40429778658853 126.60970874780469 290.11983126405823 228.91855337104062 353.6528508303543 184.02450134262472 425.93453599860266 Oyster-Closed 0
330.5576669247821 254.40814688660382 325.4844100057999 127.76142350673385 406.267887878741 124.52576187350326 411.3427736559279 251.17082148857907 Oyster-Closed 0
58.94766797855118 53.19647867253871 84.53460774696941 0 164.86205800862444 32.00809835489255 139.27537070895778 89.15923001082001 Oyster-Closed 0
52.89036456431495 11.546704040790102 52.37612443068792 40.95538282664647 0 40.03049462520006 0 10.621851999979627 Oyster-Closed 0
31.595456526614726 178.6807307158795 69.82025154245275 134.3301541341556 113.00235804406839 171.54622269509275 74.77797544643909 215.8964107750385 Oyster-Closed 0
