62.108780263966764 354.36834474760644 1.501555977465614 304.76336540197406 118.32501617843081 162.04858594150994 178.9292673364289 211.65163122099824 Oyster-SemiOpen 0
342.007118 10.926871 416 10.926871 416 134.858111 342.007118 134.858111 Oyster-Closed 0
183.19835156591216 246.56511552183645 185.86594147669894 129.39244986948094 352.1657901176186 133.17730663614614 349.5015252574449 250.34681600545528 Oyster-SemiOpen 0
404.51118902811504 391.27368084892873 360.3283205455373 387.40412710445264 370.9181121413676 266.52810999760044 415.09797256746606 270.3975335793516 Oyster-SemiOpen 0
182.52486445880277 220.08870699682706 114.10983933381067 208.96775227307478 137.0726731138675 67.71552451394979 205.48548186731568 78.83630701170271 Oyster-Closed 0
18.349395153574733 26.895759398663287 139.34797222628185 37.49457241049997 131.25916761142798 129.8375764196983 10.260603060160065 119.2388308573049 Oyster-SemiOpen 0
185.15551775732456 129.13633365105645 190.45987621362292 31.461137740016646 350.7312693303975 40.16440764409573 345.4281431644922 137.83843598757127 Oyster-SemiOpen 0
301.93254899997555 43.981763000010936 322.46147723816466 16.16426332387957 371.4548974028294 52.3206246674615 350.92605003222707 80.13805078038168 Oyster-SemiOpen 0
217.10053199699541 40.8786876297266 219.3504664179236 4.158775505612299 252.04992959328592 6.162366714076492 249.80002197716385 42.882252780544626 Oyster-SemiOpen 0
204.64144999999917 414.8516759999908 204.33149189353207 360.8874976308114 341.59159045488195 360.0964719752694 341.9040566716103 414.0582082600401 Oyster-Closed 0
37.83397899999909 398.3497690000092 43.07487338156352 345.5169661686384 168.44409343634106 357.94878958580966 163.2056073430722 410.77937238107523 Oyster-SemiOpen 0
318.44792774435336 354.17178935389626 277.3719681911534 406.61915706123176 165.54647814516284 319.0538380332123 206.62137043289476 266.60866212227904 Oyster-Closed 0
383.35907208304343 252.2414109504095 376.9944682025889 330.5789372130071 192.4644657793615 315.582404033228 198.83235909064024 237.24839857867957 Oyster-Closed 0
2.5706245867768303 147.2692875028984 88.62637722561703 145.76730656525697 90.73560662160162 266.6076295235562 4.6798547947946645 268.10957804909236 Oyster-Closed 0
52.56795483728274 380.23771003810197 7.5488241715829645 382.2468332106766 2.2811557466302474 264.19540016556056 47.297276795063226 262.1863441840028 Oyster-Closed 0
78.52900053767371 335.9516623855872 129.89577260475198 267.21369401414995 225.38041909169624 338.55523476039974 174.01636206388866 407.2907360368583 Oyster-Closed 0
416.00122843907593 251.96108700000002 344.6104973516922 251.96108699999994 344.6118927043208 124.46898700000003 415.99970006849617 124.46898700000003 Oyster-Closed 0
87.94698343130949 27.41568365422394 118.40640607845125 0 195.025122463765 14.580993863524364 164.56583545890317 69.73164060786252 Oyster-Closed 0
76.02337100001387 0 76.02337272902514 10.898932910184822 20.37129209511113 10.898932569137457 20.371293219708605 2.9692690623596893e-8 Oyster-Closed 0
47.52661028259536 149.61559086861783 89.981193416319 108.43414661612492 129.13089677484822 148.792928737641 86.67661413934911 189.9740703333528 Oyster-Closed 0
