190.31642854718302 276.2115261580434 261.3524743375565 143.44145985526916 411.59716373274205 223.8203201116601 340.5670629945671 356.58521257111676 Oyster-SemiOpen 0
318.6131100703751 409.77640898936943 304.6649975963701 457.40694903099507 47.6350091319473 382.14268150273296 61.585849351769866 334.51618257050876 Oyster-Closed 0
0 320.99655581463134 7.6658968115043535 222.80676726804117 408.88718725099534 336.88148496523746 380.977931480149 435.05866758077286 Oyster-Closed 0
0 314.169896 56.205388 314.169896 56.205388 394.546884 0 394.546884 Oyster-Closed 0
391.3352844944202 383.7347830436875 331.40401732626924 374.5634963580055 352.3837222974762 237.51133407823016 412.3104950000197 246.6822690000011 Oyster-Closed 0
381.8005936712907 85.67472669255251 415.48233845493814 206.58215784803994 141.6394842749978 282.85463550758953 107.9641142190485 161.9525736083989 Oyster-Closed 0
413.77501225447486 208.1980543779325 386.9351518364383 207.88575746918588 387.9152379133484 123.67954964466833 414.75446088675017 123.9918429328327 Oyster-Closed 0
414.72864930347714 126.2220021577808 382.1426535280225 125.84283576322163 382.68038323111614 79.6418211463553 415.26611099998627 80.02098599999975 Oyster-SemiOpen 0
33.2643150000149 235.1731129999835 41.46475656409166 192.71213046920184 203.1446706160641 223.93310502193273 194.94584692560966 266.39264336711653 Oyster-Closed 0
0.00000862122033140622 252.00968375514822 0 196.90387952436274 75.28057075463948 147.36167330205632 102.03784601603911 202.46647127353677 Oyster-Closed 0
13.06895056958092 93.35829480122214 169.8325974776344 117.35057368352055 157.3356284022775 199.00210272840823 0.5720370000308321 175.01007400000302 Oyster-Closed 0
159.67678484380303 6.506037510890344 156.95920482487782 73.20487387707418 19.616441671831126 67.60852764020464 22.334324117051437 0.9100729712760317 Oyster-Closed 0
39.39778130282866 97.36160291147098 51.527303627597576 54.7524903183817 184.15908312689862 92.50789861459826 172.03014063775845 135.11651007778283 Oyster-Closed 0
121.05660364321739 117.48442916313373 134.30315092153614 0 386.6486890408014 27.443611212792817 373.40429259452503 145.73844903957703 Oyster-Closed 0
