300.4580558165035 148.22652696004639 350.84115897934316 176.2778792930768 299.77506766347506 267.9905055952291 249.3923513046575 239.93970115796188 Oyster-Closed 0
339.91970958658567 282.78609637614096 315.2608164277917 337.6350243810731 241.22203842087401 304.3528047297197 265.8812466672971 249.50503623939727 Oyster-Closed 0
216.90797524373193 316.91340457396655 263.7575214671888 291.0330263125329 306.826413568142 368.9830066868962 259.9773665728426 394.8626848717375 Oyster-Closed 0
16.885751999991044 162.33012599999986 75.15561639670341 161.30393963885876 76.56958703937198 241.5881347227799 18.299723365307727 242.61430643877054 Oyster-SemiOpen 0
20.090445000019827 229.63484099999835 35.595944900094764 228.27843629994624 38.71669498331539 263.94906888857537 23.211196455940808 265.3054630595913 Oyster-Closed 0
72.65222805879966 306.90253380739443 66.42263956657189 363.529572392981 24.31231715024842 358.8972577770787 30.54251686642965 302.27091326791844 Oyster-Closed 0
86.03592745132482 316.964683392789 109.42642460402567 344.4846529761681 53.880667138473655 391.6842992717632 30.490829876434873 364.164953709298 Oyster-Closed 0
34.997764876032306 401.94449538146205 36.15387671322242 391.4395709270969 83.69251646796329 396.6697866054699 82.5365978424743 407.1745323648199 Oyster-Closed 0
70.23387196522162 405.8202526553573 76.1202497869599 352.340979882155 175.41378600018652 363.2671438706377 169.52939620510733 416.7445588844399 Oyster-Closed 0
181.36534343465974 415.99999872658697 181.3660121299472 391.4976294449201 232.13106661556594 391.49879369658953 232.13083999349692 416.0007203407731 Oyster-Closed 0
197.71347199998854 415.9999999999965 197.71372294890898 400.2573874441071 225.45263522730966 400.2577526238139 225.45254129029126 416.00020862511786 Oyster-Closed 0
138.94019901445427 383.01018973027095 155.33914380860006 335.3461432377513 230.76584608744088 361.29084996865123 214.3683717904023 408.9536455219167 Oyster-Closed 0
228.1501097120672 20.32481103102922 276.89514611574486 15.49832804075526 283.5636080243821 82.84620147796916 234.8185742024216 87.67266944468994 Oyster-Closed 0
368.6202151022153 121.8769568479333 343.44611181876826 166.49321796045496 274.36063127468515 127.51332669906067 299.53474647104304 82.8974427432726 Oyster-Closed 0
368.1226979346975 228.10606736395505 413.2741856272405 234.3088461341797 401.8873848898693 317.185860510564 356.7359220712715 310.98320574732395 Oyster-Closed 0
416.00015227832046 270.798119 400.50005240195605 270.798119 400.5002302461762 220.69446199999996 416 220.69446199999996 Oyster-Closed 0
416.00007146885764 209.26401400000006 404.3323686077347 209.26401400000006 404.3324557474152 168.43548300000003 416 168.43548300000003 Oyster-Closed 0
416.0003499055056 154.436007 354.2178219648631 154.436007 354.2183035479211 79.44332499999997 415.9998838665233 79.44332499999999 Oyster-Closed 0
416.00002449398744 164.191277 409.69063937624014 164.191277 409.6906728712638 128.14417600000002 416 128.14417600000002 Oyster-Closed 0
416.0001164071182 78.853013 372.9305621989406 78.85301300000002 372.9306594894624 26.235510999999995 415.9999888033526 26.235511000000006 Oyster-Closed 0
416.0000362019273 97.353405 403.1303016936945 97.353405 403.13033477806675 57.394856000000004 416 57.394856000000004 Oyster-Closed 0
416.0002829652585 384.4585579999999 395.67304153375153 384.4585579999999 395.6733031377589 340.964041 415.9999875463327 340.964041 Oyster-Closed 0
416.00068308355185 341.246855 369.02032390596287 341.246855 369.0213466812311 276.4805549999999 416 276.4805549999999 Oyster-SemiOpen 0
23.08743333588427 263.8903541066069 73.76212407270941 259.4575572537418 78.27325342612676 311.0205698969833 27.59856894503173 315.45330851152664 Oyster-Closed 0
141.7696920505441 317.5979458283979 101.45043270886163 344.23489300655314 62.62193346332788 285.4702945089051 102.94007296991913 258.8338507976629 Oyster-Closed 0
140.65527883806863 377.4802416948938 103.55704383685952 350.52739750171554 137.60211522212194 303.67787788006973 174.69947379262885 330.6302616955756 Oyster-Closed 0
118.30016484358202 214.45382193466588 121.35647696290471 133.76517888867147 187.9083103056255 136.28597583557632 184.85286111228197 216.97378413021843 Oyster-Closed 0
200.65224668882001 146.0295368365748 230.02411553374986 196.32177508670003 133.79911771267143 252.51420424506918 104.42838426984599 202.22295202954896 Oyster-SemiOpen 0
153.8810137834189 6.270151774598858 153.35126631036837 19.2712881283831 94.30398110196984 16.865309919117152 94.83373599999322 3.8641790000147584 Oyster-Closed 0
235.0090997358093 9.57579934364476 232.2448455615122 77.41868290995032 151.44605430615047 74.1263240563205 154.21050491776987 6.283626837916962 Oyster-SemiOpen 0
153.99833201364527 6.225753713348642 163.6164640406132 48.26401580398026 112.56635637132786 59.943913422560684 102.94829822964311 17.905715581839765 Oyster-Closed 0
114.76789534782438 4.676416450314697 113.91698759667634 25.559478145210207 53.19767758195667 23.08535808241709 54.048601000002236 2.2023120000176637 Oyster-Closed 0
2.0101021712616784 26.433477170244284 19.356464423843136 0 76.1999701142231 15.567773765862368 58.85365608534994 52.86817365508895 Oyster-Closed 0
3.2504805166317965 47.495248152633486 23.956534988898056 21.386290394004742 81.84024535783828 67.29151383869393 61.134291232403484 93.4003770841686 Oyster-Closed 0
15.025728941101988 56.71920269038701 52.336103051900864 56.06210380363482 53.69991306933298 133.49883649209454 16.389539070431056 134.15593113965198 Oyster-Closed 0
15.523384970940242 84.97533896262586 71.92331230685886 83.98204987511504 73.0678333673095 148.96767222095886 16.667905887003144 149.96095452447028 Oyster-Closed 0
137.38593764833422 140.94886808331182 133.43826116698983 204.4190125937777 60.50976061385518 199.8824461790031 64.45808130874866 136.41295401955097 Oyster-Closed 0
16.654037816930213 149.17350536512302 29.054855716643942 148.95511175340965 29.337414718855143 164.99869099895804 16.936596832194482 165.21708412771557 Oyster-Closed 0
221.50753916539907 165.1535678096285 164.29299586998604 158.8882780498846 172.4348202600886 84.54357602985795 229.6484284681428 90.80881406166921 Oyster-Closed 0
234.94313172755938 93.6446327857866 274.85231295485573 106.6488011146312 249.96885786305575 183.01252407807206 210.05973866923523 170.00848301557528 Oyster-Closed 0
145.79060565591863 150.49691994796763 124.45376412799669 101.16283138407664 212.92429559790253 62.900318855057236 234.2612629761752 112.23393249107826 Oyster-Closed 0
