203.10700707319484 266.63947289218135 227.78379860558562 115.01932913512191 398.44449296872335 142.79328359281803 373.77313386934475 294.4085260372318 Oyster-SemiOpen 0
402.65394671650574 348.8243392083971 405.209727459438 399.32016147747584 93.46848520246567 415.0714795259124 90.9182194339046 364.5805948459766 Oyster-Closed 0
8.910422884804575 377.8894208061987 4.578732683694398 275.2322937701765 402.14557639232225 258.450652707101 406.488034809292 361.0947683595206 Oyster-Closed 0
8.591440645977855 415.5963873545837 7.71096409661186 365.04258747207746 92.78398229892991 363.56063020408703 93.66590393774823 414.1129719370752 Oyster-Closed 0
405.2935738742526 299.3556244438199 354.5850568537062 297.5850003077899 359.2864349726224 163.00369799634825 409.9922008537469 164.77427433440775 Oyster-Closed 0
336.1209055527106 21.91328488632732 403.75114064152876 122.80888260124509 158.9887080506487 286.86103633547884 91.36286052035211 185.96931520939634 Oyster-Closed 0
402.99258824994104 127.1443099159516 361.9551251896919 131.48930585329828 353.183176910301 48.63976412329226 394.2201429150191 44.294793815631465 Oyster-Closed 0
349.6900532617765 58.96850959584326 334.261564753564 14.127592347687273 388.0261895784897 0 403.4547025244101 40.46958462037122 Oyster-SemiOpen 0
39.95095200000651 279.2570579999871 33.72436064995418 236.58159991275818 199.63812571547533 212.37443040465993 205.8659772139108 255.04829833461287 Oyster-Closed 0
9.787042807769467 330.4631911207652 0 302.086268981213 35.25697059893355 177.24348152432097 83.39132327964762 205.61953178673707 Oyster-Closed 0
140.81831631782552 124.40009989990992 154.27104411963228 204.61149531372948 0 230.48099000001662 0 150.2715048751544 Oyster-Closed 0
0.34727713545726147 107.84654507302274 0 27.598290517661837 103.0697600247695 10.901043387888445 114.77947614530422 91.14886320178374 Oyster-Closed 0
11.830870834481175 145.89505397732609 9.248227138890798 101.48836042130284 146.4521907084527 93.50826347404247 149.0354387535699 137.91430321529333 Oyster-Closed 0
334.1618029326128 0 334.16274890920977 124.04887854780624 88.77864858543035 124.04822611437535 88.77934080125851 0.00043837167060006426 Oyster-Closed 0
