292.225224005997 115.19759288846016 334.48894090640897 145.32353467148386 265.99981187157755 241.40114083907008 223.73656304486576 211.27576624945982 Oyster-Closed 0
300.64703419504804 249.848943025398 274.4791606624822 310.1145619476099 207.39478082991263 280.9886870807204 233.56297002425345 220.72410500160933 Oyster-Closed 0
173.8221575073112 287.86328837073603 228.44635998461308 267.01544193793325 259.1157426417485 347.36043902901866 204.49181106034666 368.20778135820416 Oyster-Closed 0
0 147.489074 53.22668899999999 147.489074 53.22668899999999 225.669146 0 225.669146 Oyster-SemiOpen 0
0 219.16764100000003 7.952146 219.16764100000003 7.952146 243.369441 0 243.369441 Oyster-Closed 0
0 289.006222 31.276626 289.006222 31.276626 344.514701 0 344.514701 Oyster-Closed 0
40.55320876208498 298.9550588897789 60.80415319840904 317.2402518320359 9.542859207183938 374.00077360736543 0 355.71599484248475 Oyster-Closed 0
0 389.3113238238734 0 379.24130799998477 25.148967628516402 380.7279978003379 24.55359009672611 390.7979274988751 Oyster-Closed 0
17.79309137138989 390.3980571841844 21.043002191458072 335.4587973955469 118.54722113910248 341.2251786301581 115.29914152788479 396.16265819765334 Oyster-Closed 0
121.86659700000746 396.5494339999848 123.61499973795799 366.9897802729171 176.78505610020875 370.13367408192994 175.03721252859032 399.6927982625148 Oyster-Closed 0
158.98690607168464 373.36971315528206 171.71915289701428 388.0845985162288 148.47037742816974 408.1953411321977 135.7382946742291 393.48061108563917 Oyster-Closed 0
108.23794053732854 387.7737792448054 83.09845971265167 345.13938688725193 151.7947413499678 304.6410483076786 176.93418596448828 347.27439800228797 Oyster-Closed 0
240.3187635612121 0 289.17154354010927 0.31418520795772886 284.2271232117055 61.209941429737526 235.3743434589669 57.24335875325988 Oyster-Closed 0
297.5308125737247 56.33668045282724 356.55889823510734 70.4840664527176 342.2894348810187 130.02066220569844 283.26137280274634 115.87334609115831 Oyster-Closed 0
366.9924325912107 193.9230673362291 395.65167579657646 227.21402797322 327.6939007895635 285.71041759669123 299.03532967252613 252.42008813565326 Oyster-Closed 0
387.66523508395767 331.5562172867255 374.87162910465486 329.484526657358 381.82627486165075 286.545118153381 394.6195819999957 288.6167839999989 Oyster-SemiOpen 0
379.52467486083333 170.65740117511382 412.84996488942124 176.05432553366322 402.4873958561402 240.03731275837725 369.162121153935 234.64045167595512 Oyster-Closed 0
411.07696126087103 177.56342485221626 386.4698105720563 176.99070938264316 387.63474030180805 126.94796464362508 412.24154700000145 127.52067599999947 Oyster-Closed 0
361.7234818551842 34.956383626512704 420.83032386189734 50.76092805683617 400.5915805361037 126.45025775657737 341.48477506786 110.64580169221098 Oyster-Closed 0
412.1953649510142 129.5065502184244 399.17133464676226 129.20341827030782 400.0996392096022 89.32235024539239 413.1235680000027 89.6254809999999 Oyster-Closed 0
414.178097889966 44.32011964450311 379.7954718440524 43.519855948132246 380.82707003030373 0 415.2096240000137 0 Oyster-Closed 0
340.14630640700125 325.27532458662785 367.895174571433 299.76370732959055 406.81106814182203 342.084673885954 379.0626260586141 367.5958553444541 Oyster-Closed 0
391.48201695727766 227.78291990110083 424.35310258587197 266.85360961203605 359.093140872028 321.7500026586654 326.2229066373584 282.6801176871036 Oyster-SemiOpen 0
0 245.054717 38.60703 245.054717 38.60703 295.130305 0 295.130305 Oyster-Closed 0
101.49196082045091 300.0539052129476 53.62115570269452 323.7729610004002 24.26655276443853 264.53527368748524 72.13602291915959 240.81661387832204 Oyster-Closed 0
87.18432388020665 359.0091750424219 56.28082354796061 332.1386166395384 99.01013586076442 283.00573041986576 129.91297842493805 309.8758047265711 Oyster-Closed 0
135.1407340577316 216.6124337175171 87.73603840880969 181.61490189966113 146.07532591153358 102.59784909438096 193.47914769122872 137.5949133343432 Oyster-Closed 0
187.23217211681913 123.12031129042654 213.63779338383029 168.77358734688355 106.91938167723492 230.49428558821552 80.51477285356304 184.8418878901003 Oyster-SemiOpen 0
238.5162236227734 0 238.51627076279328 50.8049847837842 162.82353474045522 50.80494578249743 162.82357378076267 0.00000254061491432897 Oyster-SemiOpen 0
164.75618400001986 0 164.75619655418632 31.475498655525033 115.92491838544811 31.475489372734682 115.92492840098203 7.094600196676177e-7 Oyster-Closed 0
115.85313600001973 0 115.85313619784938 4.879813897844499 73.92296674487443 4.879813535906092 73.92296700002407 0 Oyster-Closed 0
76.69271731949993 0 76.69272581018959 32.24006486586478 24.149765896185272 32.24004901149258 24.149781342835922 0.0000014134713762458518 Oyster-Closed 0
83.80769275982675 44.868019031787064 64.09245954504877 76.8938734062856 8.477274470224074 42.656979603651735 28.192496454634238 10.631205286916565 Oyster-Closed 0
20.227467445285583 40.75982730606936 56.40505492989905 46.6189964420324 43.71417017706699 124.9783849378884 7.536591000021872 119.11924900000166 Oyster-Closed 0
51.96187258580903 65.64107080167202 87.05159938405632 93.79837057954606 35.08368036698448 158.559378519725 0 130.40230331049207 Oyster-Closed 0
123.60343999526594 116.20087610600415 129.5401536378231 177.92482348871025 49.96343275250911 185.57745623354552 44.02741425401837 123.85411826679551 Oyster-Closed 0
2.802667999992991 148.34855500001373 4.78186242593074 132.76166114119377 17.05225423432057 134.31968035307256 15.073086179978418 149.9065504139565 Oyster-Closed 0
155.71292902139612 129.48774429592754 171.62817825730963 55.84049690939502 225.52923312351777 67.48849508503731 209.6143942566232 141.135378103133 Oyster-Closed 0
236.2443059418547 62.50331618131313 270.8864255745175 79.66024995166018 230.44732014915644 161.3104022811937 195.80530628730048 144.1536228036882 Oyster-Closed 0
136.3345684140113 127.89524111709522 115.9821920508366 82.85047575921318 212.8486994728264 39.08415594549876 233.20115932616682 84.12854499278433 Oyster-Closed 0
