173.5227550350064 284.3677220040619 251.46635195320778 153.37229945885662 397.9548829673113 240.52655837125678 320.0173785029838 371.5166211593192 Oyster-SemiOpen 0
268.5025603059985 414.61956992485614 252.92441195085485 460.5264730395361 24.477710623690655 383.01266585255473 40.05797244315909 337.1092192345872 Oyster-Closed 0
0 325.2173611218455 4.14518834842238 227.27707218609234 381.2583455369677 348.17122228206273 349.86795327912114 446.0993829398541 Oyster-Closed 0
0 331.932126 33.647039 331.932126 33.647039 395.840245 0 395.840245 Oyster-Closed 0
367.7392798558394 399.9863904473933 308.53050055132553 387.0320956796367 338.36881744653874 250.69405063883815 397.5729910000009 263.6478199999966 Oyster-Closed 0
376.91679424858376 101.40674297452702 405.3034673898874 223.19671809338777 125.32967654828826 288.438744899412 96.94980885281984 166.6545637303032 Oyster-Closed 0
401.5084802290112 225.20515762814748 374.66584862516174 223.17124824552891 381.0196524824569 139.32559340131507 407.86158518508455 141.3594767618209 Oyster-Closed 0
407.69542746680963 143.5541767521054 375.1060612457186 141.08475788416487 378.631766851413 94.55866093669786 411.2208200000132 97.02806800000081 Oyster-SemiOpen 0
18.274492000033206 236.6442150000184 28.28960479098896 194.27856773684817 189.13958215160164 232.29819200938968 179.12614433061026 274.6623763296824 Oyster-Closed 0
76.44848460405046 168.27904806727784 83.06023997775264 230.97910434875735 0.030308306824736064 239.73280140900408 0 177.0336359555935 Oyster-Closed 0
162.30788772375308 125.39055406248501 146.11093568341312 205.1991997160806 0 173.6034149385408 6.6306624188691785 93.79630190557808 Oyster-Closed 0
159.40204745169467 13.011488910232297 153.95383715205753 79.7577805355391 15.87351619101537 68.48640657185656 21.32204055427792 1.7405294913010747 Oyster-Closed 0
33.48066369720618 99.09115787560671 47.51433760800501 56.67317915185138 178.13220233366883 99.88618280304229 164.09913593804959 142.30364100264106 Oyster-Closed 0
114.73565117733233 122.62442949051633 132.8950199487299 4.396887315586939 384.74255228943 43.078845087036335 366.58570414727365 161.30404504541386 Oyster-Closed 0
