288.6035451722164 154.87131841278884 337.5366758612072 183.7827304055576 283.16628870131535 275.7977832474929 234.23359538960722 246.88696570875925 Oyster-Closed 0
322.3961776534052 289.9099544885552 296.9949071982446 345.4157578533623 224.47606291787088 312.2330242503269 249.87763527006246 256.72840223932474 Oyster-Closed 0
198.47996786256772 323.77010596605425 246.76678267434545 298.83855373003746 287.37599482784935 377.4738461373876 239.08964526004638 402.40471332833613 Oyster-Closed 0
4.1778073505774955 169.50586793609577 62.46037173567311 170.52644568709394 61.07481543745598 249.64642356604205 2.7922511070792098 248.62586068694728 Oyster-SemiOpen 0
4.125993000001472 236.3779809999999 21.27186406133478 236.07873395063663 21.921988662317744 273.32464253859786 4.776117688146769 273.6238870927068 Oyster-Closed 0
45.80427965670242 373.7908194831543 1.7280734960477275 367.0328386931897 10.784280279720406 307.98466706171064 54.858950376052235 314.74252885677043 Oyster-Closed 0
67.84422985456695 324.50555105717694 90.4931237464807 351.8988533112922 33.264067954482016 399.20427706929297 10.6158633906889 371.8116209294683 Oyster-Closed 0
6.435330999967846 368.6798840000003 14.29974902485992 368.5426470948549 14.938348151095852 405.1284229409166 7.073930168626248 405.2656581366587 Oyster-Closed 0
13.649286000010761 409.58374099997957 14.818757173361519 399.01800463524523 62.40244644439008 404.2830729503608 61.23317331876024 414.8486270337309 Oyster-Closed 0
52.339784071973554 415.9996490122978 52.34173795147581 362.8407243482251 151.18255882800804 362.8443372320323 151.18241045430477 416.0013912887097 Oyster-Closed 0
161.56390900001497 415.99999999998926 161.56435369037354 399.1398875253549 207.89711718912804 399.14083123328635 207.896952993593 416.00066415224325 Oyster-Closed 0
181.35522600002878 415.9999999999767 181.35532185310512 407.91751198585507 202.17353184162857 407.9177006697333 202.17349699944316 416.00012781364035 Oyster-Closed 0
119.11931256862954 390.8516162884529 135.93669562251307 342.65066308854614 210.85385853518164 368.78303329203516 194.03798570797153 416.98270241399274 Oyster-Closed 0
220.44210633469993 26.603298536862667 269.4763569214447 23.477708478763915 273.7689900822479 90.82022735473652 224.73474079570224 93.94580640404342 Oyster-Closed 0
354.7396037672479 114.86651296402056 337.50645569002154 169.49414526890678 270.1389338245899 148.2421839733415 287.37232434207544 93.6149849533642 Oyster-Closed 0
353.31353756678436 234.62359786255027 398.0016289688974 242.3194894037644 383.59424611187205 325.968584553597 338.9061950459145 318.27285346757145 Oyster-Closed 0
416.0001473612865 374.111599 404.64063292521314 374.111599 404.6407732297557 333.542376 416 333.542376 Oyster-SemiOpen 0
416.0003908894432 278.194632 385.2023379355451 278.194632 385.20273234865454 220.32685700000002 416 220.32685700000002 Oyster-Closed 0
416.00020615712856 220.995187 390.8049403214609 220.99518699999993 390.80518763084547 169.462356 416 169.462356 Oyster-Closed 0
343.64868970377574 86.32188918945305 407.14721870405265 86.52477208424797 406.90703312684855 161.6965957119223 343.40850415669775 161.4937144776799 Oyster-Closed 0
416.000101221387 172.430409 397.5548670801254 172.430409 397.55497072938306 130.81819199999998 416 130.81819199999998 Oyster-Closed 0
416.0001638477843 85.85885 364.90405891687624 85.85885 364.90417314115257 33.13425300000003 415.9999808737557 33.134252999999994 Oyster-Closed 0
416.0001262537189 131.834926 393.3975081722092 131.83492600000002 393.3976577304311 58.14548599999996 416 58.14548599999996 Oyster-Closed 0
430.5600922742997 398.65938304979534 402.2265366090869 415.22681346052224 369.43808906836057 359.16578233852005 397.77069763162217 342.5987041697803 Oyster-Closed 0
406.4174800109431 270.3563672418302 444.0300687005656 312.2771652821296 386.48164132174134 363.90109647780844 348.8699883153313 321.98120136583753 Oyster-SemiOpen 0
4.696917893634236 269.0859615655094 59.11443783813593 268.1362484767017 60.002464300785505 319.01172750315357 5.584944494286901 319.9614280119537 Oyster-Closed 0
123.74350620807672 325.2734674104919 82.06229769915444 351.29745801128223 45.31261577580881 292.44639448042676 86.99261870635382 266.42290037184796 Oyster-Closed 0
120.23985551898659 385.31558302695083 84.31415180560725 358.00183112864323 120.03058704582509 311.0350555856162 155.95543682163407 338.3483216156604 Oyster-Closed 0
102.83712767051111 218.7260192588453 114.3378844455583 136.76000487057618 179.2120170273629 145.8622245382399 167.71222266452241 227.82736806502797 Oyster-Closed 0
188.07156779266734 153.4502092012727 216.6466374644915 203.2915010263566 118.42212601579376 259.6000455253508 89.84824378723715 209.7597824791712 Oyster-SemiOpen 0
147.84451293528764 11.202948263069013 146.61118010900827 27.479307162107112 85.23867770281868 22.82880234738154 86.47202400000606 6.552457999994111 Oyster-Closed 0
145.62215094103522 13.28507349070211 223.2831854211363 12.744687941170513 223.7746349028348 83.37277189425303 146.11360073255491 83.9131558291253 Oyster-SemiOpen 0
146.79441498947926 12.985113224233581 156.40006751798137 54.84762793207787 104.56928827126467 66.74044066099076 94.9637269822415 24.878005488238227 Oyster-Closed 0
107.87907899573838 8.174557530885954 105.9590868153391 33.51273247537875 43.90994482126189 28.810934201409548 45.82996199998888 3.4727869999886467 Oyster-Closed 0
0 32.37624249470427 11.091964313603967 0 69.40986495243123 19.811371519461307 50.376307587866904 59.997568395944626 Oyster-Closed 0
31.983733856799518 4.356286562665461 37.11401206837763 0 51.53340085950913 7.455983894297966 46.40312350475142 14.64555692453562 Oyster-Closed 0
0 54.5035051957079 16.13951692424962 28.22065305301023 72.41197451814878 74.21158640730553 50.931235481155454 100.49433318250426 Oyster-Closed 0
6.032071501631435 63.62049296308017 43.35057139056153 64.27400175380711 41.99070276643761 141.92783322981563 4.672202999998262 141.27432900000034 Oyster-Closed 0
4.411668434957392 157.00090709667379 3.4467337967289495 91.92637985469979 60.10693791742597 91.08628136419374 61.07227704251636 156.16039238742965 Oyster-Closed 0
125.07113050015323 148.0570667040531 121.09096399416012 211.7938196223584 47.8307115352618 207.21831005330102 51.81155547722665 143.482244020595 Oyster-Closed 0
4.411178647951601 156.17968495151 16.814699304944952 156.39688514734235 16.537161286491028 172.2453497777051 4.133640642456157 172.02815007797534 Oyster-Closed 0
208.73081495280348 172.42779606111597 152.00062654249632 164.23614979262888 162.58635062324902 90.93176804608146 219.31557474426154 99.12334342190923 Oyster-Closed 0
224.95942269392253 99.95268673130238 264.0408292412867 114.03532823999986 236.25911870180425 191.13093112701893 197.17779036435604 177.0484376073743 Oyster-Closed 0
133.841752443499 157.51397703381798 112.97318393974274 108.61800732794352 202.9919937960367 70.19921688405383 223.860704657498 119.09467926393212 Oyster-Closed 0
