407.4869214594801 318.53189058208017 344.23307754328926 343.3230373277418 304.14325318520787 241.0460919422623 367.394164962745 216.25557484819456 Oyster-Closed 0
210.08993469006964 9.785017657328122 207.94555417135416 55.82721502037288 136.01524068686558 52.477003238601014 138.15970854011175 6.434895614206107 Oyster-Closed 0
114.49985315557569 5.332869717723937 113.11242004368978 35.12234766967865 25.07335500001136 31.021875000002964 26.460829418472713 1.2324339217728595 Oyster-Closed 0
407.3913794365144 360.07265189073996 395.10745534874513 419.4978853767976 294.20576952889314 398.64306413445524 306.4911884189132 339.21987815397205 Oyster-Closed 0
8.523753896381095 339.659808326766 24.176463703319314 288.8100058195831 112.3320593084718 315.94093205553486 96.68093114745352 366.7893908933545 Oyster-Closed 0
160.28552238540578 415.9997555010328 160.28808175180166 339.1887117496276 257.2833129082064 339.19171237121697 257.2832478563032 416.00025009511467 Oyster-Closed 0
422.9377708978682 53.787361458486664 414.2511587958288 126.16751162077871 267.61448628180005 108.56811166044554 276.3017640416874 36.18867802141038 Oyster-Closed 0
416.00004922695007 201.39025699999996 405.1490987811121 201.39025700000002 405.149185178092 162.20751800000002 416 162.20751800000002 Oyster-Closed 0
361.02482614412656 120.35075284664487 404.4523330333177 160.86196949651847 314.72572229603975 257.0408048790611 271.2990783837631 216.53048231036115 Oyster-SemiOpen 0
329.9606909192553 313.47158602493295 231.73539560663266 344.1011066778826 201.27507424313444 246.42456690228252 299.4957813379551 215.7958112872571 Oyster-Closed 0
314.72136943550504 408.8296262764714 251.08147334425303 389.30900190727874 274.5015946390922 312.9796433213339 338.1384363970028 332.4997621131773 Oyster-SemiOpen 0
416.0006643768029 294.161588 386.4855053775136 294.161588 386.4860472053988 200.60399499999994 416 200.60399499999994 Oyster-SemiOpen 0
160.35360723210397 59.65289090050847 183.82831032258764 124.39346277732619 73.64688144837055 164.3429901705817 50.173063332153106 99.60317039559075 Oyster-Closed 0
240.04695697809439 236.86163314372666 215.20907502314003 297.38239843033506 133.5338109199729 263.8653191967575 158.37210366410363 203.34575573251433 Oyster-Closed 0
316.797987000009 415.99999999998386 316.7982577140174 410.14831449766564 409.834712747499 410.15157974311876 409.83463996217324 416.0030632480103 Oyster-Closed 0
416.00042779273645 400.159235 395.350877519988 400.159235 395.351607560533 311.153207 415.9999959811212 311.153207 Oyster-Closed 0
