396.78500559790336 290.2935366543948 333.76178344136133 320.3668028982114 287.8106208084828 224.07793958035722 350.8313734136682 194.00535546065666 Oyster-Closed 0
181.93724122334243 6.329026238285237 180.23124347579142 60.75143797446928 108.98919610738449 58.51806534434421 110.69530344475788 4.0957697948727985 Oyster-Closed 0
0.7312230175775767 0.025534981768928135 88.1099291911778 1.6470685281545363 87.04547342063961 59.00682611503757 0 57.385295021165334 Oyster-Closed 0
296.19112709324327 323.7919365366645 396.8515218437569 331.10363172088523 392.3497884086464 393.0656245627458 291.6894088946101 385.75407277914564 Oyster-Closed 0
0 369.03643129795057 3.319816914092371 314.94366423090776 102.31023560086396 330.4704221198337 93.82547858565886 384.56152005289863 Oyster-Closed 0
154.7957710076589 415.9997342921589 154.79836841570796 340.35159322042256 253.18239963925225 340.35472808645835 253.18229682827587 416.00035870025926 Oyster-Closed 0
247.3087065700347 97.42830356343718 245.75393457044993 23.512269743784806 413.81693969554544 19.976784352984378 415.372332183073 93.89218158405245 Oyster-Closed 0
412.1720555783468 171.28163163568237 384.91944733669516 169.73102128049706 388.2009485704002 112.06302293676549 415.45316056110823 113.61362190419823 Oyster-Closed 0
337.3269494641936 96.44235321837665 382.91024620958706 130.51793128373023 300.41214903827495 240.87054341800678 254.82945941415164 206.7956709691518 Oyster-SemiOpen 0
225.37948106200565 337.9650102593918 184.39425238440526 247.193109475416 281.2025200223434 203.48796471365276 322.1883987628753 294.2576051027995 Oyster-Closed 0
309.9186713300114 394.6114877263558 246.76604971880442 380.27967976647494 264.57195091546237 301.8429021407359 327.72152853982334 316.1743480665151 Oyster-SemiOpen 0
414.54336633024286 265.0162668995821 369.3167662745509 264.7531654655038 369.8922065571496 166.00516332959992 415.11715934068343 166.26826006287598 Oyster-SemiOpen 0
133.76668680896182 66.49647418748171 165.45710549907744 125.73531686252025 59.913505996391905 182.19439386743696 28.223992197963526 122.95632756738317 Oyster-Closed 0
204.88957408902206 297.31407477934954 123.13325170914686 274.21120714890895 141.69063213190384 208.55312588523174 223.44459832792563 231.65563832313654 Oyster-Closed 0
309.2160278603915 415.9998219286293 309.2176592691467 385.2628002466635 413.82512583063726 385.2670371527774 413.82462563461377 416.0029255534089 Oyster-Closed 0
413.9270219070386 370.9280092092434 384.41147065449695 370.75632307615626 384.93827699608664 280.38228485015276 414.4522828915615 280.55396645684544 Oyster-Closed 0
