409.2606535040359 296.1134542802264 345.46953805382145 322.79185393408284 303.7936714128409 223.14923954456316 367.5821348972022 196.4714568989533 Oyster-Closed 0
206.0139939044675 0 206.01403000925347 46.24954654725002 134.33212560473112 46.24951483017061 134.33215769759045 0.000002658855057729601 Oyster-Closed 0
111.42851700000756 0 111.42854151196661 33.092038341421144 22.22185600001103 33.09202100001243 22.221875541825284 0.000001478382365157637 Oyster-Closed 0
408.23929166472954 336.71373527537145 399.86490608470194 397.6653733260921 299.010714079679 383.80933050843356 307.38674306200846 322.85966201262903 Oyster-Closed 0
11.55702918381212 344.4228101123282 24.120571082647075 291.72527409842587 113.19596682433621 312.95740086204137 100.63404212253954 365.6535354268227 Oyster-Closed 0
154.1498049992515 392.8982597325834 173.35624906352677 321.5147687148338 272.5246240966444 348.1905492960585 253.32097558338864 419.5716364462212 Oyster-Closed 0
418.91365806494287 28.05301765378793 415.2002190184321 101.56383049609333 267.62905116630645 94.10832734590292 271.3430474038796 20.5980535393438 Oyster-Closed 0
416.00005200782107 177.144686 404.26878430511715 177.14468599999998 404.26886424726035 136.36688199999998 416 136.36688199999998 Oyster-Closed 0
358.99333357451906 99.31658942276646 403.07073765315 136.93541388063474 315.2202658945607 239.86255259285616 271.143572362711 202.2444969511297 Oyster-SemiOpen 0
234.15058693427272 330.70563066527535 200.2158956042731 236.11665127987578 298.758954739038 200.7676356645132 332.6947305890535 295.3543354817889 Oyster-Closed 0
317.70238334214446 393.002055796587 254.58711914550076 375.25851496732076 276.2977781960144 298.0542578333917 339.4100933553418 315.7973556770044 Oyster-SemiOpen 0
416.0005993278319 269.554906 386.3700238102865 269.554906 386.3705249357263 175.72408599999994 416 175.72408599999994 Oyster-SemiOpen 0
156.83304720666638 52.76200099486523 184.08983484540295 114.97823621460118 75.32267857600891 162.62697995245378 48.0667181460376 100.41144683713284 Oyster-Closed 0
238.58052072775172 224.22557330420162 217.03173123080705 287.50642235908447 135.49561267228637 259.7430699183665 157.04496823056252 196.46340715527685 Oyster-Closed 0
316.37822653391413 414.3284547416 316.23601118846636 389.68356739776783 415.9758935532773 389.1070981979763 416.1189714613938 413.75110777303183 Oyster-Closed 0
416.0003182832188 375.0951689999999 396.96107968532306 375.095169 396.9617467679891 287.36989700000004 415.99999862427285 287.36989700000004 Oyster-Closed 0
