415.5188549279628 306.8947383969667 358.81800216027113 307.3421489174894 357.8645766230402 186.3736441806844 414.56251400001565 185.92624499999985 Oyster-Closed 0
0 3.822375 44.938864 3.822375 44.938864 52.01472699999999 0 52.01472699999999 Oyster-Closed 0
126.96325397448891 10.47757727447775 124.95853708903087 60.84148877475795 43.59708449585378 57.60275439317631 45.601922716577974 7.238935156828465 Oyster-SemiOpen 0
421.30336242950943 334.44927960642974 373.7920526403286 372.9656400539422 309.9899103391581 294.2751290166822 357.49955518885326 255.75982359779786 Oyster-Closed 0
88.70919095405407 386.3978704168506 3.0832330000303045 386.66907099999986 2.571505085543322 223.7800140025518 88.19010920199798 223.50882492111398 Oyster-Closed 0
82.45351772068898 407.65065514697017 94.43657771815924 213.4095446448154 255.7902095459649 223.36324337580456 243.8163443084777 417.5955827499878 Oyster-SemiOpen 0
307.57209812970177 415.9995549667036 307.574888181407 353.13739711977547 415.5757682789226 353.1417069435262 415.5752649896058 416.00154292402425 Oyster-Closed 0
243.8780550000156 416.0000000000061 243.87960082245263 380.5675728360863 321.19672118496965 380.57031446694936 321.19613797129205 416.0017827257556 Oyster-Closed 0
406.61910908225036 28.659001544804504 401.1744576668316 118.51351157420271 97.02085037959478 100.08032470479745 102.46690889748425 10.227581487591628 Oyster-Closed 0
403.3415047816852 219.09376119700286 228.665189845 211.48788081745354 234.3066458262001 81.99516662917198 408.97733420341683 89.60092965462735 Oyster-Closed 0
