403.0044019051202 267.0536493108573 346.1191352725509 267.8369186921038 344.47301459031587 148.2123451954575 401.35578900000473 147.42909299999982 Oyster-Closed 0
0 15.698978999999998 30.08554 15.698978999999998 30.08554 63.373899 0 63.373899 Oyster-Closed 0
112.26590274283808 9.067169586247235 116.66884116279107 59.06716662288668 30.710785684957955 66.63628530080653 26.307999701712106 16.636404190471037 Oyster-SemiOpen 0
325.34863084142125 232.1623306487903 398.335872044594 232.40268988183124 398.06014374387087 316.1197581784319 325.0729025843975 315.8794038154885 Oyster-Closed 0
0 230.56473599999998 75.907252 230.56473599999998 75.907252 399.236454 0 399.236454 Oyster-Closed 0
79.00920129236692 410.6933389439459 66.16158611256833 216.80641978710236 223.1375979414297 206.40677130028578 235.99283285026468 400.28552793261395 Oyster-SemiOpen 0
303.9605830454384 406.9670652208251 292.66365583754305 329.1857282099601 392.119474071118 314.7434417477697 403.418425042797 392.5223399801342 Oyster-Closed 0
225.21182299997963 413.0880999999949 222.04401867397246 360.9749401603403 310.91973483419497 355.5732593821889 314.08900632121004 407.68484856757357 Oyster-Closed 0
389.55682266383155 4.5328469349096725 388.50683957887304 94.82469318574293 84.07060187434035 91.28192008970346 85.1217149049844 0.991071120176189 Oyster-Closed 0
220.14934324255955 196.76119913380768 208.05806892029068 68.61973676872337 388.59779431799325 51.58383016235985 400.6912907695332 179.72292709408626 Oyster-Closed 0
