416.0009744787276 275.682212 373.0876056264642 275.682212 373.0884969292929 160.734718 416 160.734718 Oyster-Closed 0
61.581306999989465 0 61.58131439980207 30.567844298208897 17.433801999985008 30.567834000022 17.43381184644386 6.653574668557559e-7 Oyster-Closed 0
132.2280239999891 0 132.22804815393465 35.704763282170354 64.240908531272 35.70474916013189 64.24092399830624 0.0000020326825570936 Oyster-SemiOpen 0
351.9611202800734 236.06782804382175 419.5809177428346 239.05302433409108 415.7540250527891 325.7274973723902 348.13423037099346 322.7423649618425 Oyster-Closed 0
14.309868860451388 204.63798987392067 94.30693148800856 199.04496307960315 105.68253228823596 361.730558550778 25.685487221217045 367.3233605556649 Oyster-Closed 0
93.44963738866863 384.9436451222741 103.16001762596716 190.2266369450309 263.0497632852166 198.19995290203852 253.3476837549897 392.909034932448 Oyster-SemiOpen 0
319.8949310409953 402.45525994979715 316.4878732817706 329.2600203072451 415.40279810791617 324.6561841998995 418.8120392974706 397.8491506402015 Oyster-Closed 0
244.78826152182228 405.9534094813992 242.55528108280123 357.9816372624976 329.7173241313285 353.9250243869484 331.95163842718466 401.8953796689075 Oyster-Closed 0
415.9999978048618 0 416.0003554807263 84.07127372666156 117.9164724271177 84.07057312405692 117.91700863371807 0.00015348529376662019 Oyster-Closed 0
245.75653398257055 187.54767759178353 248.5673653308295 58.167617261262706 418.0783701060609 61.849761100093296 415.26993865188706 191.22753563268355 Oyster-Closed 0
