431.83854627215624 193.02994382946397 345.1692766796659 214.12255647839356 298.1626551518166 20.972634518900175 384.8282160850722 0 Oyster-SemiOpen 0
413.26489870711157 250.84464219525765 413.0888228343538 369.8957026557099 256.76232505678854 369.65855783129444 256.94348192341204 250.6125570738574 Oyster-SemiOpen 0
349.80417666499125 249.42057008148396 265.5978718609658 272.2145274677225 214.23302855044312 82.46264572350775 298.4351064668226 59.66925901063755 Oyster-SemiOpen 0
316.36086909841833 258.1194238391376 240.78426552139354 341.43612759936235 90.05189558366328 204.7161036124526 165.62601751902184 121.40268652059729 Oyster-SemiOpen 0
138.86119021834384 284.9635527579648 34.19343303634014 305.89812578452035 0 46.58190671915846 86.9858743177574 25.648571731586344 Oyster-Closed 0
150.35809791137945 413.90270563039985 32.22363911714638 423.49001494022025 21.78680602059103 294.854611688708 139.91241832540254 285.26764620490223 Oyster-Closed 0
289.226301973511 402.3536006457684 207.94847094517536 473.4779600773446 74.7533748994756 321.2986848338193 156.02521501886076 250.17880040147398 Oyster-Closed 0
107.00420506514274 4.360036316423962 105.02352011755647 52.971371868737705 15.422333772334241 49.32039596089464 17.403115999990405 0.7091229999829765 Oyster-Closed 0
273.93167822217947 16.820798305777103 271.2660672770471 37.745749305736496 161.08121529979326 23.709262848388224 163.74686051547178 2.7843536697762383 Oyster-Closed 0
303.8029229698441 12.378854591950722 302.5689329265115 42.66472227869434 135.6877577289015 35.86485570634404 136.92184700000143 5.579138000011281 Oyster-Closed 0
302.9685837893812 27.58697777965981 306.0357263239457 62.292845977202425 223.24341289634685 69.60944362541704 220.17640599999504 34.90371900001444 Oyster-Closed 0
255.311881219488 120.75265955736694 238.22101423970162 160.81985356329335 147.01964624559696 121.91795152293783 164.1106426476399 81.85120633113252 Oyster-Closed 0
83.25787406827294 103.86547402738339 153.5810065378355 83.10554923185009 192.08468799126786 213.53031752149175 121.76173930223376 234.28984397323146 Oyster-Closed 0
44.29492269964976 72.52733268566763 85.02549846698093 28.484893940570988 137.65202551486436 77.15378623366446 96.92167189788597 121.19601230169286 Oyster-Open 0
249.40282545561058 56.30596786379539 220.63715276464427 121.72052737566972 133.98677307112303 83.61646941254037 162.75257810293624 18.202255096328606 Oyster-Closed 0
312.2641073951381 70.42364024895737 415.5087792286249 65.78132859611353 423.2641919090165 238.25557603629812 320.0195344487074 242.89777749540576 Oyster-SemiOpen 0
416.00144525346695 404.09504800000013 357.36343217445756 404.09504800000013 357.36583515152597 299.3248679999999 415.99997514043207 299.3248679999999 Oyster-Closed 0
416.00029645574614 416 349.65181700003814 416 349.6522989441837 394.23935700000004 415.99975166779404 394.23935700000004 Oyster-Open 0
406.34808511861775 382.7119869909601 387.90224919947286 448.55230161800836 232.38225306925597 404.98655236478254 250.8304107192016 339.14965446661523 Oyster-Closed 0
15.01135469230212 198.10290238311316 38.65764633639628 196.31137347622558 50.781903043760394 356.31968607213395 27.13562004495907 358.11114466454234 Oyster-Closed 0
