310.81814371785003 0.598452836075023 400.84333109898216 0 434.03700640207535 164.75327884675465 344.0119012287396 181.29076494461438 Oyster-SemiOpen 0
252.8280882395702 344.7333036380221 249.68428447521728 224.54567928271402 410.6602106111968 220.33499085225824 413.80870384585796 340.51771018632223 Oyster-SemiOpen 0
342.61458462658993 224.8274732430457 251.1056494534023 231.59489688898438 237.50870135944933 47.719073443063394 329.0138835141588 40.95178226635499 Oyster-SemiOpen 0
313.9325736602623 231.08825187463611 234.39563817540693 319.59753391037935 90.55508543044925 190.3453003866239 170.08980813207745 101.83903602084871 Oyster-SemiOpen 0
135.93933676510278 275.4093372762736 28.10356542779482 291.4601459364477 0 32.99473517336626 97.4601449681395 16.944807213444086 Oyster-Closed 0
139.58512209644687 397.1423493544367 27.635239679071674 400.3557627027348 23.99997819658165 273.57974258717195 135.94196304067373 270.3664380435388 Oyster-Closed 0
285.0871021851017 384.4425243769397 198.5387985609923 458.95958328517685 67.38532579483217 306.6571176914464 153.92723260753337 232.14464265836878 Oyster-Closed 0
107.00147499999366 0 107.00150191674402 36.77259481068283 26.86569864257399 36.77258230461464 26.86571551040106 8.853466356787524e-8 Oyster-Closed 0
278.64881800001604 0 278.64881914603757 10.598606432888122 207.63191289323368 10.59860193697228 207.63191500002722 0 Oyster-Closed 0
304.9075100000373 0 304.9075163922571 16.731564024866735 169.99313978886858 16.73154540855679 169.99315000000934 0 Oyster-Closed 0
311.77139037512825 0.7009782035001042 316.57470755102986 34.954104066459024 234.54952687390323 46.45640492998071 229.7462790000027 12.203354999979494 Oyster-Closed 0
258.2029259784358 95.82889316131475 241.96247915495042 138.2029975242476 153.6248630070695 104.34660219723416 169.86544859133573 61.97287519945039 Oyster-Closed 0
87.07618727573936 82.8532233247622 160.43609851448127 64.79421119695293 193.22034115706265 197.96801614700732 119.86055478217168 216.02671830971747 Oyster-Closed 0
51.15457743418301 59.413806098068974 94.07750855522681 12.664238226485814 144.40962817176114 58.87635586095739 101.48687706898272 105.62575235568448 Oyster-Open 0
255.76869619684658 31.31628547400576 228.27280639098535 100.56571930485784 143.92071233420575 67.07311248433577 171.4167246286852 0 Oyster-Closed 0
317.74627285810493 45.93522365374275 408.3075325126156 38.52606165153278 422.03598736053755 206.32356696541507 331.4747640380119 213.73258082032325 Oyster-SemiOpen 0
416.0014515224393 373.752629 349.6655587942114 373.752629 349.66819069863413 268.3211889999999 415.9999726110218 268.3211889999999 Oyster-Closed 0
337.30364200001713 396.40465999999634 335.4448447373834 367.38798094804565 415.55127252028615 362.2569602669653 417.41079102006915 391.27286469107764 Oyster-Open 0
398.436534362605 352.2881001370915 381.0812333626527 427.2578220101979 226.04958566693676 391.3700528984075 243.407655222225 316.4039159300978 Oyster-Closed 0
14.185216523881536 187.2002441750493 33.268338841324294 185.75441335660818 44.85505640066549 338.6681224852139 25.771940733760857 340.11390230966305 Oyster-Closed 0
