301.34725970409636 16.754519964485187 392.43829425218064 6.493094510875128 413.6425908809724 194.7216532516616 322.55160038803297 204.98288771114557 Oyster-SemiOpen 0
385.44553285074653 247.18752397743214 385.2704902968726 366.19400142671407 222.3676058363526 365.94806088710624 222.54787846455292 246.94676961019792 Oyster-SemiOpen 0
318.21912259743476 249.2121665475037 226.603522237554 249.57947382404254 225.87158928583813 66.45307266746607 317.4827953093918 66.0857738434423 Oyster-SemiOpen 0
289.1829432902596 253.794506513194 203.84467105196018 337.86107333470636 69.61002326609014 201.60493432510083 154.94515505570234 117.54143872602705 Oyster-SemiOpen 0
108.96995240690012 290.1109424932196 4.621805881120963 298.27972270913136 0 38.598443681612174 88.63416537522062 30.430122432198605 Oyster-Closed 0
104.01136694618253 410.15875972114156 0 405.78072402899073 2.7878159270403557 279.63857174101264 109.19837681152785 284.016455881019 Oyster-Closed 0
247.4421394895253 401.9766422803212 155.78051804215283 471.3338052764368 38.133647235084936 315.8827203722638 129.78762780097168 246.52986545671223 Oyster-Closed 0
109.0739577343229 2.5386934501545935 107.99134326457715 49.05491370250534 18.364296204192215 46.96880919011892 19.446996507034783 0.45263467300387095 Oyster-Closed 0
276.8232622404903 13.298227304299395 274.0886215698447 34.534567894299656 165.5278756155385 20.5548946598278 168.26254510811486 0 Oyster-Closed 0
306.1556550168025 7.125736170984689 305.4461199660909 37.612408083588775 140.53072902072017 33.77394948294848 141.2403509999931 3.2874059999779925 Oyster-Closed 0
302.85449474463167 24.215974966423836 305.84089084562584 58.54028034301584 223.60325599341377 65.69520678976983 220.61698300001808 31.37103200000789 Oyster-Closed 0
242.85317223746097 116.04256520710038 224.2283374716717 157.63420568246795 138.7118347832402 119.34021450458995 157.33677453821292 77.74900138008768 Oyster-Closed 0
73.41565499664648 93.2190915462351 147.94408232233036 80.25544914127349 171.44775986426976 215.374512822849 96.919405874316 228.33791145236452 Oyster-Closed 0
39.46347647665607 69.08294648253867 85.46310026462379 24.744171327212516 132.3728495161704 73.4108479380845 86.3734186586953 117.74943077692532 Oyster-Open 0
244.8396126567095 51.602711300445606 213.42967544790008 119.52573388911077 131.67288972133247 81.71854865186698 163.08293763794063 13.795846957533747 Oyster-Closed 0
409.41452116443907 236.09569031147876 302.3571054163076 232.98074397376234 307.39165328272793 60.05167078166047 414.443586682537 63.16653093800524 Oyster-SemiOpen 0
382.2199776363959 289.25391173649996 435.6742051123074 335.37391571208093 367.5235114438983 414.34346617668996 314.0706602371247 368.2249513318511 Oyster-Closed 0
302.4849890000296 416.00000000000773 302.48617075414586 390.5053453296665 387.349957096827 390.5081958231359 387.34954172512516 416.00209213857426 Oyster-Open 0
364.93668512607474 378.9854696394062 344.5392554096252 449.6442670781382 192.17497361210553 405.6653384093095 212.5747902299663 335.01010311181125 Oyster-Closed 0
0 239.90081100000003 13.470755999999998 239.90081100000003 13.470755999999998 342.418928 0 342.418928 Oyster-Closed 0
