20.141940753677773 365.83954976348366 35.32222291342623 368.9614802120311 28.851965207679314 400.4148825740551 13.67169314864077 397.29298590575536 Oyster-SemiOpen 0
295.26535196275654 120.83664080360542 340.1355052032486 317.64404391903787 83.25740240833693 376.1891906417185 38.40007114277614 179.39265054117425 Oyster-SemiOpen 0
234.94415275111533 151.22589226243906 29.920813323573384 149.1223828281583 31.423301773906132 2.8968698402019273 236.4426394531656 5.000358951723831 Oyster-SemiOpen 0
217.2398314042075 13.92085084577602 209.71450103431198 131.3586710903579 101.0466859694352 124.39467192541213 108.57275872642276 6.957748841758645 Oyster-SemiOpen 0
0 59.132739 49.999703 59.132739 49.999703 304.491172 0 304.491172 Oyster-Closed 0
12.615916583803482 66.96253123482914 0 55.800734396326824 25.746382039586024 0 46.68477891329894 3.0527600978275857 Oyster-Closed 0
421.16292587089265 48.47764950579519 403.0166323747908 155.0184088837961 212.31352249883275 122.5358079577306 230.46101700000872 15.996901000013727 Oyster-Closed 0
371.01375762564567 427.3338300652134 275.0507292424336 410.9910179503372 302.46974328830765 250.04981853637202 398.42358891241383 266.3918305690852 Oyster-SemiOpen 0
28.157169817324757 404.39490335112544 41.126897865658975 328.29474130363644 193.9898166858402 354.33923083252523 181.02452877998076 430.43545267896735 Oyster-SemiOpen 0
319.5701232545907 224.93706514195284 365.4271570268611 282.7172748589443 181.0723702792602 428.99698921249546 135.21961970869233 371.2207300271825 Oyster-SemiOpen 0
298.7202714094856 112.60804776346885 410.4567519999873 113.159674 409.7403111952008 258.2730182116475 298.00383006332777 257.7214055826235 Oyster-SemiOpen 0
70.94808010374254 187.4263310304393 50.53381285610885 146.94773595446577 122.32760794863134 110.74188721826916 142.74195108552522 151.220055805207 Oyster-Closed 0
44.123748009780684 107.41878264415986 156.36103692049437 94.95061726052667 166.17298886871868 183.27434200509066 53.935730524412065 195.7423632897706 Oyster-Closed 0
228.94767231120932 28.874483213140696 294.161895960282 32.050621976259045 288.60299919411773 146.18771802244171 223.3887740293285 143.0116077196377 Oyster-Closed 0
51.2204940605443 192.09490169274946 104.68026047980675 218.96020521285078 48.67399226316775 330.3941238753987 0 303.5296031497769 Oyster-Closed 0
0 364.87294799999296 0 307.07836919287774 80.89837599460952 284.7715915500655 94.53856358585836 342.56460401867884 Oyster-Closed 0
193.70455462608152 391.0182774346169 211.38213729783456 391.4552191071131 210.76465906036537 416.42979709502436 193.08707652869634 415.99285930401436 Oyster-SemiOpen 0
246.1235810000253 415.99999999998636 246.12428681000893 384.1797587277955 282.6935642673234 384.1804800502222 282.69326899713633 416.0003138791933 Oyster-SemiOpen 0
