81.29774379503215 392.2097188006151 96.53305638739766 390.5411311309112 99.0446546058156 413.4672436405697 83.80934421771599 415.13581766208404 Oyster-SemiOpen 0
277.752651796236 78.04981121547611 376.5485080181643 251.91001245982324 145.5106046409237 383.1733364331014 46.72526407492114 209.32220182988394 Oyster-SemiOpen 0
0 28.55453470606625 179.1383064199872 0 230.72399177509578 117.59933540838955 37.94762264105884 182.28606064262667 Oyster-SemiOpen 0
67.91629668171663 12.891914164663966 175.27422164440213 0 197.03883316465 116.97026997110873 89.68093390217837 135.95680083460104 Oyster-SemiOpen 0
0 103.63713024611606 55.54416190113625 96.17836755413745 81.84232819266617 332.6957655744432 14.755929413462582 340.15418105169203 Oyster-Closed 0
397.60027868648467 0 397.60055036277845 86.00500519696638 188.41339855727347 86.0045550612456 188.41379999998026 0 Oyster-Closed 0
416.0038753734916 373.968642 333.4577012124064 373.968642 333.46153300435253 188.09493800000007 415.99996214667044 188.09493800000007 Oyster-SemiOpen 0
96.67414101811664 413.8060077683629 95.05458334909054 344.0272584137248 261.1544271675666 340.1703018477239 262.7777469570319 409.945203837148 Oyster-SemiOpen 0
330.1599671460717 169.957108975714 389.80137944330636 212.07131448761683 253.08245357935448 405.6611778177077 193.44319401693065 363.54952224603375 Oyster-SemiOpen 0
417.3525747879139 189.24232368755727 298.98378787431284 202.40397529323846 279.78897717543805 29.75854174993449 398.1525780000047 16.59722699999874 Oyster-SemiOpen 0
81.20170609973502 206.89795340143613 50.44011479124674 174.25548574038194 109.35870111694749 118.73479087873073 140.1199777110014 151.37688465302887 Oyster-Closed 0
33.4220940940977 138.27802613974023 138.20044223919467 94.91739383925889 171.87830966944603 176.29541967788964 67.10028201798195 219.6555116979738 Oyster-Closed 0
189.15231499999572 9.43653600000281 252.82115801893815 0 278.7386323300925 104.38776395954292 215.06983352898533 119.39457228785712 Oyster-Closed 0
63.55494578141224 217.11733232245862 142.04115412730243 253.38765512887107 90.66448723266149 364.54571982061793 12.178964756585628 328.27654428912587 Oyster-Closed 0
137.70298652991914 307.9932913105813 150.16719221897438 385.0192569260883 22.176487675780663 405.7210693776879 9.715775387674512 328.69816304966264 Oyster-Closed 0
22.166216260586225 415.5403959075444 21.885607662024995 403.4780395855137 60.591953423550876 402.5777470666572 60.872726033816434 414.63993405668975 Oyster-Closed 0
254.91108874621932 365.2361355937201 272.05807299267326 360.7561409080026 282.7043309951332 401.49401648075434 265.55737109690745 405.9739474239706 Oyster-SemiOpen 0
302.49948067569494 400.4769973209199 294.6619913102877 339.46718190745764 354.81209633269464 331.74228599867587 362.6505972607847 392.7508614142296 Oyster-SemiOpen 0
