63.623112300305365 393.5656215022053 78.85781978365412 392.0987581012127 80.8611703283932 412.8995104890388 65.6264644075818 414.3663630161535 Oyster-SemiOpen 0
270.2307461800701 75.8789923077554 367.96221456899 244.43528923088647 130.13989535751534 382.30399814599974 32.41887365944058 213.75673983723058 Oyster-SemiOpen 0
197.33958746379722 0 220.39350964142432 146.65408950602182 14.438880974877975 177.75547027011802 0 25.10931613802501 Oyster-SemiOpen 0
171.8423301228795 0 190.19671880842725 119.3915712180317 81.40202387846875 135.82100339251917 63.04854802531918 14.287150775914203 Oyster-SemiOpen 0
0 114.74620099999999 61.859989 114.74620099999999 61.859989 337.474173 0 337.474173 Oyster-Closed 0
393.36438613531936 0 393.36463319139875 81.88703167961799 184.85063585254466 81.88662509342765 184.85099200001787 0 Oyster-Closed 0
398.3170019381905 367.62955268468016 316.1724959068779 363.80404134205173 324.7843641527943 178.99208717704394 406.92134618021737 182.81741956647585 Oyster-SemiOpen 0
79.1855909185033 413.131995170557 77.19399908829655 344.5361630535734 242.85732103134433 339.72470952957735 244.85257260223807 408.31678132587774 Oyster-SemiOpen 0
320.86924591554634 165.30806077395783 378.2139150892872 207.13144046477856 234.40087291346208 404.28653707921836 177.05842356200446 362.46573726972616 Oyster-SemiOpen 0
407.18017005807997 186.7387120412585 287.85093067894195 195.86509142891595 274.4189963792087 20.21137866630297 393.7430839999688 11.08523100000129 Oyster-SemiOpen 0
70.20776598995872 208.6513051012898 40.482270733700716 176.84390023930013 101.34498351547518 119.96794358608136 131.0701680027305 151.77497073510042 Oyster-Closed 0
24.71441335221607 140.92441690957477 132.69481806085605 99.59754921604478 163.4289515574019 179.89826936375346 55.44883432678762 221.224626257342 Oyster-Closed 0
185.0248440000214 8.794232999996142 249.89112209946325 0 271.53737855894724 102.88164959684899 206.67113445186988 115.98118190793791 Oyster-Closed 0
52.19160175737488 219.29013506659365 127.44169448882167 255.3496168496943 73.68463327552308 367.51401710390394 0 331.45570305220775 Oyster-Closed 0
120.9619627186039 308.5367261898198 135.4373910519571 383.8606536233497 4.44717877835501 409.02323358913753 0 333.70243021748615 Oyster-Closed 0
238.1969454815844 362.2291851151993 255.7004657800644 358.24166420186685 265.00256158387856 399.0638150343813 247.49906015417582 403.0512799330825 Oyster-SemiOpen 0
345.10775592757636 387.86658763217247 292.46084661712666 412.91608288916007 265.0676501361413 355.3556003884199 317.71269672555354 330.3066268416181 Oyster-SemiOpen 0
