119.43233468634207 244.485961577034 93.2971505747737 194.37559479050918 160.5909300173953 159.28088294163007 186.72619557755388 209.39057346468908 Oyster-SemiOpen 0
203.88723997858324 288.44894327379706 246.33486723601163 321.7990106065983 177.34375559486216 409.5905193999112 134.89713305146506 376.24158948194645 Oyster-Closed 0
116.53039686631746 407.6238004081788 122.14301128953593 370.85075697057295 201.93623495911015 383.0257501828545 196.32478005339726 419.79775137764886 Oyster-Closed 0
70.6121229999917 400.61892300001784 73.96209508349784 378.66882764065673 115.78422481797679 385.049681684956 112.43461092162761 406.9994590448395 Oyster-Closed 0
255.67776439348017 415.9994283601346 255.68017466692982 355.8656742903232 368.15276169111166 355.86945300628145 368.1526525682675 416.00087945367835 Oyster-Closed 0
381.7415792404827 419.3170438510052 360.77604400000564 415.999999999998 369.8980452225878 358.3626765382738 390.8627624900073 361.67965465242145 Oyster-Closed 0
271.0907981657074 350.5840717145325 274.29533397047635 303.7074633241901 379.642447615297 310.906823523635 376.43944636168817 357.78198922953305 Oyster-Closed 0
326.7345925500995 179.06733216094128 339.4274080791183 249.69682422855578 228.68317871731415 269.59482898047696 215.9921420383107 198.96691278719166 Oyster-Closed 0
396.57096634971094 325.6142246738343 342.3594606525221 317.0362412519201 352.78101386532217 251.18920363204057 406.9907341245271 259.7670439702446 Oyster-Closed 0
340.36903563024316 254.93808050881643 358.4172607899527 184.34780943353928 423.0308652042331 200.86659956317814 404.98372516512245 271.45594531770996 Oyster-Closed 0
409.9019286694347 350.41267062504943 350.9727177459099 377.51032948064886 288.41980588643855 241.4944394876214 347.3452583497274 214.39776578525075 Oyster-Closed 0
18.227874580814387 220.83636017616817 0 206.16737144904266 13.27706246132584 125.2832665958508 50.28711800004021 139.95206600000762 Oyster-Closed 0
31.76870344630879 46.4100664268966 89.1401959272298 60.39783654686768 74.60439564499393 120.01642722556869 17.232922744857206 106.02871915253212 Oyster-Closed 0
83.39967885897931 38.2487823331585 144.35143323961165 44.26297303126756 136.973671042575 119.03339639107645 76.02192046199343 113.01923634456604 Oyster-Closed 0
128.91826766959275 12.344081209423221 181.40641873201093 4.873139296224316 192.1004411836184 80.00532618168222 139.612294102717 87.47624565976966 Oyster-SemiOpen 0
169.1270652039857 1.9679519992165833 168.67682766610596 40.66384224263066 110.76975813333411 39.99002243082328 111.22003733367455 1.2941653270812483 Oyster-Closed 0
186.04185088755912 109.02684192467362 205.60594517557547 165.15205052024356 129.05804865366736 191.8332232238587 109.49464627591442 135.70859166907118 Oyster-Closed 0
128.95494401616816 129.62222661185484 117.70846813772368 95.92076416737234 180.88742318478035 74.83766981565012 192.13400123847896 108.53893515960787 Oyster-Closed 0
77.05581219751912 185.436754140259 115.2445914960299 197.52766171557033 88.63282029823313 281.5723907225974 50.44413681619335 269.48170219686773 Oyster-Closed 0
85.02014543053156 311.6158841613552 56.96608340637977 269.90242933546864 125.1294543314907 224.0655682261722 153.18334095546743 265.77821872665294 Oyster-Closed 0
0 220.988413 22.166303 220.988413 22.166303 284.436726 0 284.436726 Oyster-Closed 0
225.08503609572654 415.9999517173757 225.08704354151996 340.8308004265253 292.2372736514699 340.832693284512 292.23694077388063 416.00016891049535 Oyster-Closed 0
220.45083559754494 368.9980788229698 215.95667776264236 311.6085163834789 295.9111454932681 305.34840058357156 300.4065497241063 362.73657817841166 Oyster-Closed 0
199.63650528297876 262.3014647478257 213.3200802826468 246.72648716764195 264.15715745107445 291.3840910022249 250.47385095764912 306.9588121133745 Oyster-Closed 0
139.3129054013989 226.38816143019451 199.69523758955256 204.5191346368317 220.2945918179903 261.39050634276106 159.91240510977877 283.2592493925036 Oyster-Closed 0
148.65318049570124 358.8563777789768 112.64514491635418 322.16865954422354 183.62582670442498 252.5155817705945 219.63291477367602 289.20230657757867 Oyster-Closed 0
120.6034186052093 332.84131787932165 95.81785978955668 313.16707207013167 135.78705150878523 262.8226139251743 160.57205862450792 282.4965196282026 Oyster-SemiOpen 0
153.90026604189188 355.57456881948013 120.61117601422302 381.1606113800344 70.31677040154318 315.73667842718584 103.60482020199197 290.15124040695326 Oyster-Closed 0
226.9464076861259 233.6997183665361 183.6565814807509 220.5195510581687 201.24650770109292 162.75154573411174 244.53549765367643 175.93157834032286 Oyster-Closed 0
303.7631692443101 180.3456247228694 235.09501511131748 212.59149674790447 199.44316309946953 136.67195675309986 268.10995967929557 104.4264538875416 Oyster-Closed 0
341.19775815567846 113.61743099668837 335.6076021771878 173.28857130824167 273.6123982098143 167.48043366081347 279.2029616984182 107.80974520128842 Oyster-Closed 0
350.8759359954711 43.58661521237448 405.82948604844205 45.76817241329532 403.14429946307064 113.40757239631613 348.190750393147 111.2260253496423 Oyster-Closed 0
418.02143710928794 32.409688216446796 415.1954209999931 50.93488100001961 381.4618460926504 45.788808321825876 384.2878799999926 27.26363499999149 Oyster-Closed 0
345.5924473418672 21.360520100015766 343.37466308621515 35.89867187552944 274.8912584059035 25.451520885000072 277.1090600000025 10.913384999983819 Oyster-Closed 0
250.00889167176865 94.47360581324477 218.62159663718558 66.08407327454061 261.8237439276236 18.320472590657985 293.21091764751327 46.70990680642524 Oyster-Closed 0
350.1881019020766 50.04101840298778 351.3019502664938 108.49242614219976 270.93034725536563 110.02359589950642 269.8168403240197 51.57254011836345 Oyster-Closed 0
219.33390434558532 74.1989936380201 189.2700690599122 35.259687067276786 248.11035980847373 0 278.17416551736096 28.770247225542356 Oyster-Closed 0
281.0358827214877 60.46228393215876 270.8687772870617 19.366077430080054 320.2806202482134 7.141722114702262 330.44776554916825 48.237863873748694 Oyster-Closed 0
209.68761600002472 17.838145000013572 208.8587078790224 2.622802892205024 264.10307826258213 0 264.9319926367134 14.828502149768061 Oyster-Closed 0
263.8435576798656 88.83438066345323 234.77923275425564 139.18818507881554 167.5813055225517 100.40165948984892 196.64564557529593 50.048150284424096 Oyster-Closed 0
