126.42133899999999 0 376.439786 0 376.439786 84.454502 126.42133899999999 84.454502 Oyster-Closed 0
225.30347451829948 218.3604293547076 144.3778659520358 292.0219019878171 0 88.88257145896357 40.390412649870996 15.223911851955087 Oyster-Closed 0
159.13745874463348 407.25018564662633 140.1508303643859 294.8534857054246 296.3604629548172 268.4704601897027 315.3513057545242 380.8616926966215 Oyster-Closed 0
0 76.896957 59.459282 76.896957 59.459282 352.598794 0 352.598794 Oyster-Closed 0
23.14167599906068 107.28401725730792 79.02559900108827 110.75971864529788 59.94433036666305 417.5260991412808 4.060438058404543 414.0506460652333 Oyster-Closed 0
20.9862187801009 98.18991110890823 0 27.201197606528442 114.87024950636987 0 142.91791623643803 50.014564806439566 Oyster-Closed 0
288.09191663797174 89.1633405609046 281.1756412371651 204.7900565118157 195.0941097951836 199.64022456206132 202.01156200001424 84.01481700001895 Oyster-Open 0
82.00907539132095 79.58462094191965 132.27577164827744 21.186225018089246 274.1589302585089 143.31119098168372 223.89341667586268 201.7084977024124 Oyster-Closed 0
241.96445296256206 204.35502399029951 289.5233249381163 362.2570999351292 75.05112583472146 426.8318108559811 27.5036893201941 268.9394751580046 Oyster-Closed 0
412.36536224091105 278.4689591951706 370.93373830944256 277.986891645211 372.8072353900243 117.0671511137477 414.23671708248366 117.54920689272546 Oyster-Closed 0
280.7595122463317 312.10376269924564 362.01965751696116 179.53909868669075 474.02591003032285 248.19152152308934 392.77114467600404 380.75143584428554 Oyster-Closed 0
409.90557287233605 115.483928430021 386.63627101259044 117.261643719439 381.1739494069989 45.762467955101684 404.4430114251336 43.98476197306645 Oyster-Closed 0
342.2438776683957 0 438.5676250616998 22.666076661907216 315.7457123357017 312.33111718915757 219.422955053451 271.4918069683878 Oyster-Closed 0
