419.2561615872255 36.276089149404896 406.0677701434761 143.91970582076254 145.75629810340615 112.02350427640314 158.94632061392986 4.381330677573917 Oyster-Closed 0
217.47500809912526 251.06658271161731 127.92239905925817 302.4864296431742 0 49.52880867032465 72.22052417617306 0 Oyster-Closed 0
120.95689499999207 416.00000000001774 120.96509413920285 311.9307557397094 270.44653537159684 311.9418520858159 270.44335483012765 416.006007489121 Oyster-Closed 0
0 7.665753 59.152243 7.665753 59.152243 307.801048 0 307.801048 Oyster-Closed 0
40.21326635020159 83.98026126521131 89.7902862440933 93.11639023967678 31.58641560252363 408.92994216959727 0 399.79445298996455 Oyster-Closed 0
50.44523304116956 73.77862410521476 25.92918399997143 66.86632874945713 45.693745539105294 0 70.20968100002574 3.6795330000050925 Oyster-Closed 0
162.7797338110795 8.53080392796002 159.90034299905165 63.47413302143587 70.66033104942471 58.797207976962596 73.53985000001558 3.8540599999858562 Oyster-Closed 0
302.1297570559982 143.23254388958102 263.4024080958079 250.33416456076841 178.9597371849486 219.80093313125593 217.68772899998658 112.70095800001108 Oyster-Open 0
101.95857886310841 73.68961096773599 160.67377618975297 30.95826500383523 277.84134073335736 191.94965395882338 219.1270286374529 234.68000791277166 Oyster-Closed 0
246.7518097443608 242.4204904651135 248.03251118748813 415.01792647497956 31.04072397854179 416.61573356651866 29.770995361188398 244.02932500714914 Oyster-Closed 0
399.177705953658 363.3457997769501 356.2613582436352 359.3317203788777 371.2982678292101 198.60655908544035 414.2114320526416 202.62049545672028 Oyster-Closed 0
400.9196321577838 412.43132943412223 293.48934293331695 439.35104230073705 254.85685022223697 285.1923091044605 362.276787999981 258.2739800000034 Oyster-Closed 0
411.79734858134907 202.37138859552675 392.5902875615466 201.924358975591 394.29202165138486 128.8214504608024 413.4986727998403 129.26847530370367 Oyster-Closed 0
368.49573385041003 56.33664845001923 459.5459325269949 117.65210130143095 292.60984936556997 365.52204991621977 201.56244253458863 304.2100306677923 Oyster-Closed 0
