134.91524957077127 254.65816297180618 98.40482359709495 211.9702168000156 156.44462195381857 162.33371795437873 192.9546549435072 205.0210643569357 Oyster-SemiOpen 0
227.0841551909616 277.85581516156026 275.6440938281703 300.94009168756054 227.5649475564751 402.05866177188915 179.0054887605911 378.97515579558285 Oyster-Closed 0
167.7873440000003 411.25873400001194 166.75262534826834 375.66613585270613 247.1122256822673 373.32992008791456 248.14790528241792 408.921531847885 Oyster-Closed 0
127.80324599998858 412.4221520000027 127.2566063596787 393.62771775750747 162.77505360386203 392.5947979515717 163.32192281736934 411.38899699254233 Oyster-Closed 0
301.8315390626849 383.93817612693897 296.95466883159315 319.52495852556484 407.16626823163824 311.1818113298004 412.0451390987946 375.5928076295932 Oyster-Closed 0
416.000171524076 388.4242769999999 408.20575978278794 388.424277 408.2059654589393 312.358876 416 312.358876 Oyster-Closed 0
306.5127949375201 322.7726161791779 298.8572811587037 276.5512903328394 403.4465426972565 259.23015190685123 411.10306043539094 305.4502269243443 Oyster-Closed 0
322.89563025000825 143.3229366687633 351.233194364504 208.85518485268344 247.50976808018459 253.70265183159526 219.17373253632104 188.17170140039627 Oyster-Closed 0
416.0006517227521 271.14296299999995 365.82592287370426 271.14296299999995 365.8265785014519 203.983934 415.99992052857124 203.983934 Oyster-Closed 0
416.00055779174 214.226902 353.9443763467352 214.226902 353.9449350550276 141.468787 415.9997701650791 141.46878699999996 Oyster-Closed 0
430.01945331226307 291.35101224729004 377.53240480858585 325.27120272736676 300.7675412250792 206.498594967324 353.25237002130234 172.5793451285963 Oyster-Closed 0
30.00479132745386 260.50132567389346 0 254.46450089517108 6.21408239095399 162.9565786204591 44.45181299997785 168.99330299999875 Oyster-Closed 0
5.849901843965199 82.33779797876649 64.94752004270049 83.42326060312504 63.82889467514178 144.32522441519257 4.731276440794318 143.2397683538846 Oyster-Closed 0
54.44347315833875 62.066776755043435 115.38803624799402 54.538095734808884 124.58294948926778 128.96988559777645 63.63839635267141 136.49851972556684 Oyster-Closed 0
93.16002956200828 26.496383952022512 142.93958460752765 7.504887607431476 169.95651104744684 78.32011407910403 120.17698935752924 97.31154575870232 Oyster-SemiOpen 0
130.05876019549396 0.01853121215380558 134.3398985062704 52.51210869298488 78.42052517956108 57.072552487073864 74.13946279578522 4.579035430470928 Oyster-Closed 0
170.23633879663248 107.64592572380813 201.82225369141452 157.583424273614 132.84854450243438 201.20739770876952 101.26324012934128 151.27043329189556 Oyster-Closed 0
119.06340611615087 140.7867076804212 100.57665742595782 110.68945165385895 157.72426597566664 75.58815271966039 176.21099863035488 105.68522010507844 Oyster-Closed 0
80.60111415904976 206.73075872376324 120.51462524141607 210.1687216928505 112.92825931232437 298.2344724329787 73.01475621555073 294.796577121212 Oyster-Closed 0
115.9684773995723 327.90575730237214 79.5162121032954 293.72339791782855 136.02894139357522 233.46701524161682 172.4803984366008 267.64867927852663 Oyster-Closed 0
5.31754700001693 257.6281100000002 41.53442366452873 255.30546262384675 45.73686226198697 320.8246628920604 9.519989276075648 323.14727133139087 Oyster-Closed 0
342.62352861822 384.5271822478036 281.26545411310144 405.4849447101266 254.5135939376596 327.1776887470093 315.86877208939404 306.2204635965493 Oyster-Closed 0
260.97036013296747 352.3618607402852 243.51434387388872 297.76721077320383 320.26480884433477 273.23126671093456 337.72146683200845 327.82468436740965 Oyster-Closed 0
217.28017286219256 253.5274193855322 227.07563615037725 235.14804133415663 286.50160679676264 266.81580743130314 276.70647242995256 285.19490307214517 Oyster-Closed 0
150.28032676564908 232.33603357205766 204.57735775469337 197.3160904291842 237.22997175650016 247.9382182351055 182.93329597146658 282.9577150730627 Oyster-Closed 0
188.52662790119211 359.11325503576467 145.5023016253508 331.4536473766609 199.54084020230948 247.41328116916452 242.5634400788622 275.0721425766573 Oyster-Closed 0
155.39463147268907 340.36045926785664 126.99612819169488 326.68833871421424 155.04402040235072 268.4407658164338 183.44167500001276 282.11264300000613 Oyster-SemiOpen 0
192.8858206013283 354.6353576203599 166.12243846127967 387.3037273390408 102.63721254160919 335.30389919300194 129.4001597473325 302.6363239941824 Oyster-Closed 0
237.5796470038258 219.36842601904624 192.44343846416086 215.9841259941884 196.9406033557534 156.01501950703152 242.0759338645803 159.3992868600733 Oyster-Closed 0
300.92727499367174 149.79624518761221 240.880748818352 196.9317483325819 189.40390890780327 131.35619014088667 249.44964216973312 84.22115712276067 Oyster-Closed 0
322.58815168971705 76.32428210342042 330.8752665066022 135.52419823872506 269.0941132853295 144.1720714543316 260.8073919425842 84.97250502499172 Oyster-Closed 0
316.9146529959071 5.77581670028405 371.1802138193452 0 383.38868491725225 62.15815306521102 329.1231282464396 72.14078903103184 Oyster-Closed 0
229.54358048804716 78.77579699268031 192.82712147357233 58.11863231490925 224.54587613822878 1.7414815101571388 261.26219190351185 22.39859369169935 Oyster-Closed 0
317.50857215036376 12.461659399659233 331.9635272060332 68.88143254887858 253.6291379605682 88.95065922089753 239.17442856680645 32.531106392066604 Oyster-Closed 0
195.08353898810674 66.18415043694219 157.3158953408565 35.09947206294332 204.88400916533647 0 242.6515828467709 8.389342824620906 Oyster-Closed 0
252.57934362415472 38.41908697565116 234.43098170437952 2.882189085167873 279.89143045278615 0 298.0397918438175 15.202847623928768 Oyster-Closed 0
186.18883099998493 0 186.1888317929588 13.52176831208188 171.974498755455 13.52176792303471 171.9744990795116 2.7901033282653587e-9 Oyster-Closed 0
241.76591944419852 70.01374602303112 225.04663736439034 125.8535243710318 150.9462841835957 103.66666860655265 167.6657609365284 47.82718811941726 Oyster-Closed 0
