158.60929 0 415.097571 0 415.097571 101.613023 158.60929 101.613023 Oyster-Closed 0
212.39669903124013 229.84277250431933 118.53310066478662 284.86995745153524 0 46.78886313796438 72.81486113672872 0 Oyster-Closed 0
111.05323867911648 409.92400187342275 105.7230871560314 295.3696148515843 260.8200352417771 288.1535647347598 266.1554426224029 402.7024220227869 Oyster-Closed 0
0 6.163973 54.808551 6.163973 54.808551 296.305273 0 296.305273 Oyster-Closed 0
37.681571031931526 79.70102155813613 83.48100457488908 87.765021347856 28.32995035487329 400.96957114947406 0 392.90609657289065 Oyster-Closed 0
49.17738294738956 68.80827679435059 25.70318362956459 62.61282006584957 43.86360224815144 0 67.33770600002026 5.013349316656868e-12 Oyster-Closed 0
160.2574723385078 0 160.25750873121797 47.72053220307872 76.48964645350497 47.72048370220405 76.48969400001442 0 Oyster-Closed 0
297.5659524245166 112.61225244666332 267.58326844509793 226.2724619941157 185.34692444189568 204.57918231094405 215.33044099999825 90.9203789999828 Oyster-Open 0
99.9909941210899 62.94556315079741 161.16331351461486 16.333651606911832 275.0464685580773 165.78908298952274 213.87496109105996 212.4001137946404 Oyster-Closed 0
229.81993714331475 218.6990231446126 247.9576652987962 389.6063077715205 22.66113422885246 413.49953442472764 4.535103327485558 242.60308742647584 Oyster-Closed 0
390.9337219285444 325.4121479514318 348.656468477373 320.5031960562859 367.5279336155618 158.0072488239722 409.80248760071845 162.91605058163145 Oyster-Closed 0
396.23673962482644 390.7627680968149 285.34961375216153 416.70575156818387 245.8318588787988 247.80554327009486 356.7080559999886 221.86392899999956 Oyster-Closed 0
407.5689148452075 161.64552140745405 388.4580249748906 160.75543913080128 391.8581904467392 87.75676490654887 410.96877226801007 88.6468399657503 Oyster-Closed 0
369.1713631841376 17.431310363886876 455.8613818836093 74.24806712187329 282.4417543258496 338.8324098491855 195.7540128283872 282.0185002576569 Oyster-Closed 0
