126.05819281122604 247.19644399207212 91.69063914350045 205.00860286530434 152.80541169305798 155.22641442656638 187.1726357465086 197.41366494613274 Oyster-SemiOpen 0
216.2414376913075 270.4908962867321 262.30847455006733 295.2277234732481 208.14801898988298 396.0702335843934 162.08154900510272 371.33423343983833 Oyster-Closed 0
148.39952199997788 406.02480100000463 146.06732409181495 369.6211681039758 227.40689600759652 364.4107796370124 229.74003318114046 400.81340980470884 Oyster-Closed 0
104.32052200000544 408.84951100002223 102.98189275164987 387.9589174263863 143.28675133138677 385.3767420633975 144.62565507876207 406.26704415518924 Oyster-Closed 0
285.17778965035905 376.857640216974 280.3172586893088 312.6513140726896 391.914694184954 304.20434867954964 396.7772036328097 368.4084765841781 Oyster-Closed 0
408.8569096506617 382.5973886848366 390.6436008112214 382.2795359386326 392.09526526748596 299.1382784386894 410.3076480000309 299.4561230000003 Oyster-Closed 0
293.4580253448803 315.5245372413832 285.91266816850475 269.7003747968963 391.8632133132123 252.25625172892546 399.4095558335757 298.0791888148355 Oyster-Closed 0
318.97848077973686 136.48672353713388 346.1673485615611 200.80297909850424 240.54837628943278 245.4475259309341 213.36097259603775 181.13251267263547 Oyster-Closed 0
410.9217405987074 264.3112501998584 356.76774690566526 263.36607399452345 357.94528352501584 195.94606080400655 412.0978053420549 196.89122420287174 Oyster-Closed 0
348.00439929294225 206.62943286493226 349.27096617550706 133.63461192937956 413.176513100967 134.74340532339534 411.91065235073984 207.73754551020417 Oyster-Closed 0
427.58436225737387 284.103620022001 372.7215431586992 321.6636569350153 291.76983907925387 203.43042661693653 346.6304659428788 165.87141272822387 Oyster-Closed 0
21.146557721178397 251.592325070182 0 243.77875649842832 5.659283112145204 153.84917000034056 41.019114000017 161.662612000003 Oyster-Closed 0
8.127460561056068 74.25363894149264 66.66820873618053 79.06101877111858 61.778793967961974 138.59968628665683 3.2380481734617206 133.7923331463256 Oyster-Closed 0
120.2332091547687 49.55076664307693 121.19362778926006 124.63419220285876 59.81743627061587 125.41893077358472 58.857372126898554 50.335842987708986 Oyster-Closed 0
97.97703016514788 16.67930194815674 149.66870466391993 0.3509195429185007 172.63592565540966 73.05941074595923 120.94427153427387 89.38774546421479 Oyster-SemiOpen 0
137.34669921006207 0 137.34673528249914 48.69032644441009 81.64155451727856 48.69030186133349 81.64157805323703 8.402997022340679e-7 Oyster-Closed 0
169.87986471801923 100.49589870029426 199.81546088216055 149.513032925376 127.79198955318134 193.49664222904084 97.85698654277076 144.48002345611204 Oyster-Closed 0
117.48133060966939 133.24582714995495 99.94557878703927 103.71141200874933 159.66621511384074 68.25349043934976 177.20196030371517 97.78772739160932 Oyster-Closed 0
77.63944584883211 294.5932198090236 44.039573403617396 274.2251873042042 90.95094485942536 196.84827129140095 124.54980038693611 217.21590255332748 Oyster-Closed 0
102.20421773889029 320.7832946799062 67.959670499622 286.63587559162687 128.17130964154785 226.26156003234422 162.41515212094237 260.40828043681944 Oyster-Closed 0
0 251.770038 32.591487 251.770038 32.591487 314.988354 0 314.988354 Oyster-Closed 0
324.8608825220508 378.88798193536365 261.39419633487705 396.41338698829304 240.00490070991145 318.9663852680338 303.4686494215239 301.44140785458353 Oyster-Closed 0
245.56661361343868 345.19706557995835 228.6505251271301 291.45930347354766 306.852996972797 266.84590180104453 323.76972656985527 320.5824596412775 Oyster-Closed 0
208.29319999501968 246.54679806656705 218.67225127048732 227.8262473243457 275.7930606800146 259.4915502841456 265.41432413841903 278.2118296691023 Oyster-Closed 0
188.2228269063089 186.77942449879382 227.94964025152876 216.32814559046295 180.5612577298125 280.03306507455676 140.83485661168743 250.4848237225702 Oyster-Closed 0
172.44431354818153 352.16148340703984 131.9018358665926 323.63172982176957 191.07143469904986 239.5634232847381 231.61236446640032 268.0924026560305 Oyster-Closed 0
140.49090053936743 333.62428577155043 113.559160198678 319.00005400667237 145.41675399037922 260.3420621881686 172.3477159999893 274.96603099999794 Oyster-SemiOpen 0
177.03976704640445 347.53257028547813 148.46539726476112 380.4239038875637 88.48969077440779 328.3297083682957 117.06355441269989 295.4391333226342 Oyster-Closed 0
230.33109522739687 212.11972583221788 185.93219844071427 205.97206024927718 194.08488403663796 147.09904086582466 238.48296898889384 153.24664995081775 Oyster-Closed 0
298.1504560132453 142.73828896040064 234.27937426124845 188.56308336002033 187.10414557665354 122.81093449999292 250.97439582462175 76.98656050874041 Oyster-Closed 0
322.7302254912429 69.05113666307075 330.9235263254959 127.82923513446347 269.07541195135855 136.44995191559676 260.8824750798667 77.67217634833422 Oyster-Closed 0
381.6129006345436 60.48799715319848 326.2184104201333 61.44891853254575 325.15637715887715 0.2205546636544175 380.55069208202985 0 Oyster-Closed 0
231.18808936349888 71.49351253466796 196.49783424851557 49.85336368544977 231.6897909857871 0 266.37993639105844 15.079258229206681 Oyster-Closed 0
322.12090749938216 5.160806444176213 336.2210246844188 60.837306541371824 255.89198561520243 81.1804182771694 241.7920808947165 25.504109983822488 Oyster-Closed 0
197.65417213405453 58.80725761315416 162.16742797934057 27.471617719464675 211.54606492867606 0 247.0327269370755 2.88738293310608 Oyster-Closed 0
258.0052248349202 30.304597381940592 243.02813308168334 0.1591234203121112 288.8585058918943 0 303.8355995624661 7.534811239712323 Oyster-Closed 0
243.6507777177285 62.39809177044107 226.2306352013984 119.19312999345068 153.98984729974472 97.035391668871 171.41016538007534 40.24061904027512 Oyster-Closed 0
