400.2622586147263 293.6396097920167 276.72538499604707 284.1073974907751 287.2975378036026 147.13971587556784 410.82779900001333 156.6716709999994 Oyster-Closed 0
315.19960639495184 308.70244922108856 336.30766381215653 264.8053696398387 418.6481356343793 304.39259770582083 397.54135310880883 348.28858783880594 Oyster-SemiOpen 0
132.26542335784325 405.03393623676686 136.65530002235755 317.57704997836856 309.23199007676885 326.2361026866579 304.8471969054044 413.68802768186924 Oyster-Closed 0
8.901059150161018 397.7145633064517 12.810801327712397 335.1415524065753 123.8335123173274 342.0760537623413 119.9261554326331 404.6468161318731 Oyster-Closed 0
273.11938499999087 407.7008369999967 271.8643758337239 364.48127069745874 391.7747524243496 360.9980385816109 393.0314622801852 404.21589814924243 Oyster-Closed 0
296.6284886540416 0 296.6287198797763 90.09641596761344 150.51248844278234 90.09612146493505 150.5127969999994 0 Oyster-Closed 0
200.05467035969195 37.29518833140463 189.72533276186732 90.26983329593122 29.608637283876305 59.04855809925459 39.93826407634697 6.074194110860063 Oyster-Closed 0
450.00555748246916 119.86230711004274 384.16614938993735 180.00300235308546 258.44230570018044 42.3669670259177 324.2809779644558 0 Oyster-Closed 0
8.976353191726957 45.07237629801266 212.86175444019682 48.70610730700746 210.91884749386008 157.7197085951107 7.033455501670687 154.0860122795458 Oyster-Closed 0
294.1694968206357 110.10668656239723 316.28821389519726 195.27124224985775 107.55108572694735 249.4757245580808 85.43570338397694 164.31399060809503 Oyster-Closed 0
0 142.374958 25.729892 142.374958 25.729892 235.38404999999997 0 235.38404999999997 Oyster-Closed 0
