416.0032736879257 286.10646600000007 300.98933981343 286.10646600000007 300.9921087177463 156.16679599999998 416 156.16679599999998 Oyster-Closed 0
416.00048735927703 335.471277 358.0424250725373 335.471277 358.04327384388307 293.944699 416 293.944699 Oyster-SemiOpen 0
194.55363971392944 415.9998547698861 194.55928607059832 332.1147288584764 362.2094846780128 332.12477212039676 362.208445806893 416.005141629723 Oyster-Closed 0
68.30897716188701 415.9998684416804 68.31200536866163 358.44689321815173 178.94713038052578 358.45175478343725 178.94626761700056 416.0025611102237 Oyster-Closed 0
334.1702572936847 417.8127735123596 331.7282852209464 367.0724998091197 415.9777503084006 363.0181376731361 418.4211213570816 413.7569624528136 Oyster-Closed 0
288.1248717739836 8.383460026965063 285.44832426043286 100.38164591498968 118.9574039439176 95.53692525865223 121.63461276107773 3.539520043104405 Oyster-Closed 0
188.60044166961234 51.02823810276357 182.01938428760695 103.39143458289993 13.848894157548784 82.2545686174195 20.43040088475027 29.891811760682693 Oyster-Closed 0
448.4516023921642 115.53607669125277 395.52652885797943 179.01237080373917 242.6595615305414 51.556069946161074 295.5841704537779 0 Oyster-Closed 0
199.65480994679456 55.69437480256799 219.06891616522262 162.78297468858824 20.716498960216995 198.7379442214359 1.3050339474684733 91.65160380952103 Oyster-Closed 0
295.82495506748455 115.87274722564011 325.73089534220344 202.66534927297698 133.75640880135325 268.8044451213428 103.85393601502074 182.0147592265803 Oyster-Closed 0
11.454166000024998 167.5649599999997 37.74166971582963 163.89261702831556 51.23347604040828 260.46325998612315 24.94598584209598 264.1355358728832 Oyster-Closed 0
