396.7849683378736 318.915404439994 272.10894713904054 315.0894870338171 276.3143767622714 178.17009237598464 400.9828850000158 181.9958940000004 Oyster-Closed 0
311.8635370810189 332.7359965022552 332.5903796588609 290.1994701209709 412.92570603885906 329.3371210961254 392.20016616363137 371.87253377694674 Oyster-SemiOpen 0
133.5843809999933 415.9999999999966 133.5902238262861 343.78588808219354 306.76154998020866 343.79734407980163 306.7598672274944 416.00725371069615 Oyster-Closed 0
9.16263908230394 415.99993351520936 9.165626674457599 359.94504821442433 121.07661931467374 359.9498920283835 121.0757679030612 416.0026466311077 Oyster-Closed 0
293.67861100001755 415.999999999978 293.68018316028247 387.08756792624973 390.914040595344 387.09146036736075 390.91346216523743 416.00290918216956 Oyster-Closed 0
284.29641445420566 18.52978313460226 281.47471474188933 113.64311386599587 124.92318273826095 108.99772741511939 127.74567000000752 13.885287000015659 Oyster-Closed 0
185.6615744572773 58.908347363999574 174.65127090232636 111.22129521015245 11.355259963416756 76.85149536289644 22.36595827104611 24.5389820435073 Oyster-Closed 0
438.5920118018221 145.75809920776578 375.6296600134556 205.27113782430888 242.89704224428715 64.84729485214146 305.8585285804329 5.335083940795843 Oyster-Closed 0
200.00026742806222 175.53758658291258 0.34809485686491826 180.6177602509971 0 72.90135724254787 197.25751921579285 67.8212359433303 Oyster-Closed 0
283.0405579486942 132.90924588111386 304.3728028767109 219.93093431110444 98.94472867180957 270.27971624529687 77.61622425610767 183.26120873381305 Oyster-Closed 0
0 166.152383 16.361781 166.152383 16.361781 247.038473 0 247.038473 Oyster-Closed 0
