396.03198725249604 324.85489254836847 287.1465543402519 302.0395852425615 313.1306291526853 178.0599610489126 422.0102739519898 200.8746505059102 Oyster-Closed 0
337.64235569956145 345.4859753659019 357.5468921701249 306.12120571000844 428.23460955431074 341.8566425523241 408.3311744226885 381.22047004162397 Oyster-Closed 0
158.81636100000105 392.0115360000128 176.69081558370453 320.1220018220868 309.40801982178164 353.11178077382414 291.5372994264653 424.99809784309946 Oyster-Closed 0
137.28007488296134 354.6803898775841 130.5160453494209 411.03257846058386 25.014330854977743 398.36919075814797 31.780068130054133 342.01894618834547 Oyster-Closed 0
316.38723199996093 415.99999999998835 316.38852734423926 390.71615122507535 406.5446534528128 390.71943092004443 406.5441671558001 416.00248309946 Oyster-Closed 0
314.78697084805754 15.436805692832618 302.09812533616423 118.27246502986753 150.44314929098255 99.5590023283903 163.13263827954142 0 Oyster-Closed 0
56.31882909199339 68.57931076946332 69.58625294423837 21.13366434627077 208.96343154817805 60.107920335204476 195.69647597791482 107.55315164372072 Oyster-Closed 0
459.92414194134835 141.7797802881166 399.64282569291026 203.90512535449054 272.07604143561184 80.126430361447 332.3566145017139 18.001964954809132 Oyster-Closed 0
12.547803353445488 159.5405493976928 21.021819227549713 60.968507429378974 238.88619182191906 79.69572092039628 230.41459331976876 178.26567800730598 Oyster-Closed 0
15.177980281907367 123.01856492928331 55.026793915552844 127.67281093217385 39.466059760623466 260.8931073130537 0 256.2389693083749 Oyster-SemiOpen 0
