370.71418713467574 315.2184712509931 264.99632652046057 288.3529126378726 296.4064393573535 164.77560932356852 402.1188255852394 191.6404372337679 Oyster-Closed 0
395.31145352043677 325.92518915561345 380.42367699998067 370.9481230000209 311.940951778819 348.30647023160907 326.82921569766404 303.2845148983268 Oyster-Closed 0
129.54516500000318 394.80422499998195 144.22074469795916 320.65842839675406 278.80854767902565 347.2897334161604 264.1367586899032 421.4322174741265 Oyster-Closed 0
0 408.5151765789074 2.2251783223509847 351.537336503026 109.70560041120552 358.14038650463937 106.20633606173578 415.11610395100024 Oyster-Closed 0
277.26027800002703 415.99999999999716 277.2621949276181 382.1967995796181 378.0205844834236 382.200867471423 378.0198627274149 416.0028983427552 Oyster-Closed 0
296.4733598703424 9.496206377309091 289.04969144434654 113.73200002628207 143.90558996045002 103.39404171022895 151.32993438875565 0 Oyster-Closed 0
44.951395608968596 77.41270030963975 56.226744541549124 28.288971912738134 192.44534073774412 59.554796519762014 181.17048179151243 108.67808224436985 Oyster-Closed 0
446.0833629530498 131.3656631492963 383.1243681730848 197.06918612649713 258.1017355246877 77.27018949386792 321.0599768435459 11.567566451893882 Oyster-Closed 0
0 170.1219944939843 1.9191758028428012 70.7629076433411 222.05441006138062 78.1674434565361 218.71401249520932 177.5242090424172 Oyster-Closed 0
0 133.931865 32.151997 133.931865 32.151997 250.267381 0 250.267381 Oyster-SemiOpen 0
