392.1352235448103 279.8179130759201 282.7173441342784 268.8187026262671 295.3352618680401 143.3319679023673 404.7479775404099 154.33091515960402 Oyster-Closed 0
405.7744580716935 284.5228463813124 398.35099500001525 329.50176600001623 338.9987431561567 319.706927895085 346.42277517696857 274.72873301705573 Oyster-Closed 0
163.68522900001335 393.97713100002255 166.8135696807076 319.23141555947774 305.1788744594269 325.0195742094036 302.05393654802174 399.762042863152 Oyster-Closed 0
31.80791608954314 415.06412613805026 30.908896977529366 363.42498619752166 138.39743099998668 361.553601000017 139.29831665124948 413.1907966578121 Oyster-Closed 0
305.5109999999913 399.3977369999927 300.54395721908077 358.3747301932465 397.3518792383111 346.6546355763752 402.320053230771 387.6763780598038 Oyster-Closed 0
277.4064242761342 0 277.4066972930159 97.6763895974639 125.38170994130996 97.6760324553821 125.38205285973527 0.0001509963806916813 Oyster-Closed 0
31.508699260240974 96.27870876985345 35.07428375998643 46.513876602331884 175.53072585734844 56.577012052029445 171.96564941956603 106.34133560646879 Oyster-Closed 0
438.9675071501151 88.22389750003875 387.5712489180223 162.96681386385535 244.95140269288095 64.8956496873574 296.34764478026773 0 Oyster-Closed 0
1.1803229868746712 193.68616278997845 0 95.97120545992775 208.09655791401747 70.32974990204339 219.57099907689553 168.04244475809242 Oyster-Closed 0
0 156.703316 32.037839 156.703316 32.037839 289.027297 0 289.027297 Oyster-SemiOpen 0
