237.08971542121435 92.25952707618238 232.00995641901318 192.27223688782908 2.650302338952315 180.61905166290694 7.732704100384581 80.60946237230364 Oyster-Closed 0
0 148.916732 59.906856 148.916732 59.906856 309.307698 0 309.307698 Oyster-SemiOpen 0
408.5822003615722 302.0720385344163 316.6280855451696 307.8134804309734 309.9369168880694 200.63086163482427 401.88677307777107 194.88955112013798 Oyster-Closed 0
406.33620187805354 358.7968237966636 353.5252025145528 357.260477643259 354.803882152235 313.34722088704086 407.61350700001276 314.8835470000004 Oyster-Closed 0
0.05447305313646211 415.9992444598233 0.06439380376104964 300.11012269162785 212.4948433875652 300.12542040402724 212.49262019976595 416.006781881062 Oyster-Closed 0
188.91852441079027 415.9999339545403 188.92355749370108 344.1098022950824 330.0383741165351 344.11840280665655 330.0367416428671 416.00509197648137 Oyster-Closed 0
72.18659520836445 415.99986638139256 72.18885108350514 363.5290203018143 158.69662381622402 363.5323607567567 158.69592597939481 416.00163812914946 Oyster-Closed 0
337.2668039999917 416.0000000000065 337.2678148016239 389.59581010218454 405.43954299998586 389.59784800001904 405.43917122070707 416.0014017906836 Oyster-Closed 0
309.69352571190393 19.845761876409473 303.0879887582014 122.93067177690791 143.31007453463098 112.69125859294344 149.91646235039298 9.607394476686776 Oyster-Closed 0
200.32372730557836 58.23864029112554 198.38554201401712 111.08704778229479 63.04327614731301 106.12253601688683 64.98196467867456 53.274627260357704 Oyster-Closed 0
436.6087078039636 156.30889011914738 375.7904139743696 198.39502558746332 268.0952173854821 42.768277784608664 328.91206938335745 0.6828623098489156 Oyster-Closed 0
