4.100925441223808 135.42153279599543 68.0159302884349 136.41685011444687 65.50943014850418 297.36243607557674 1.59442671400393 296.3671487747969 Oyster-SemiOpen 0
413.04564699540424 319.95798062401565 320.9922018213947 322.4996637577986 318.0447594884754 215.69140515102703 410.0936956626174 213.14978316272686 Oyster-Closed 0
415.3079000179059 380.7201462920437 358.0233031181597 380.4021400216145 358.28763538455314 332.9951894204354 415.57053599999927 333.3131910000001 Oyster-SemiOpen 0
3.3412925719567284 415.9987272596298 3.350616580250062 289.96561806360234 216.07129350213654 289.9797582595499 216.07029208282256 416.0042758549381 Oyster-Closed 0
189.72405584260923 415.99994569617417 189.7287131494959 350.03094360759695 331.5036544775103 350.03970464267843 331.5021515797562 416.0054914573456 Oyster-Closed 0
73.88527198606607 415.9998846179062 73.88780929769564 356.37123419117296 159.21230807384927 356.37460185019665 159.21150098076032 416.0015115314393 Oyster-Closed 0
147.716898531271 34.56556487313075 202.34190045015202 0 350.808127234166 73.34561174860481 296.1838625974451 146.0740070156067 Oyster-Closed 0
214.6806703307302 61.57708077338278 208.51868062938593 113.7031374516137 72.20353600771341 97.58811798428839 78.3659656512209 45.462541631629634 Oyster-Closed 0
445.5428473524844 177.79533752283479 383.9176328221656 215.94823370460452 280.1532826072289 48.35004488533075 341.7766330517552 10.197925598303714 Oyster-Closed 0
251.47750040082246 98.59624887586418 238.4460967260784 197.0686115669849 9.604555559879373 166.78170102057348 22.63818936660755 68.3123696582673 Oyster-Closed 0
