254.39726234480986 66.98775156930012 252.230499014011 167.1900721497429 22.397484829878522 162.21677623838173 24.56656854904577 62.01713594771815 Oyster-Closed 0
13.033991802061792 130.70273560169235 76.96650744356157 129.09204680647736 81.02319930499289 290.10267897826765 17.090684372851683 291.71332091316754 Oyster-SemiOpen 0
416.00174594190685 273.7137390000001 331.1024559984944 273.713739 331.1041778054205 166.06044499999996 415.9999625999808 166.06044499999996 Oyster-Closed 0
416.00023858496934 323.95085 374.7064926089006 323.95085 374.70708111153 286.84213099999994 416 286.842131 Oyster-Closed 0
23.50121403103185 409.1349890618804 19.050491671572672 282.0934120084958 231.52551676175062 274.64839334796835 235.98397885443046 401.6818999108844 Oyster-Closed 0
210.25328276743676 402.4754835031719 206.59892624608983 321.3817358857152 348.5211088127762 314.98646997474754 352.1789234470489 396.07654951963224 Oyster-Closed 0
92.11746858325205 404.7203987707671 92.38707708912625 342.3468572325589 180.17262255081005 342.7259420813877 179.90482185493238 405.0976744722682 Oyster-Closed 0
345.1145189999843 399.31042700001973 343.33546591436607 365.3470875005768 416 361.54104600000477 417.7798348212309 395.503573020216 Oyster-Closed 0
324.34431584572303 0 324.3445282233479 95.15563714751306 169.5238168354117 95.15522513478577 169.5242040000012 9.49435329350378e-12 Oyster-Closed 0
218.02176783745017 34.06443598115276 217.62330129438124 86.97398131981319 82.64171158213503 85.95672274007666 83.04055705184146 33.04753606412128 Oyster-Closed 0
451.70635659637264 118.23457571036329 391.27172314817653 162.2350247012547 289.62305962022583 22.621657062236167 350.0568086346284 0 Oyster-Closed 0
