0 149.27806880501237 62.32425167358815 146.20215644068153 70.15100233531848 308.0347151892582 6.546076166425337 311.1105305029774 Oyster-SemiOpen 0
416.5627580741966 296.8576857195238 325.08884044564184 305.2238736088566 315.30851899295885 198.28023491808256 406.77828879313165 189.91423483571768 Oyster-Closed 0
416.0004497852169 353.939956 363.2431150259945 353.939956 363.2440203744918 310.02669199999997 416 310.026692 Oyster-SemiOpen 0
9.761133584048366 415.99914643292965 9.771120087989402 299.3908592001959 221.60068951723952 299.4060824181877 221.5984147707204 416.0066123586199 Oyster-Closed 0
200.37350864394102 415.9999117735915 200.37855477731864 341.047963595709 340.70490668850107 341.0562287776984 340.7033689255768 416.0046260409028 Oyster-Closed 0
83.09451492204607 415.9998425787449 83.09682340076688 362.31322573870057 170.65329381360425 362.31661071981887 170.65259598032208 416.0016058455767 Oyster-Closed 0
416.0006692934112 416 344.1849369999727 416 344.1858549182434 384.740993 416 384.740993 Oyster-Closed 0
310.8035080214904 16.288247464807906 305.404218282838 119.32082559742928 144.5682764250414 110.8913715356457 149.9683999992085 7.859804830377702 Oyster-Closed 0
202.18898920236825 55.89813477046454 200.8667305300405 108.7281086392321 65.19895261416241 105.3316229047374 66.52171191179877 52.50214002804034 Oyster-Closed 0
440.2412153499863 151.03776128150528 380.94634811852666 194.07713760459296 268.94288235784916 39.773568947644904 328.23643603231176 0 Oyster-Closed 0
240.3529746699969 89.50552100547799 236.44059094625118 189.4751166191644 7.231404926362302 180.5010455604419 11.146441125645651 80.53453273333058 Oyster-Closed 0
