245.09072736468443 90.34651625056028 245.25656523743964 190.6896894148755 18.079458103067736 191.06092522534163 17.916506423727697 90.720917371856 Oyster-Closed 0
9.175709589257167 160.92971839779324 70.5711967588868 149.78133659392788 99.81246236803054 310.8038323573786 38.41707103213412 321.95184594824826 Oyster-SemiOpen 0
416.0018340975512 292.362737 333.616634060214 292.362737 333.6183621617456 185.92494299999998 415.9999482117164 185.92494299999998 Oyster-Closed 0
416.00009856674296 331.539746 391.6456381320204 331.539746 391.6458352648442 309.9102539999999 416 309.9102539999999 Oyster-Closed 0
44.670868898876506 415.99903118293054 44.68048435030141 306.9145557984429 252.55051237762382 306.9298708059836 252.54806119169734 416.00713864669433 Oyster-Closed 0
242.2504825689175 415.9998974247875 242.25531241333738 341.50202284856283 378.3969533761301 341.50990272114956 378.3955090146228 416.00433648224055 Oyster-Closed 0
123.11628177355306 415.999782599058 123.11831036053991 369.26927366828517 213.537304389185 369.27270180691977 213.53673698012426 416.00173556437403 Oyster-Closed 0
416.0002208388032 416 383.29135200002565 416 383.29171383130597 391.043011 416 391.043011 Oyster-Closed 0
126.40424947570136 39.19753709927637 168.93182150453868 0 334.9575215263103 54.31406156740476 292.43064760127527 131.12215646045166 Oyster-Closed 0
200.92752195747016 58.1848492524858 201.77252319002218 111.25199262644513 64.46789731498211 113.43726872492955 63.62345899806678 60.37066241185212 Oyster-Closed 0
443.8264987920884 141.14873816533566 391.88376242557933 187.5044819232554 263.51937522957815 43.670838496288596 315.4610784012075 0 Oyster-Closed 0
