6.03366624256887 127.0291815403643 69.71100175050015 130.6123173025378 60.71421972125245 290.48755620984423 0 286.9045231936094 Oyster-SemiOpen 0
408.3950759008112 290.76122547456305 316.12972004410403 289.555809395389 317.53489550044833 182.152564444911 409.7961964649621 183.35795433812967 Oyster-Closed 0
408.2150704772357 349.3565218454643 351.06401741537775 346.71276877474196 353.259897310214 299.2743788025898 410.40940300000875 301.9180959999994 Oyster-SemiOpen 0
0 405.47161264440126 0.5618417474070156 278.53951774434097 211.038625422505 282.18987589474415 208.84346694443957 409.1139328782495 Oyster-Closed 0
180.8611260569378 408.5149830759085 181.45609081505972 327.47199183985015 323.7314384401907 328.5150444570657 323.1402389001523 409.5542705866366 Oyster-Closed 0
63.78474453472154 404.65069613692225 67.32332103053704 342.3883927834748 153.39459504590923 347.2786984649588 149.85788669846443 409.5392194383801 Oyster-Closed 0
317.277361000004 410.4619030000112 316.7027356945473 377.4582414119415 404.80035200002385 375.92373600000053 405.3759665036705 408.9264025458345 Oyster-Closed 0
322.01086459970975 0 322.0111287076361 107.10345894882987 171.9899930758147 107.1029749824248 171.99046400000225 0 Oyster-Closed 0
217.05074367855195 41.62849846214867 213.87949535944426 94.43972180458513 80.29179309536266 86.41725936597317 83.46342015320988 33.60641231661042 Oyster-Closed 0
447.5973715560249 145.9419648614076 382.64441703093325 185.007211972955 285.31537453979035 23.18223724416169 350.2667884437142 0 Oyster-Closed 0
249.80698780013336 76.27571978045127 242.3829950211948 176.25818959046057 13.865638805844355 159.2869435687558 21.29183492979064 59.307217089385354 Oyster-Closed 0
