0 136.88287 84.881895 136.88287 84.881895 317.117855 0 317.117855 Oyster-SemiOpen 0
410.8733720060918 251.48229725512235 336.24116983214117 256.0817961935939 329.9341176449634 153.7316071265119 404.5635961050284 149.13219245382024 Oyster-Closed 0
22.220128584143822 415.2001571378913 18.688962025193177 263.03153413079775 222.34109316991453 258.30349578369015 225.88111712611135 410.4634516428208 Oyster-Closed 0
214.6097453555085 406.6758440544023 210.49751820709935 313.31229538948486 359.5176508188233 306.74870447159554 363.6340244017738 400.1079029678829 Oyster-Closed 0
93.27673814983063 420.3980333103819 84.95491186213621 348.7298995191723 185.56214734049354 337.0500421871151 193.88606389834604 408.7157711819508 Oyster-Closed 0
405.6262262298769 346.8317121160464 425.86811209847656 381.35088642478195 342.5850389024599 430.17312442596256 322.3444503092833 395.65506998099033 Oyster-Closed 0
326.4013772235521 0 326.40156508212385 82.82997940161891 176.52460673911628 82.82970927571607 176.5248929999907 0 Oyster-Closed 0
91.5692196114178 80.85464109696076 90.61530941798264 29.066997525547574 221.23834621179412 26.660845152782876 222.19256734817827 78.44811223464497 Oyster-Closed 0
336.6452023909078 0 405.5944952636419 0.49270225262965933 402.56760002620285 120.07474761466048 333.61830677947 118.32950039772147 Oyster-Closed 0
26.487796309400437 171.30211675023287 18.609047742203984 70.57604236615535 254.60574455417373 52.11411436956228 262.48670163151473 152.83832946564965 Oyster-Closed 0
323.8100285337496 98.60057849513178 353.0416924730962 165.58181934724698 176.90722041901972 242.44215964145496 147.67775969618378 175.46277161306818 Oyster-Closed 0
2.441333832575765 51.27277491816457 0 13.978709107380258 168.49795490642282 0 173.5252302169647 28.210554052156876 Oyster-Closed 0
