3.772740794782294 133.34099044360624 89.50210123002762 133.05913064403833 90.08492548665527 310.3160928035122 4.355564652534667 310.5979430537452 Oyster-SemiOpen 0
416.5130109964957 290.80008122713576 342.3381964250839 294.904729876559 336.4145895451802 187.84525003298398 410.5860764771205 183.7406934326069 Oyster-Closed 0
25.588581265728862 415.99885736287786 25.600376571557717 266.2821959740053 228.7361617650131 266.2952600971743 228.7334024774973 416.0032347195664 Oyster-Closed 0
218.75363289339657 415.99992632844226 218.7590863069454 334.27975075578706 366.4297648447646 334.2881878305222 366.42829552725743 416.00435395996897 Oyster-Closed 0
92.9742420134935 415.9996075983305 92.97704857477584 351.2093024747822 194.42510891799975 351.21304694645767 194.4245210134468 416.00113605779273 Oyster-Closed 0
416.0006153868417 416 358.31428799997957 416 358.31512220135846 380.632386 416 380.632386 Oyster-Closed 0
337.2541842184073 17.674464357717415 332.42810505118905 109.7685502119134 177.65789194454192 101.65711634380634 182.4846651034204 9.563923795984278 Oyster-Closed 0
236.63516203690233 52.65487316008726 227.82182222868505 102.78199158275952 93.89411077819022 79.23420418337054 102.70777920841283 29.107389999722248 Oyster-Closed 0
408.4268232459508 157.86258417088553 339.2133720028214 155.2969599687536 344.1608178566348 21.846964996978652 413.3729941405945 24.41256784653464 Oyster-Closed 0
27.67589897524158 167.4516316342571 30.949296718976257 66.11633092657797 264.9490725728756 73.67235476171022 261.6782611940107 175.00555599478645 Oyster-Closed 0
331.984396381471 127.212908249026 355.43266062955445 199.22742069805406 180.98912903239034 256.01923528476243 157.5434201216558 184.00685094652147 Oyster-Closed 0
7.070953231748717 44.89710628633893 6.146913272448728 6.923656711314602 177.28503542522958 2.7590599976454717 178.2092136811225 40.73229133786501 Oyster-Closed 0
