0 117.612244 78.997122 117.612244 78.997122 274.339895 0 274.339895 Oyster-SemiOpen 0
385.2819845558224 296.646876174922 311.58418432966573 287.84761670288714 323.8970400140606 184.74389510152457 397.5916645426187 193.54296456298445 Oyster-Closed 0
0 404.3225241735911 4.7898315427482885 246.72748335240988 197.90248417155453 264.84860027736227 183.11999618268965 422.4349459592835 Oyster-Closed 0
168.05586869583203 415.9999781540343 168.06164261739104 331.68165333923446 319.5177719652602 331.6903416011948 319.51619754269996 416.0044689277112 Oyster-Closed 0
45.01520454083948 410.66950550524314 48.852785613187734 337.93888886236886 149.21916238890844 343.2328122581061 145.38411601171174 415.9610277124354 Oyster-Closed 0
370.18467713575956 385.0111880139165 380.65767029562267 409.2057782464836 318.8552537630385 435.94888818223524 308.38294885276264 411.7548795044915 Oyster-Closed 0
347.22277962256703 18.363391273068498 338.1150570880309 111.53098015725908 191.71475209652635 97.21864674891762 200.82307230422884 4.051778456665912 Oyster-Closed 0
104.20992149932863 72.68277517165937 112.11146744258076 20.93782334172644 239.97667175113747 40.46289798248284 232.0755074645058 92.20747640841142 Oyster-Closed 0
402.49810077294387 164.01482726523915 340.3455278731708 158.57725560435262 352.08228839341973 24.434093247844906 414.2335771686412 29.87161118053259 Oyster-Closed 0
24.58770226798515 151.7115547941813 33.84248582036889 50.09496735684833 268.14264523124075 71.43134559384329 258.89035285772843 173.0459479457408 Oyster-Closed 0
327.37075326416016 129.44097700144525 345.2902765855033 200.61932462256004 158.7023684303349 247.58635840376522 140.7854232016216 176.41016329491498 Oyster-Closed 0
194.81037754955105 4.5341892603619645 194.1466705738785 33.05189247297919 22.077717841220874 29.046964639622146 22.74149710700658 0.5293159466583953 Oyster-Closed 0
