8.866179146178183 157.23175365191196 91.41395429910699 143.12671270300294 121.35789136388485 318.3554096356228 38.810228755737626 332.4599362119983 Oyster-SemiOpen 0
416.00126300695774 279.170768 350.4239014741688 279.17076799999995 350.42512761618855 180.904249 415.999918899397 180.90424900000002 Oyster-Closed 0
59.79728015822184 415.9987263922309 59.80894967650602 280.41530162010287 257.8683621801574 280.4286967882839 257.8647759821106 416.0044705224568 Oyster-Closed 0
262.89262507648164 415.99994689491166 262.8976968086754 337.02169808124813 403.9254758757088 337.0296685219704 403.9240961675132 416.0041781033727 Oyster-Closed 0
135.27949576684114 415.9996953710068 135.28229140842814 361.7845856860633 237.92780826335002 361.7889023184873 237.92691747980643 416.0021185247935 Oyster-Closed 0
328.8551675403796 28.770470805216185 321.5789573127804 111.94371621037166 154.39430558460663 97.31698067957238 161.67120617686305 14.144673747188108 Oyster-Closed 0
85.36828329848504 98.6482705735242 86.53670752034668 46.80763425467515 222.3896169173022 49.86937993811074 221.22166378444672 101.70949167114922 Oyster-Closed 0
407.2780064936196 150.88178669002758 339.94529143326145 159.71222209820044 323.0482030688181 30.869334889083035 390.3797216983985 22.038971299050722 Oyster-Closed 0
31.26390491251732 187.3906614841278 27.34565711610412 85.0739714108202 259.5036949504938 76.18073309342067 263.4246272532546 178.49511547945335 Oyster-Closed 0
329.1118482833008 124.69492400240472 360.1843017863757 197.04723404378427 199.82025772814086 265.908874833563 168.75029272796382 193.558657488597 Oyster-Closed 0
4.362897031900502 64.76986839434983 0.6396465501893545 26.375658277224094 156.24669281373644 11.285628829790426 159.97011938734067 49.67954265985852 Oyster-Closed 0
