13.927414504072658 133.99517538489098 99.10086224558836 127.26182781264939 113.04703233648615 303.66192441978785 27.873601618772227 310.3950476231787 Oyster-SemiOpen 0
416.0012424710294 266.468334 354.57007779081323 266.468334 354.5710948299675 168.01895599999997 415.99995162674895 168.01895599999997 Oyster-Closed 0
49.752343267497054 415.9988561255922 49.7640484791591 261.01862947340885 251.7277003320596 261.03094972859657 251.72519593813922 416.00239858436345 Oyster-Closed 0
248.21780784246585 413.70169721395945 250.0804974750572 320.22600505164434 394.70793736875567 323.10625629246834 392.8496971731329 416.5775722421739 Oyster-Closed 0
223.1234375487038 415.79679246632963 121.55801405179591 416.7229809861031 120.89769083409192 344.0450352986042 222.45817556222755 343.1188693050626 Oyster-Closed 0
416.0003781699379 413.0315350000001 359.96324474503854 413.0315350000001 359.96412512533425 380.952886 416 380.952886 Oyster-Closed 0
339.55333921822967 1.9753064988329436 339.01658308828337 94.2783830500769 181.97854823658054 93.36440477774889 182.51590571777342 1.0620738693446012 Oyster-Closed 0
104.60611134411374 25.309044537043654 240.22788215096443 39.71837072342171 234.83698109086617 90.45789282001725 99.2152013323539 76.04860274078993 Oyster-Closed 0
344.35538914048084 6.905143702658734 413.2671283016025 3.8279796673787305 419.24020426168136 137.59157401914226 350.32846725100535 140.6687131613473 Oyster-Closed 0
38.80008827903657 166.1831467426422 37.34697697422962 64.6531580906207 271.52769955965414 61.2990036258636 272.9831791447723 162.82705988145187 Oyster-Closed 0
340.73207426301815 111.58274940904931 368.1164300308483 183.0516029141168 199.20265717481743 247.76608105890818 171.82064541426735 176.29918462204276 Oyster-Closed 0
9.89623379304976 44.60681972910235 7.184791000730911 6.598927063386013 177.20251706662748 0 179.91406256720074 32.47760097775112 Oyster-Closed 0
