3.4845560510002542 152.51209920358247 87.51863107990357 142.01488450434135 109.53056060698873 318.21480350737284 25.49654914605344 328.7116414275588 Oyster-SemiOpen 0
416.00114965747343 277.138169 345.282275284786 277.138169 345.28353802500715 177.313557 415.99962082280035 177.313557 Oyster-Closed 0
47.623703673943965 415.9986786168312 47.63560852811861 276.6876123437491 247.49354392112946 276.7016734574757 247.49005940709685 416.00460706357535 Oyster-Closed 0
248.59363846613996 415.99992711941695 248.5988175981729 333.2166090327772 391.4290301515248 333.22440333745044 391.42774571970585 416.0037898411823 Oyster-Closed 0
121.01029277790076 415.99967408624656 121.01321329502025 357.94561051890025 223.14868672347075 357.9497784875441 223.14778352120993 416.0018444989216 Oyster-Closed 0
416.0002506140336 416 374.9300649999859 416 374.93057691321883 389.894226 416 389.894226 Oyster-Closed 0
328.4778119062976 22.96886606201344 322.540754056703 107.87936103912887 158.97878424674127 96.44194496700716 164.9165145341176 11.532335807416342 Oyster-Closed 0
88.30197953567767 41.794832877140415 223.82894003231922 49.70967622937163 220.8293019675475 101.07268296598788 85.30233547387252 93.15786476361848 Oyster-Closed 0
405.59359858110474 147.332343325286 337.28341846266267 153.13526839934215 326.4227093654408 25.282916689336663 394.7317932165788 19.480032104885773 Oyster-Closed 0
28.476915311268385 183.70264216146523 24.600936481409008 81.70663787014293 257.37590528310466 72.85822812288643 261.25449808653866 174.8520079055344 Oyster-Closed 0
327.0349636362371 121.71049748017953 356.91434701916296 193.1016662187364 192.46823675815176 261.91914532538254 162.59131788379455 190.53004545627863 Oyster-Closed 0
2.726491245037323 61.545306131432 0 23.369306498778137 159.31137090305856 7.990589386304491 162.97516780836668 46.16630659129583 Oyster-Closed 0
