262.109641330615 252.31723019826725 260.6761933431735 404.1113556299575 55.51736984976378 402.16364435198534 56.95969002324637 250.37840409151235 Oyster-Closed 0
260.64555800000744 395.3990119999813 253.09529383718836 287.5735327915826 396.27258163291845 277.5485415584604 403.82701607799754 385.3695710097893 Oyster-Closed 0
416.0008206277962 392.282768 362.31650300004185 392.282768 362.31790223600547 326.900231 416 326.900231 Oyster-Closed 0
106.17850818699299 43.982710354563444 110.43848332245398 0 251.47500076379947 12.732736969639308 247.21521272931204 57.42551052419895 Oyster-Closed 0
343.15331646488266 0 343.15340958641536 64.76799138964746 218.20928593787903 64.76784874567076 218.20941900000253 1.9469367913243735e-11 Oyster-Closed 0
404.89664526748675 88.87557468386262 354.76506922231783 90.2334477738241 352.321164999983 5.685241493116036e-13 402.4523615572798 0 Oyster-Closed 0
281.4708071435416 133.63785040031962 45.80256358380939 149.65076523806775 38.8852798106127 47.81247456238557 274.5496798939639 31.799689855602182 Oyster-Closed 0
341.26771983245635 76.328880138951 373.6344023035999 142.76165893875557 208.64688049759934 223.13964088100093 176.2821150387026 156.70850315734245 Oyster-Closed 0
418.57756880176385 220.92634255530632 364.47040650428244 226.0005297227965 355.02080410961935 125.23478413654455 409.1263688386607 120.16067051862251 Oyster-Closed 0
3.978204460472625 117.4203582352571 110.52105036441208 111.15774678962961 122.68422454139727 318.0711173005908 16.141391596127505 324.33349177234015 Oyster-SemiOpen 0
