53.595603528527135 386.53498939832787 78.547310463342 236.88610105451153 276.0352229666787 269.8076736951432 251.0932689868132 419.4479017996424 Oyster-Closed 0
267.13184700289275 410.07785464358994 270.87339997394884 302.3640219692357 413.528205953251 307.3172203881708 409.79159891818927 415.02632209038154 Oyster-Closed 0
416.00062617439835 416 374.38331000001926 416 374.3841090430069 367.060345 416 367.060345 Oyster-Closed 0
115.04214927917201 43.987420440052574 123.62602695728492 0.8074373006807246 266.63907252446006 29.23730888018637 258.0554483514461 72.41704139253005 Oyster-Closed 0
354.98712968429754 4.02590525879661 354.2195435034919 87.67723097938823 221.80022649706007 86.46161019301798 222.56824799999958 2.81081100002271 Oyster-Closed 0
416.371853923898 120.03497562011597 365.0599376310638 121.43148104099231 361.84836066707066 3.414516271034372 413.1595662231448 2.0180209997454077 Oyster-Closed 0
292.370738110767 148.61365499616463 57.693344860443176 164.56738583369298 50.737639260445576 62.213015717990686 285.4108170183572 46.25942210433253 Oyster-Closed 0
354.9675326005163 100.18419896461873 382.09744244123794 171.7081231143752 216.94880867274696 234.3451774668586 189.82112432269787 162.82315476944194 Oyster-Closed 0
416.00072332332275 248.39476099999996 369.5762037642744 248.39476100000002 369.5769657006058 151.491781 415.99996514305894 151.491781 Oyster-Closed 0
14.909134531397285 117.17301523445992 121.10461020625007 110.92159349695315 132.6893071196464 307.70385971814466 26.493843270494835 313.95506188043794 Oyster-SemiOpen 0
