254.67700914931993 268.7616434337832 239.21008786552557 419.3214759052678 36.643369340028585 398.5057458551594 52.11822303929148 247.95484656001244 Oyster-Closed 0
243.24881214140623 411.08179821965524 245.752198877708 303.0424581681279 388.19123532302547 306.3411477661372 385.69274964575015 414.3757604321509 Oyster-Closed 0
416.0012088752228 416.0000000000001 346.4097350000011 416.0000000000001 346.411449029285 355.089823 416 355.089823 Oyster-Closed 0
110.041316272127 46.526966903525285 118.35283282332603 2.6743886841191213 258.70332209070693 29.275331794798742 250.39206429222395 73.1276541544015 Oyster-Closed 0
347.11655805909686 87.46943809214923 218.30163714793525 86.62282193664053 218.85161495600914 3.0122372173124994 347.66578870265585 3.8588511568579142 Oyster-Closed 0
405.81815870796345 119.12601408001314 354.53219935060406 117.52963242695232 358.0923231046654 3.1671682628369204 409.37764800001605 4.763539999999822 Oyster-Closed 0
280.1655902835737 151.1607935883381 44.379131573568884 153.42894344028207 43.398700372832536 51.23533212499261 279.1809121196202 48.967202531754374 Oyster-Closed 0
343.74341972470575 100.47229920633067 370.4778359988595 170.3062979087935 201.56068396133196 234.96647705763746 174.8284983971862 165.13438352980768 Oyster-Closed 0
411.8228137513797 253.0159589404818 357.65525515688205 254.9238980469741 354.01632977067493 151.59637261732664 408.1819981090666 149.6884656399239 Oyster-Closed 0
4.523881538654678 115.2099229118939 111.0971115162829 115.15548945272712 111.20121102357734 318.9550185654882 4.627980962759466 319.0094500015512 Oyster-SemiOpen 0
