262.43889355333886 268.3232109505548 260.1597939610183 417.6665833753616 57.84415910514508 414.56929993297643 60.132246732653584 265.23514669761084 Oyster-Closed 0
265.14641902419316 411.43429143119937 258.17229492726983 303.2266858361086 399.81887618369365 294.0981574302233 406.79737225245117 402.30111473164925 Oyster-Closed 0
416.0009228758354 408.7737599999999 368.7070780000213 408.7737599999999 368.7082021008646 344.79721299999994 416 344.79721299999994 Oyster-Closed 0
93.52978950900797 59.07965397640516 97.99777049261684 14.693664792257678 240.54902358326945 29.042970750011662 236.08132696169196 73.42866169470821 Oyster-Closed 0
332.2510624235256 9.667280580840224 330.15291618214906 81.78389400071656 195.12701528720936 77.85496845324968 197.22551074435978 5.738710370243498 Oyster-Closed 0
395.38734396396103 105.78892894832569 345.11134165036856 109.78023424578868 337.1751829999812 9.810796000001613 387.4506314085738 5.819513927888652 Oyster-Closed 0
274.1889268285122 148.0307670241273 41.15696916698289 176.04182700168792 28.902671283973177 74.07353209833647 261.9301421075688 46.06273532880201 Oyster-Closed 0
332.0331170655554 92.44465194547254 365.504121848262 160.18542386256289 205.17077071197855 239.40045123988227 171.70187244666886 171.6614831873753 Oyster-Closed 0
416.1087146639802 238.8461461206622 362.7534937490964 246.63576997987707 347.66069397700994 143.25844914144793 401.0141144502122 135.46895668389584 Oyster-Closed 0
0 137.66021015345243 102.37211466529698 125.95032625582455 124.71420586354361 327.13995376779025 19.25977948048967 338.84937479381813 Oyster-SemiOpen 0
