233.03024527102025 276.58183708832615 201.54204758278502 425.6869990735993 1.3013832819742674 383.3984325174732 32.796007209948584 234.30203569052338 Oyster-Closed 0
202.8877840000132 415.99999999998346 202.89374783997482 317.1112327922288 351.6506830043727 317.1184866522954 351.6494209090961 416.0026426898045 Oyster-Closed 0
314.074132999991 415.99999999998613 314.07550015841844 379.15966827852094 384.367240999989 379.1618460000139 384.36678190869134 416.001270877548 Oyster-Closed 0
123.00648830959108 41.11567025960869 136.0868916445943 0 271.0783529852706 38.895245485657775 257.9982264610044 82.04055132427112 Oyster-Closed 0
364.6608942217499 23.076187431807647 356.07598040472294 106.59143247133801 228.0687689247352 93.4324132971025 236.6541570000154 9.917792999987704 Oyster-Closed 0
409.080858109337 144.13508852275154 365.3624168517599 141.843925682983 371.55257066357444 23.73818842721813 415.2702210985699 26.02932999210377 Oyster-Closed 0
276.01111338963165 163.87469883429262 42.75483425053244 132.05952128413125 56.59933910820473 30.57772858612896 289.85147759044776 62.39261004317549 Oyster-Closed 0
345.801332337458 119.17211564958592 364.59303492161416 190.69386903224049 187.0988029805776 237.3229332815249 168.30952152694954 165.80328578941447 Oyster-Closed 0
392.1749746066671 277.54246255463266 338.33332121081185 271.59265947901093 349.58836707284354 169.76059370578344 403.4279644697017 175.7102856773868 Oyster-Closed 0
0 108.466231 109.775797 108.466231 109.775797 291.226593 0 291.226593 Oyster-SemiOpen 0
