257.347137280296 282.2112019514044 234.52479404918267 429.38000558445464 34.042207005131786 398.2868612535737 56.87179603626646 251.12718918093805 Oyster-Closed 0
246.5200762132954 415.99999886313265 246.525567496632 320.1403672496301 388.9895388585719 320.1473059429116 388.9884339979035 416.00257710693865 Oyster-Closed 0
416.0007011657399 416 357.1901340000004 416 357.1910436060207 377.041739 416 377.041739 Oyster-Closed 0
109.37123831659483 52.058898440827946 119.72650366995003 9.211334211581457 261.05810871662106 43.36771512327056 250.703169928609 86.21497246391188 Oyster-Closed 0
350.5159877209444 21.902494097871212 346.34272973561747 105.37419320196494 214.67990811971686 98.79091037018398 218.85369499998706 15.319840999992657 Oyster-Closed 0
406.4839344807406 140.37497700221058 355.1163003847032 139.072530801051 358.0410579530326 23.74066173428556 409.40784255975814 25.0430972122375 Oyster-Closed 0
280.99810748947493 163.98562111459663 45.45226826992803 167.62108663352186 43.8751952632083 65.25483075465839 279.41635793195746 61.619400301307685 Oyster-Closed 0
345.7824647172856 117.98177378097904 369.7083557062324 190.26034140331453 201.34158164477776 245.9872664128324 177.41813563937467 173.7107964641904 Oyster-Closed 0
413.2672499086184 274.538962292259 359.24325418523586 276.7525937197676 354.934907572715 171.59333797418307 408.9567862338081 169.37974844772182 Oyster-Closed 0
5.230701762349781 121.21767262327769 111.75708600770304 120.5433059343314 113.01021239892725 318.4805032362954 6.483827388503414 319.1548452380913 Oyster-SemiOpen 0
