22.322793351555447 86.76032634991913 141.2067600195769 99.85654182828348 118.12050609033759 309.415865142661 0 296.32011261564355 Oyster-SemiOpen 0
157.25768466330192 46.836869170750774 160.60728895713328 0 288.55328066219954 2.8068737732600675 285.20383444797335 55.041308155538886 Oyster-Closed 0
62.281590770508046 407.6423245765305 39.988227735138935 254.5227839472597 257.7653407773432 222.8194800840758 280.06626242331185 375.9294630925115 Oyster-Closed 0
242.97273875686733 403.9005085151586 237.57207395932346 300.7792606881408 387.30029225804174 292.9380112006805 392.70540444227663 396.0545746218131 Oyster-Closed 0
228.05259863871834 320.50824532615593 217.82081308148554 388.4283342632017 120.48295167117612 373.7655681054217 130.7164122961767 305.8474974252406 Oyster-Closed 0
402.9056569345739 365.0146795820143 414.81958465486605 389.1811649306019 356.4271125393461 417.9595156713953 344.5138117730894 393.7935630788648 Oyster-Closed 0
12.182242000006227 377.48140000001524 18.615836017910624 339.8857035525846 94.16575718706372 352.8109488403201 87.73320713338762 390.40571823148554 Oyster-Closed 0
314.6441469999845 7.054867852821263e-12 381.05408764625463 0 411.31724589421356 66.58126698547794 344.90732812126953 89.1299843041924 Oyster-Closed 0
67.27596010847265 125.18554245142626 74.34069928552708 19.770582459138996 315.35823347336554 35.92148085609708 308.2953752796311 141.33495056136547 Oyster-Closed 0
23.382573000013508 36.244888999999446 64.85680606959431 34.71670922373719 67.64939357528056 110.50593710191471 26.17516089398123 112.03410944606199 Oyster-Closed 0
379.7259381486183 101.2955267957429 396.6437387014739 170.85587047059113 215.31542726319094 214.95179154022347 198.399742797239 145.39329930629208 Oyster-Closed 0
416.0005443453774 247.88316700000001 372.86962915518234 247.88316700000001 372.87054503797845 158.547851 416 158.54785099999995 Oyster-Closed 0
