356.7653864173735 93.05091575881254 379.0619052696675 159.39465162382675 197.48852279825223 220.41146283402347 175.1940947937146 154.06952048846603 Oyster-Closed 0
400.7768149586409 235.18635699522906 351.71973934627385 233.7883979673397 354.40585247165654 139.57013034483512 403.46129299997847 140.96806499999934 Oyster-Closed 0
0 112.884884 115.76692499999999 112.884884 115.76692499999999 318.266314 0 318.266314 Oyster-SemiOpen 0
261.82057054902543 0 261.82066369373206 57.69174022933085 134.902964681678 57.69165153531409 134.90305309838368 0.000021932878895045686 Oyster-Closed 0
54.452860884142865 424.8547997785533 19.251389949607983 276.9707048331889 236.22966155271934 225.33034567150233 271.4373566149443 373.20471252497197 Oyster-Closed 0
269.86724811865133 446.80736743045645 198.74157247635958 369.91434211834707 310.8986753416684 266.19327716590766 382.02172293856347 343.08299878048786 Oyster-Closed 0
212.29001093858824 324.3301978365959 208.4365462731257 392.9347071446459 108.77737643999353 387.335402499884 112.63286068232628 318.733010487654 Oyster-Closed 0
388.49236254260177 401.5777263153843 330.8901058437805 401.25459765166767 331.16787247224784 351.92183772792515 388.7682220000315 352.24496100000005 Oyster-Closed 0
0 401.09100809793864 2.577270562571357 362.99605970348586 76.64828640177075 368.64766608949674 73.74179885616468 406.74164591321437 Oyster-Closed 0
290.4044239999748 5.499179044250421e-12 356.5485399302743 0 388.55406001024676 57.85300809672475 322.4099777284864 83.27457534620156 Oyster-Closed 0
47.75752751645632 145.37626922729467 44.98837319462473 40.282908986745454 290.0185264196334 33.824532199334605 292.7896702639773 138.91622372369784 Oyster-Closed 0
0 61.46871646669829 40.654854290191 58.68601731197854 45.64443524051603 133.42146581512287 3.9637734030657157 136.20414737508983 Oyster-Closed 0
