353.77349051199053 59.3438617527607 384.96426619652266 121.66192315709311 213.07427030635154 207.6896443153266 181.88517393954317 145.37302494227293 Oyster-Closed 0
418.88574245414566 192.33901503858797 369.6766366250995 198.47709065000032 358.1186138899466 105.8134353054015 407.3264089999975 99.67544699999847 Oyster-Closed 0
0 124.60309036340655 118.77654107792841 116.09133535832723 134.14738874357863 333.2167042918167 13.90388764303134 341.7281054175458 Oyster-SemiOpen 0
252.81134753845618 0 252.8114155444673 49.32758769346665 119.11382490936376 49.32751604877632 119.11389404768124 0.00001375979746283818 Oyster-Closed 0
99.60101463002866 429.1109942151184 44.520144860805885 288.422999741874 253.82989798353447 206.49069156318723 308.9139481880993 347.16920377545046 Oyster-Closed 0
273.0093959999831 381.8615620000108 257.0269497720619 274.82098862485594 403.5878030306412 252.94000751973704 419.5738289371693 359.97630502215554 Oyster-Closed 0
243.937851769384 307.1718359504838 250.03631349569332 374.98626354841366 149.72293542028638 384.0025629935648 143.62671268175836 316.1901929962675 Oyster-Closed 0
373.24477100000513 359.2551079999953 371.7974344631257 318.27842299179804 416 316.7174979999801 417.44785813033377 357.6936360848921 Oyster-Closed 0
41.29657500002577 412.6289900000218 38.31745110063275 376.1257233325228 114.38257401082228 369.91901466459024 117.36256809942279 406.4213203300063 Oyster-Closed 0
357.7926240000197 0 357.7926540434528 47.88409005800845 285.71826349505864 47.88405445901945 285.7182979999925 0 Oyster-Closed 0
52.071960284698434 155.86492378211355 34.3796704185952 53.13730111088146 277.92187776814535 11.191421041953525 295.6157355772375 113.91761391100707 Oyster-Closed 0
0 80.448334 41.802693 80.448334 41.802693 153.203051 0 153.203051 Oyster-Closed 0
