0 98.726297 125.75572899999999 98.726297 125.75572899999999 296.561795 0 296.561795 Oyster-SemiOpen 0
153.61294653802906 48.95822542097697 156.4257273719195 0 280.7663107836888 2.1737840817758984 277.95369044483596 55.51470221503278 Oyster-Closed 0
227.0242227384515 212.330136134097 272.02624257785646 360.78997519409813 62.97460116148068 424.1347336996025 17.98286158956762 275.6833850925254 Oyster-Closed 0
247.83442979968459 444.8228773091333 188.25236020590455 360.5987749179408 313.73564561217427 271.8485251325367 373.3167246632038 356.0688517270642 Oyster-Closed 0
207.03729598901555 321.48101889452096 197.41485773175373 390.05868136595217 99.45366772833222 376.31369610051036 109.07784564836038 307.7380862423563 Oyster-Closed 0
379.1801404977341 363.9231441072012 391.99387400656997 389.9300004093101 329.83541479155974 420.54640897142434 317.0224004411248 394.5401636084253 Oyster-Closed 0
0 382.3033347699026 3.2935692506143823 344.29246295193474 69.49234115075888 354.95827908702336 63.36749443442022 392.9683232345815 Oyster-Closed 0
310.16209000000526 2.9718307804924735e-12 378.59668542114014 0 403.9682642339103 68.46354535879807 335.5336945371564 88.158585696122 Oyster-Closed 0
59.03094961270108 128.2754049556804 64.91853524550606 22.472691720844008 307.60773976213386 35.97582092778054 301.7220801836629 141.77699214828434 Oyster-Closed 0
17.687493576722773 39.77925191555149 59.1097782814395 40.4242597348054 57.930860613731056 116.13348750923029 16.50857600000745 115.48848299999986 Oyster-Closed 0
368.5298726137007 100.97158174880349 385.74914804542277 169.28883604665438 201.08733971503534 215.82740376086429 183.87019345123554 147.51200677280576 Oyster-Closed 0
400.61554745144167 247.29341116046453 352.2325457441584 241.98956318778664 362.4343252248291 148.94394611563166 410.81569130310163 154.2477009162402 Oyster-Closed 0
