11.026980632905179 102.35055355590276 130.49064052594622 115.58036727516821 107.87448171163487 319.7887024199074 0 306.5593748035269 Oyster-SemiOpen 0
283.59401975775836 27.79450476200602 273.3957033052029 83.96214524492376 141.32244308058216 59.981272239022196 151.52098812413897 3.81388043933376 Oyster-Closed 0
46.68166422767899 421.57081240229763 31.35793656361784 266.76703319811753 249.3383612025973 245.19205334257651 264.6707951127828 399.98572097622906 Oyster-Closed 0
232.961651000016 415.9999999999929 232.96731854791506 322.0251156596952 379.82866565285804 322.03242445608856 379.8274527985777 416.0029015052594 Oyster-Closed 0
217.15724012185092 341.71300134857233 203.97524223957953 408.5551372417994 107.79485857742111 389.5893151854903 120.9784384691593 322.74926686609524 Oyster-Closed 0
391.98346236959696 394.34954886480307 399.91746396962117 412.12471044056326 353.5758849471058 432.80260167910393 345.6422674608002 415.0277652208676 Oyster-Closed 0
1.3195570000134467 388.6172320000137 9.360199158854812 351.68184261711934 84.89847846056728 368.1217853259274 76.85892833936305 405.0562221981225 Oyster-Closed 0
302.38191399999414 21.281050000002853 367.95558137120315 0 399.73470428850123 94.42232954635016 334.1610923478074 116.34327343484969 Oyster-Closed 0
54.82129595420338 138.77964086853584 66.69265155266112 34.26951122013334 307.8199326217982 61.657096041498754 295.95097400276063 166.1652684316181 Oyster-Closed 0
12.518181999981607 48.000544000000126 53.91522298417476 46.477621123149085 56.70738322624675 122.37507930194376 15.3103426934249 123.89799352631103 Oyster-Closed 0
369.7933301590456 129.43240727608293 383.73537252101596 200.34536171951774 203.49768433359714 235.77585833845785 189.55805176220747 164.86504438239615 Oyster-Closed 0
407.38514255427435 278.02508020764554 358.2889486767999 275.197384888505 363.65984716864114 181.97660487160417 412.7541410012491 184.80424435654453 Oyster-Closed 0
