360.95491689646224 90.65794535098921 381.5598243890272 157.11317211032383 197.16439881327096 214.28096667519426 176.56153806805742 147.82750254523748 Oyster-Closed 0
397.85345444419 234.17202881749992 349.2730814956376 230.24792232799993 356.91343448778935 135.67968194311962 405.4921990000403 139.60372000000172 Oyster-Closed 0
0 104.021623 118.952039 104.021623 118.952039 304.44282 0 304.44282 Oyster-SemiOpen 0
269.1889180689359 0 269.1889890075363 51.082415266876325 145.39860330216106 51.0823461312175 145.3986721891124 0.000005042850381047538 Oyster-Closed 0
221.54685798276114 209.8266878578345 273.59136879415746 353.77174986327185 66.28240477769214 428.6997543681742 14.248015023105836 284.7630650123983 Oyster-Closed 0
255.91843256587526 442.17643651524577 189.24294871196253 363.78033307181954 307.0941218528387 263.5709055925944 373.76750504053416 341.96356405734934 Oyster-Closed 0
205.80790558260196 319.02953951608197 200.2716253528779 387.89392813697634 100.76261628161228 379.89301617797463 106.30082763380778 311.03071088158015 Oyster-Closed 0
379.7669092674005 351.14315919369403 397.6934486106438 383.49943937046567 334.30786981073834 418.60684529822703 316.382237245587 386.251344822663 Oyster-Closed 0
0 391.82426946664935 1.9754655568649468 353.5837352215078 67.60401102803007 360.2030800990747 63.74688547155529 398.4427786341852 Oyster-Closed 0
380.8771543601215 0 380.8772312749934 74.94847796590722 301.9618753053437 74.94837196979832 301.96198000002914 4.124384283187815e-12 Oyster-Closed 0
52.69537666811084 135.7185443315625 52.3686704276588 30.26885860820802 297.6960166497047 29.506954058436428 298.02459923561764 134.9551064594163 Oyster-Closed 0
7.592475999972521 50.21454800000017 49.188690935228806 49.645662174941926 50.218349483868224 124.93217750654973 8.622134606877808 125.50106007375814 Oyster-Closed 0
