416.0012432335934 309.878098 366.8134047125568 309.878098 366.8146106524473 198.562832 416 198.56283200000007 Oyster-Closed 0
5.328170069780754 152.575596588019 144.45332190877525 147.71784022370906 150.8701282470065 331.47921301423554 11.744983103810227 336.33678644313034 Oyster-SemiOpen 0
45.53408389088872 385.48776966167384 63.81536656011667 267.564649430518 268.24762672681754 299.2486000906101 249.97448128293036 417.1645409866362 Oyster-Closed 0
250.10871710594802 411.8878014664296 248.92999697925552 344.1223330163762 381.45802793226903 341.81629341401026 382.639661480036 409.5787900478295 Oyster-Closed 0
253.12993989808092 0 253.13008167099906 65.42504040132589 72.44256296093226 65.42481708230193 72.44276540507781 0.000046966104627762845 Oyster-Closed 0
127.79164496150406 401.7115188599091 134.15773316827108 349.76836699220286 226.47065723742344 361.07876833541934 220.10635082990848 413.0203011024938 Oyster-Closed 0
229.251748329174 36.65465519009979 299.4618929823082 0 427.3192398380779 86.1342873523005 357.1097990004091 159.3168373424288 Oyster-Closed 0
397.423703 40.028222 416 40.028222 416 169.759451 397.423703 169.759451 Oyster-Closed 0
304.9481036630641 84.29147165597182 296.94850313421193 124.08673169860536 162.4045223185385 97.04006388274968 170.4044722898907 57.24512956047117 Oyster-Closed 0
86.034584480989 149.72036430774799 115.38520061209056 41.21370532630656 332.7052085478135 99.99519993249483 303.357632508636 208.4993647266321 Oyster-Closed 0
21.999427192939038 79.17464510195086 84.6785753498807 85.55102653218553 76.45418519569648 166.3939867138594 13.7750465375575 160.0176616547731 Oyster-Closed 0
