407.5904509196698 335.0886765169735 355.02793846320856 331.2914678095387 363.2178593306526 217.95935859525088 415.777551294992 221.7564668291144 Oyster-Closed 0
0 163.355536 137.65319 163.355536 137.65319 349.577165 0 349.577165 Oyster-SemiOpen 0
39.17571288420004 397.45974902763004 61.25361260138379 281.1651871767528 263.54540827049277 319.5585485574652 241.476055675299 435.8456560646389 Oyster-Closed 0
245.62372205999782 415.9999526171666 245.62699526746655 364.67487393148446 372.2542351019729 364.68169936437357 372.2531899130736 416.00451780563094 Oyster-Closed 0
245.04557778286835 17.134717296683263 240.11483367229448 87.65220850564461 59.45955992191011 75.01952363145617 64.3907773541323 4.502689189117535 Oyster-Closed 0
125.82222990614173 415.99976180632405 125.82429230336493 369.6082753757667 219.813406667643 369.6117633423221 219.81285304697303 416.00173486679387 Oyster-Closed 0
218.95563493237933 55.051032737396234 288.0858268397824 0 417.90730725464164 111.73721885292794 348.77805526877273 182.27626986363936 Oyster-Closed 0
416.0005716838459 203.366014 388.07128438651125 203.366014 388.07164711017685 64.963686 416 64.96368600000001 Oyster-Closed 0
297.33368160443933 105.90824305224183 288.11925480544596 145.01442939451346 152.08204289470086 112.95978506410769 161.29686361480708 73.85400860460527 Oyster-Closed 0
76.79541274648727 162.96508916909548 109.11982297636496 56.860841041480576 327.5989642227032 123.41647911699673 295.2780444243908 229.5178366393045 Oyster-Closed 0
12.75695175706278 90.45816083233098 75.75559105108914 95.77397301335883 68.87250123707418 177.34438556178935 5.873869242124783 172.02862512864948 Oyster-Closed 0
