420.2262872169558 274.2436738349248 368.3509003913423 280.79528760583696 354.4511511558776 170.73923197223763 406.3243514980204 164.18775620113954 Oyster-Closed 0
0 194.9766500216121 128.67555292067118 179.24322862994225 152.4614602237889 381.4433295449878 18.69934290611127 397.1759727510084 Oyster-SemiOpen 0
277.9208726680081 299.6198456171496 282.3674304107117 414.0726387247863 77.78071920846924 422.0086176661869 73.34182560890622 307.5631835251143 Oyster-Closed 0
281.2804686967029 414.8438700448849 272.8395933738466 337.8894627407386 404.31689464949886 323.4702233563222 412.76064183487324 400.4213437576903 Oyster-Closed 0
203.24717230430906 8.407806520344097 208.50873139233227 83.67051164737671 4.826074224078184 97.90853466495051 0 22.646647603853197 Oyster-Closed 0
161.07298097499734 415.9998609286662 161.07508750946727 368.8036532623273 251.86105811790185 368.8071882687435 251.86043297488504 416.00190188586544 Oyster-Closed 0
362.28644624877415 12.650969774535843 358.3983161427277 124.00684209145071 197.4574268436736 118.3862337071953 201.34649697317218 7.0313251100007745 Oyster-Closed 0
405.70259153814914 147.76677857291367 367.7161892992226 152.78829466287942 349.441282744865 14.543919591911054 387.42696723847985 9.522450427851947 Oyster-Closed 0
267.4490262394138 78.66764245550087 267.8704163105758 119.42224457993642 131.09333477020482 120.83512804143496 130.6724347633317 80.08092768688428 Oyster-Closed 0
67.98651789051655 188.4459356532059 74.29777505978564 75.81753333120754 298.3036657855919 88.36732372490847 291.99563341388784 200.99296297431815 Oyster-Closed 0
0 132.183594 57.253276 132.183594 57.253276 213.01508199999998 0 213.01508199999998 Oyster-Closed 0
