49.533106201473856 422.71932203886996 0 348.0907367108092 82.30492474578932 124.83939470127508 196.03487957321704 199.46343337424187 Oyster-SemiOpen 0
82.29132948010738 415.9984844004144 82.3013270654883 296.1950087582935 286.6389817487361 296.2097926996382 286.636658624142 416.0055059820346 Oyster-Closed 0
109.55623133701738 15.430246368358869 113.29867269321039 87.59244823806847 0 93.46774899998215 0 21.305928179815435 Oyster-Closed 0
301.6010289413389 415.59412958667394 294.8808025584658 341.80967133088984 394.3391441210915 332.75265979013477 401.06153121642274 406.5347231342728 Oyster-Closed 0
126.10468994982875 415.9998637054372 126.10891013425135 360.8646887891096 275.7857559298791 360.87369484175366 275.7843535241482 416.006055452026 Oyster-Closed 0
387.69037202272375 13.53791089423632 383.76893866877435 125.84711314205158 239.50524276461874 120.808946256683 243.4275699981954 8.50074571817165 Oyster-Closed 0
168.07626453964258 116.48727414075181 170.8591963332292 75.2116029170134 302.4094316101218 84.08056141748916 299.62701460007156 125.35572991345597 Oyster-Closed 0
321.48544326874617 197.16207282064894 96.92633826327074 207.6462403638315 91.37967310717067 88.7638661856874 315.9316883274332 78.2798699861881 Oyster-Closed 0
0 130.509542 82.241385 130.509542 82.241385 215.793313 0 215.793313 Oyster-Closed 0
0 193.73011 12.17124 193.73011 12.17124 242.77613699999998 0 242.77613699999998 Oyster-Closed 0
