0 168.109915 180.151159 168.109915 180.151159 360.943415 0 360.943415 Oyster-SemiOpen 0
68.32461068404155 415.9983102161005 68.3338746976915 301.4256217594999 275.26729793603226 301.4400864432163 275.265533363141 416.005131494673 Oyster-Closed 0
144.736477392682 7.5851304640047985 141.5420540642699 68.54129392371406 15.29724200002238 61.925051000003016 18.491887071162637 0.969126359150244 Oyster-Closed 0
280.533254506503 415.9999982016827 280.53593794737026 366.83399631219305 384.63594460750755 366.838887711222 384.6350265088586 416.00310877231516 Oyster-Closed 0
107.25205147932502 415.999084811082 107.25543684428703 366.47946429883666 261.3348993827567 366.48750611347816 261.33414124515184 416.00447686703615 Oyster-Closed 0
399.83810597060074 165.10116859800368 257.1716441262397 137.82186891978392 279.6901408370104 20.063624869901574 422.3541139918052 47.34269054085948 Oyster-Closed 0
188.76794716108998 115.92867393335044 199.2278753572973 76.24791059479291 327.43229334949865 110.04182296136801 316.9729834528116 149.72204544758196 Oyster-Closed 0
104.84465444176385 179.75055361444916 130.58155626647203 64.88299981869775 352.67778315027317 114.6427564603974 326.94488302258105 229.50676506016006 Oyster-Closed 0
90.3393220357575 195.69242137682753 0 180.80334053088674 9.792523999996774 95.88315000000267 103.79004315764541 110.77206965589927 Oyster-Closed 0
0.7598780000189436 155.11115199999952 21.019872481501807 152.83192324768456 27.05789787996764 206.50090829960052 6.7979068584463676 208.780117528324 Oyster-Closed 0
