45.796948834245995 397.53869878106093 0 315.16316546765177 101.81625363456988 101.35336315790202 209.44532214150968 183.72426908478857 Oyster-SemiOpen 0
286.21709700531574 406.92529565993783 82.52290069244191 407.5710112489659 82.13470438156219 282.68479646582387 285.81334845472884 282.0391056465032 Oyster-Closed 0
11.706175 0 137.668873 0 137.668873 67.337057 11.706175 67.337057 Oyster-Closed 0
297.2666435996034 403.88726883020513 294.38045034815514 332.98381877160824 398.21226796027986 328.75756413857926 401.1007212355689 399.6586607602278 Oyster-Closed 0
275.184119795922 349.7134033841101 276.4938909272023 405.46631066282885 123.29441565685192 409.05904904145484 121.98755279527177 353.3089812263031 Oyster-Closed 0
400.50481847821356 123.41049067198475 258.021867704756 104.90178258200929 272.99507734594954 0 415.47648578554436 8.151898984448357 Oyster-Closed 0
188.65465989593213 99.03619212151037 194.12849747760993 57.86641841996092 324.1231826999392 75.14968523336967 318.6498101238758 116.31902432441689 Oyster-Closed 0
334.16652695931043 190.6013651508759 110.43976441008635 182.79999300458877 114.5980455935387 63.65386035104487 338.318426922393 71.45511614208824 Oyster-Closed 0
101.30734181426669 106.28900261949464 97.20215199324957 191.98225571205575 4.088024153912556 187.5207233413044 8.194184999985737 101.82851700000793 Oyster-Closed 0
2.6350779999738734 161.9141550000033 22.920547180605354 158.3938869484376 32.054095804393 211.02280974125608 11.768634811676748 214.54304704779867 Oyster-Closed 0
