397.38121235563085 66.62402409619818 290.3197443016579 51.41145259191115 298.6603604304546 0 405.72159000000465 7.9260910000015725 Oyster-Closed 0
66.97302185455555 410.33384156699657 0 321.53128481554586 125.58364487574727 128.73206345078714 230.37102955134833 217.52973621090305 Oyster-SemiOpen 0
118.21632574988325 401.63851898362543 125.67521677144032 289.23537844773347 332.09466111599977 302.9265075039951 324.6433632024564 415.32263662007637 Oyster-Closed 0
325.5154499999844 407.5165380000227 324.3453599249224 367.2491472715463 415.2267556180959 364.608299718747 416.3980522240781 404.87443970204913 Oyster-Closed 0
157.1063714563752 19.297034740324882 192.867561292951 0 321.54624407489973 33.713480100971466 285.7853195490716 94.72280118504952 Oyster-Closed 0
170.4836128368588 0 170.4837958221433 88.9018288561922 23.5565979999883 88.90149600001352 23.55690801423043 0.000012249378568051784 Oyster-Closed 0
448.1658851688044 85.3317522538135 408.3089517059161 173.46202137711452 251.35545328418448 102.4792398913311 291.2127918768929 14.350011287139449 Oyster-Closed 0
214.76675465200242 134.1717184965334 222.23167633610137 100.84510826451846 344.1413051730451 128.15068589353277 336.6769392547649 161.47681231206215 Oyster-Closed 0
380.88203910158336 126.65793806662712 363.75793171164696 234.00883150719056 134.11158967842493 197.37325430366334 151.23857393668368 90.02615091211595 Oyster-Closed 0
133.22712662675985 136.84420029927054 112.5911446063692 216.11377083440658 4.5512159421159595 187.98808795864934 25.187979998623632 108.71979788095292 Oyster-Closed 0
17.50480859481104 161.41264575900655 51.09005903326033 162.5056412396663 49.04195101046207 225.4354287696834 15.456701087088732 224.3424450790966 Oyster-Closed 0
