392.78239540457434 62.89906401720939 290.13597188979475 37.638780235734835 304.590575632119 0 407.2368349999815 4.162355000002206 Oyster-Closed 0
28.68482388506891 405.58751629455577 0 315.98681396241926 115.93440051723519 124.46745855138506 210.3836726859663 214.06308881726102 Oyster-SemiOpen 0
83.45132825940163 398.40049922708033 91.0517871562115 285.1440001196212 297.299665922641 298.97843940173664 289.70677479367805 412.22797145862484 Oyster-Closed 0
286.06902199998876 402.5633980000222 284.29908982416237 364.529676770959 387.2744677186056 359.73792802258487 389.04565133093274 397.7703164475549 Oyster-Closed 0
158.80948417488253 15.890508806538316 197.80472782666038 0 318.1816512698824 29.18857138498641 279.1866670836789 91.37493636195765 Oyster-Closed 0
17.859908 0 169.690963 0 169.690963 85.191248 17.859908 85.191248 Oyster-Closed 0
444.277834341181 82.97093667627611 400.96116290779537 173.84293549620887 248.68217428850403 101.2544527514417 291.99921463006103 10.383426747467812 Oyster-Closed 0
205.6637167328845 130.94294305452252 213.50728679295935 96.8842153136265 330.78565364575843 123.89170963378787 322.9426163374774 157.94997433128654 Oyster-Closed 0
363.1561654080033 121.84884418210628 345.38035049418613 230.9847406194619 119.71066129203973 194.2248908114045 137.48925949744444 85.09271880379153 Oyster-Closed 0
118.70624827059146 132.23971833467428 96.88386472775892 213.45307935907198 0 186.19913761128004 17.279635164635692 104.98697609618158 Oyster-Closed 0
4.241266244189319 157.7502931570868 37.13408051258375 162.25560626461808 28.61049546340655 224.48161915548198 0 219.97635374687684 Oyster-Closed 0
