368.0073375364045 53.795888214139715 262.7003051906213 39.07624149465221 270.21987788818296 0 375.52674399997704 0 Oyster-Closed 0
36.956269213205815 435.15081647191624 0 355.5667208515043 98.10311695055498 143.90853777851677 200.87255569165427 223.48766342734586 Oyster-SemiOpen 0
92.75203085800604 417.34856796397906 89.96449320539614 304.627477629349 297.860733133155 299.4837155045772 300.65544913103076 412.197545369895 Oyster-Closed 0
293.45452800001294 412.0877019999876 291.5965733265839 358.7102350360903 392.91809851998187 355.1835127353814 394.7778083290759 408.5591571770083 Oyster-Closed 0
128.9322682854363 33.34328328340854 160.7361171395969 0 289.2263208976219 27.796856432674694 257.4227647042171 94.55553879753629 Oyster-Closed 0
140.3997917235829 4.023056751624376 142.97790424152845 112.85958476583107 0 116.24552599997666 0 7.409858378543281 Oyster-Closed 0
424.2238634820933 68.78660565039449 391.7167962198073 163.73348583054093 228.94176540584522 108.00311818851041 261.4495156724661 13.057218620990696 Oyster-Closed 0
187.92827023806967 141.6536666085329 191.86097253799016 107.12908225319697 312.06737206509933 120.82086103647572 308.135200493085 155.34496055323896 Oyster-Closed 0
343.8780802608344 115.22364082478077 338.4599174449759 224.95683406432573 108.50562018818164 213.5978378274566 113.92729150166633 103.86854999214172 Oyster-Closed 0
100.28165711562542 152.4452219629306 87.85222869992867 235.15605961532887 0 220.1101851766789 0.16432704606631887 137.4007059420644 Oyster-Closed 0
0 195.621075 21.467709 195.621075 21.467709 250.34000699999999 0 250.34000699999999 Oyster-Closed 0
