276.99698172243734 37.72001885751125 293.2200686002652 0 405.3715832440539 18.39627983403095 389.1487064558751 71.7934715961377 Oyster-Closed 0
42.390329130354075 428.6113681458153 0 342.0112367201252 105.79067105818831 146.63532658266718 207.97696364979493 233.23035667623077 Oyster-SemiOpen 0
86.26153699996576 408.98956800001673 91.39793445140094 308.4166179569023 304.4157318310208 319.2898622306516 299.28658110457764 419.85584293810535 Oyster-Closed 0
298.38334799997756 409.4055290000106 300.6167046925948 380.04790950188453 386.8375671450631 386.6044783469349 384.60515891144314 415.9612088453699 Oyster-Closed 0
158.70337183470838 44.936265239101694 191.09187792232842 0 303.9815720405677 59.17461100832352 271.5934327934847 112.9403044579848 Oyster-Closed 0
13.4940190000234 0.23102999999700544 143.23439796430102 0 163.06092172338322 90.91954693742674 33.32054132709891 113.6075505505224 Oyster-Closed 0
434.2385628316406 110.36607434844647 387.05953626952396 193.08232393474418 233.69855031719635 105.60962466167312 280.87773368373746 22.894574547948384 Oyster-Closed 0
323.51268611138585 163.11297288881605 309.4336869110921 198.82486414547412 188.92799144046148 151.3176311386033 203.00724859340335 115.60635272865427 Oyster-Closed 0
218.62038950530405 1.2718915879766808 218.45264883485652 30.108093644443326 67.19544169823712 29.228057319319095 67.3632383460099 0.39195132765271856 Oyster-Closed 0
109.998286829672 222.98788430874401 123.2775373514778 114.16909782478702 339.5670250031071 140.55893293813912 326.29183904823003 249.37433535309304 Oyster-Closed 0
108.43307995066061 153.58406785706876 94.70350297357072 237.37918559001326 0 220.26457013254878 3.9826370000082534 136.47086999998368 Oyster-Closed 0
