287.2914278177086 53.1925246215569 307.2995653295002 2.8131708137603324 418.62719170917626 47.026781586952374 398.6194001053882 97.40582818280846 Oyster-Closed 0
51.94149932375876 424.0603956301654 0 329.1656917137881 115.95361052633234 147.26751621601275 219.17610518907895 242.1568205777674 Oyster-SemiOpen 0
97.24343400002545 406.92686299997905 111.48770647600395 308.14848952818335 319.6912404756804 338.16302132034895 305.4546109844814 436.93442475861616 Oyster-Closed 0
319.59670300003563 416.00000000000813 319.59706230285155 403.30757191577925 372.92469500763036 403.3087576273653 372.9245799915625 416.00094009007125 Oyster-Closed 0
169.18950663979922 49.3125015318452 203.54560377988673 0 316.7897592860245 78.75903002346597 282.43408927443306 128.12430704810413 Oyster-Closed 0
26.21904300000824 1.2211720000029946 153.911047191923 0 172.03479339357 84.66887445751674 44.342755710509664 106.62487757453195 Oyster-Closed 0
446.9381357617458 141.99663814172698 396.4233160479889 218.0842788988188 241.76751137640895 115.40892309809338 292.2820848303709 39.32279806753302 Oyster-Closed 0
335.228360023204 183.57170482832936 318.9729084286191 216.90673552719656 199.75818931656613 158.77465197809767 216.01378466165625 125.44025788334964 Oyster-Closed 0
229.9404315703723 10.709500145135095 228.68227767533608 37.72355347598858 91.57697618068414 31.337812383372246 92.83519299997351 4.323869000021702 Oyster-Closed 0
118.46147935085901 222.5983254433741 141.17901307924694 117.04962732287 356.2290640125939 163.33016415735727 333.5159133827874 268.8752513860925 Oyster-Closed 0
123.30738522551837 154.59334285605766 102.5591209755512 235.3026842950101 0 207.46643356078894 15.027187999985472 126.75847799998321 Oyster-Closed 0
