272.90588399827175 30.501003531357366 285.7863627218394 0 400.6656432637974 5.643868589967241 387.78530724426673 58.497167279447794 Oyster-Closed 0
73.09402771680834 438.9401295245912 0 359.0681958403182 112.53614745401501 148.90636738104607 223.8713300477284 228.7733045727762 Oyster-SemiOpen 0
119.54768799998783 410.6571910000034 119.40546993936005 310.1246886173463 330.68759111713007 309.8223732042752 330.83653423518626 410.34810370917046 Oyster-Closed 0
331.2871219999797 399.9719370000097 331.9728294210472 370.6216114434895 416.6847923927271 372.59931358102637 415.9999500165395 401.94879809041606 Oyster-Closed 0
155.57928008356248 43.80989629615978 183.89020946424716 0 303.56273124180734 51.22455587770586 275.2521587817064 105.84170664509904 Oyster-Closed 0
6.529430000027787 6.992983999995847 132.2756731506779 0 163.2670800648375 84.17477978228939 37.52083158886671 118.97520831988962 Oyster-Closed 0
438.63095215082285 95.40755713935619 397.5662678445842 179.2773226474344 234.91877593238314 99.64074862696037 275.98382785359354 15.772099909541007 Oyster-Closed 0
332.56031277954753 153.31510892530827 320.7609602597513 189.23156685946896 196.50151185327195 148.40984626832937 208.30119412359636 112.49398328567902 Oyster-Closed 0
212.26423766304288 7.614187518629492e-7 212.264257935356 29.25085089771128 60.564076390102855 29.250793920317953 60.56411097486853 0.00004564456245907557 Oyster-Closed 0
123.53992124775687 223.90868840864476 131.00825133519902 115.0786120153793 348.9087409294807 130.02834746662788 341.44429073747233 238.8550544017654 Oyster-Closed 0
118.52252869882432 155.12397912270217 109.34665186637721 238.96285863394232 1.3238957642752212 227.13913348859734 10.501088999997592 143.3017250000113 Oyster-Closed 0
