6.151562999995804 230.05644699999988 42.022033705183276 221.9550565226221 60.71107703987582 304.6950191081916 24.84066061606063 312.79624900379883 Oyster-Closed 0
112.04713118270229 459.71639595502216 0 389.75538589256024 99.24614492948967 163.40846555528776 231.65113910367654 233.36506636389572 Oyster-SemiOpen 0
362.5987895419712 46.46942132433869 253.3103254369271 33.58310668924066 258.78969882860474 0 368.0779629999961 5.452663432034016e-13 Oyster-Closed 0
346.69348403107506 307.43587595021114 352.89728562394885 407.3585088640921 158.38347482169775 419.4222812856865 152.18623236019266 319.5057332967107 Oyster-Closed 0
362.85722300001726 391.4669849999915 359.58349529364204 357.0030342074467 415.32594587892163 351.7090600815136 418.6002373226147 386.1723846744479 Oyster-Closed 0
133.5941289656912 56.54001160456826 160.44071188138332 0 288.2931086354329 50.523265866457876 261.44701559187524 112.195025860025 Oyster-Closed 0
135.68812102094307 12.086075569603917 158.0108402311198 128.37258244651338 1.8425590000224474 158.34914900001803 0 42.06384444375036 Oyster-Closed 0
227.19518607602367 99.70467142514714 260.2893880214615 11.470703088093533 428.3998423543708 74.52382775948007 395.3071237806689 162.75651352812096 Oyster-Closed 0
206.72707900001114 163.20265200000782 205.17868920384353 130.24147092159802 321.91569417441497 124.7571333050701 323.46454957242895 157.7178310833591 Oyster-Closed 0
198.74473962282718 0 202.79436648261253 31.508623357567767 36.82847168873923 52.735720061261524 32.7789890000422 21.0739690000148 Oyster-Closed 0
351.9071508943198 223.75255935603556 135.6001077968358 243.46682224342402 125.6181281457284 133.89952172948674 341.91793747041083 114.18558198810554 Oyster-Closed 0
127.72011353563721 186.50543686036974 121.62304813668015 271.68867506807067 4.798674318761186 263.32525079780066 10.897530447917234 178.14392839052957 Oyster-Closed 0
94.83650162136837 202.08840742785654 54.15945425763857 100.24575927496352 251.10347844576245 21.58590187183731 291.78121671736517 123.42596086466207 Oyster-SemiOpen 0
