0 198.299072 34.456992 198.299072 34.456992 281.718542 0 281.718542 Oyster-Closed 0
52.755351282219635 446.0207221564833 0 358.7075724577242 105.29157246499744 147.73707253333552 217.26840123628426 235.04507217324883 Oyster-SemiOpen 0
383.25501934205386 70.51459960146232 279.7013858846585 37.11767805841479 299.432873592923 0 402.9861249999776 9.334036999994117 Oyster-Closed 0
108.60441660578726 410.5423312784824 112.13698862819729 311.862459855252 313.2718689047397 319.0588384709948 309.7459301057497 417.7321501673787 Oyster-Closed 0
315.74212000001717 410.8138290000157 317.71022850395457 376.21933248412097 395.91546580546856 380.66670244662004 393.94835436409994 415.2602502611412 Oyster-Closed 0
156.48872319716247 45.934661482298964 193.7471983775249 0 308.63102919892117 62.57713543434527 271.372992126624 120.20726423484837 Oyster-Closed 0
163.6452987629018 2.3191421189673043 168.13057621372718 120.49210578678746 0 126.87215400000596 0 8.700176765987997 Oyster-Closed 0
434.6057051713942 86.34363392985306 403.2676759190945 183.28707694790268 247.19461495463474 132.833941068914 278.5334967128765 35.89189999215127 Oyster-Closed 0
207.12462399998185 162.02532599998955 210.58562092053398 129.1069801751931 326.7934125661013 141.32380159241902 323.33297530562777 174.2416376877656 Oyster-Closed 0
231.33759287416615 0 231.3376183372493 29.697490281248875 70.7765951361107 29.69743859432669 70.77663200000825 0 Oyster-Closed 0
349.16071403439855 138.02711727929116 337.80034538314067 247.93880390057527 122.05190028074139 225.6356681253975 133.4155364466751 115.72815508944318 Oyster-Closed 0
121.94360256145228 170.46731949433817 105.90687886368687 254.83447105185033 0 233.15610346099376 7.900236832007067 148.79062240501455 Oyster-Closed 0
92.5615145733318 182.8312245052829 68.33265350907459 77.17591498270728 274.5823109919147 29.879307706754524 298.81259674935427 135.53206136213203 Oyster-SemiOpen 0
