0 196.09714 23.662726 196.09714 23.662726 269.263683 0 269.263683 Oyster-Closed 0
34.162878787297814 432.6248187221867 0 340.4613017792844 104.7211560608157 153.71905782464626 205.29767484522017 245.87734598329126 Oyster-SemiOpen 0
384.0003508406844 94.90807261033717 283.45605691537276 53.315878492853436 308.1040325165486 0 408.647753000012 35.325492999998914 Oyster-Closed 0
82.7245123268367 415.99826044500503 82.7321454762241 324.5888671192032 289.34412014002373 324.6029126766911 289.3426518241504 416.0060392418417 Oyster-Closed 0
298.6669670000301 416.0000000000127 298.66740586900414 401.55615106173667 356.66155094550413 401.5575786959969 356.6614139894991 416.0011229677927 Oyster-Closed 0
160.03385701914522 51.82674495847891 202.06327951304775 0 310.43391280879587 81.00737311747714 268.4049758200672 135.4645635947669 Oyster-Closed 0
170.75913488203514 8.815449455131489 165.60492490334218 127.30025353050102 0 120.05944269067717 4.337216333820834 1.5755921804092377 Oyster-Closed 0
433.2331814992758 114.67323525726003 393.86274692526786 208.99959232082745 243.13385336681313 146.0873608911626 282.5049592455398 51.762612139465 Oyster-Closed 0
201.05079599997407 172.11723800000505 207.21838406781535 139.47561959263086 321.9877118416298 161.1594498851155 315.820759407452 193.80051165708747 Oyster-Closed 0
238.47717376373475 9.717028394694328 237.29643987654345 38.69581869409849 82.95993397903294 32.40715307977835 84.1407459999973 3.4284729999958974 Oyster-Closed 0
344.53921377979714 159.68258520142328 324.14277356057573 268.6865574051096 111.07170401522671 228.81510375333687 131.4710726775702 119.81557536201954 Oyster-Closed 0
114.51636184304152 170.17136905519342 94.77130877395757 254.67853292616508 0 228.9585552037968 4.438537546961015 144.45299698165874 Oyster-Closed 0
85.34463592116299 183.5812285308755 69.65451529700658 75.94262609890221 278.89004381333143 45.443276676772705 294.5820706290724 153.07912536134972 Oyster-SemiOpen 0
