0.5008039999775065 218.73609700000034 50.69279401478707 214.9274576425596 57.17605318891219 300.35754039329186 6.984071424209105 304.16610522515595 Oyster-Closed 0
100.40995590159582 459.8882737743986 0 384.9724979244221 120.68449749715728 162.5995991535106 240.01790585457275 237.5100407736266 Oyster-SemiOpen 0
276.9388426326368 27.591332249884008 285.7238921785356 0 392.1861222108928 1.6896173519129905 383.4011562186279 47.85184337293221 Oyster-Closed 0
340.19373621994237 308.75118063878267 343.8426047276989 409.7448049767196 151.1127385269756 416.6974896878977 147.47031468539717 315.7101286708943 Oyster-Closed 0
353.7986090000086 401.3249749999932 349.7997830418535 365.22438425114933 411.0905430847779 358.43643140689124 415.09001817985336 394.53629855440806 Oyster-Closed 0
132.89239959736005 50.20759281636732 161.7853914955558 0 305.210911764756 49.80491321646611 276.31846239968945 114.37989265500826 Oyster-Closed 0
127.96602753949264 3.3436905188686996 158.8584571317333 113.02267319140874 0.282633228765917 157.68547304832205 0 48.00776195785325 Oyster-Closed 0
405.959320483591 139.58348155334647 295.2278191803671 162.68422788235287 266.5820118954034 25.37173901020955 377.311715879041 2.271164022961328 Oyster-Closed 0
357.57614641508553 228.09609691112894 142.23476234765985 241.74290866519775 135.47432101453524 135.00305413267293 350.80844235717086 121.35647081750956 Oyster-Closed 0
211.7425672243735 0 215.61371586849418 33.971763209630474 55.56838534889175 50.83209232816328 51.697374000061245 14.086254000003276 Oyster-Closed 0
0 245.40072505011616 1.7960131887994066 166.0930003655626 131.6326679284357 173.91897201777775 126.85355381650515 253.2248550746206 Oyster-Closed 0
312.9606578269013 85.8258456663233 293.87757558488374 197.93349085364662 78.41295714682201 161.25393646363398 97.49817633260682 49.14879072118667 Oyster-SemiOpen 0
