0 199.812949 40.679464 199.812949 40.679464 283.454781 0 283.454781 Oyster-Closed 0
60.04499075088097 449.88602537486645 0 355.67378087323925 119.15202726552161 164.5349052956773 227.01206612318128 258.7410609901813 Oyster-SemiOpen 0
292.7472017287837 57.75792314123666 314.99542478641524 0 417.37651146033386 38.93500835097432 395.1286381241407 96.99149771772342 Oyster-Closed 0
113.32362710794769 415.9995103583583 113.33170380578667 331.13319454709114 312.67340570098895 331.14966825917105 312.670909344306 416.010227603215 Oyster-Closed 0
147.93380153943144 54.52277487516787 186.9895197028709 0 319.47148761464996 85.91745793530747 280.4164326220234 143.84400931895084 Oyster-Closed 0
152.0406995315534 7.114874685325892 163.02726008623722 121.52356275967878 0.10567202160018496 137.16717396259648 0 22.759593799064408 Oyster-Closed 0
442.76765797878033 131.0376148360573 393.1001774460565 210.22247077578027 245.95269049398485 117.92702120537132 295.62024138624474 38.74331983763971 Oyster-Closed 0
128.4999726805181 246.79831046393778 139.81193299195365 140.34592943158788 355.27820311448886 163.23765193663885 343.97072515470427 269.6861398288779 Oyster-Closed 0
235.90101951079123 16.495538643903597 233.34407366406595 53.06297262039289 73.1333215885752 41.8600050491894 75.69039500000144 5.292787999991533 Oyster-Closed 0
0 222.83452460098596 2.5650570059406164 145.86613514449627 130.2336551491535 177.0793254941934 111.41646553013197 254.04600599658758 Oyster-Closed 0
321.80584908008314 122.5579843616431 283.3898903194022 228.8473718998414 77.00451365457775 154.25254230949 115.42186168492117 47.965804580261434 Oyster-SemiOpen 0
