0 173.213646 38.898188 173.213646 38.898188 258.937905 0 258.937905 Oyster-Closed 0
40.42792267584446 418.1134585365393 0 318.6542715712674 126.66246070129273 147.58137201840015 220.93270588219457 247.0346850070368 Oyster-SemiOpen 0
313.0634179420558 51.30832890061843 338.9028959789939 0 434.48607483147134 40.112125141189026 408.646914884368 95.72151298003584 Oyster-Closed 0
296.7534131070206 340.36057155472764 276.0008141394792 440.4086974965473 86.96971852797651 401.20011401390207 107.72692980209467 301.1583720822543 Oyster-Closed 0
306.1058420000154 416.00000000001404 306.1061924959831 402.8464023559641 354.7258748332788 402.84740045641024 354.72575499306186 416.00076719124024 Oyster-Closed 0
168.49273926746537 39.242815914668164 213.62020005995873 0 333.9000750997984 79.50820435059758 288.7731190041304 135.7507047028462 Oyster-Closed 0
176.76143939286703 1.0279721711576117 176.1120876215682 112.71416426920045 10.833162550712586 111.75211221237073 11.483425627295219 0.06692896410801952 Oyster-Closed 0
404.96444460584826 191.9110813552535 295.3167096503312 185.52499415707643 303.42192125269867 46.383763505775306 413.0668774352598 52.76977788354628 Oyster-Closed 0
357.70754085875524 160.66404355484752 338.0540885713781 266.9803836394422 126.63200960866016 227.89490227645547 146.28835062113285 121.58281334211952 Oyster-Closed 0
260.65393774477707 1.5163895480901768 260.46346343077676 34.26145267681864 133.52232877204733 33.522899947946335 133.71286599999075 0.7779190000057294 Oyster-Closed 0
0 197.918608430326 10.34069563193043 121.03601640161702 132.70335049965797 159.314242368688 108.65286581112377 236.1953422789644 Oyster-Closed 0
110.56850329216104 175.83151108268294 96.21311600575791 57.85143268639295 302.7160878757022 32.72511248676566 317.07345727047505 150.7024356994232 Oyster-SemiOpen 0
