0 173.305393 51.77896 173.305393 51.77896 267.967976 0 267.967976 Oyster-Closed 0
68.52739578664477 434.1388537636963 0 335.47183431259754 124.7263100109194 149.56294047616925 234.95280750662278 248.22346966262813 Oyster-SemiOpen 0
423.8201304673057 31.714976314126037 412.01805856076317 92.89498967444123 303.69053464729586 71.99752137374219 315.4928338703212 10.817851634817838 Oyster-Closed 0
108.29014118550549 415.99753999285264 108.29630351538435 335.09097026465446 323.51832895758344 335.10322170394096 323.51792700471924 416.0039460307542 Oyster-Closed 0
327.3648849999918 416.00000000001563 327.3652023296745 402.9992118456694 373.81079543684973 403.0000906248949 373.81069594716973 416.0006604411858 Oyster-Closed 0
183.27346994780237 47.87912495025943 222.50867088278756 0 343.28066318972924 74.65973045262906 304.0459906706019 131.39602048212674 Oyster-Closed 0
22.77135028399789 7.48260612708907 179.33472638511375 0 192.9898607393916 102.21460164422399 36.42650669937939 121.04089762067227 Oyster-Closed 0
407.26761614837596 219.18250568325348 307.3300579013776 215.11049579635863 313.9605710000069 52.43763400000071 413.8941562829132 56.50956164041112 Oyster-Closed 0
238.82030519529144 166.75279543610174 247.1830029707744 135.43818962091063 355.0080146760338 164.23151814177768 346.64591025622576 195.54561384437366 Oyster-Closed 0
368.7273226874604 162.34574052030263 352.8422640457102 267.4889872354279 141.3029369123651 235.52678989379348 157.1911479290975 130.38785080439322 Oyster-Closed 0
142.24701159795222 164.31874338075662 121.87495344325362 244.0738639107052 0 211.62299091698813 15.205778665513208 131.86955102094413 Oyster-Closed 0
