0 211.36852600000003 50.723627 211.36852600000003 50.723627 302.281502 0 302.281502 Oyster-Closed 0
95.85796367243529 452.0789451515256 0 368.67852206180214 109.39971560837876 158.00309483389833 235.35891201518825 241.39795132078504 Oyster-SemiOpen 0
402.1658462911473 2.3396757092366216 401.8527310767313 56.17548979614898 278.50436448520486 55.45780723942773 278.8176452638836 1.6221574678026516 Oyster-Closed 0
132.47205163476247 421.80607285380404 125.82423005673627 335.13129259031615 340.73926627929177 318.64850442382027 347.3926521787653 405.31692309084485 Oyster-Closed 0
344.0891899999988 406.463673000022 342.51482907026 372.5592793026769 392.3369274851575 370.2462417116869 393.91183730699777 404.15005777537385 Oyster-Closed 0
154.2836439991188 53.220919838070216 182.9622925047879 0 315.9276875260184 50.06743476367528 287.2495575068897 113.41547415064032 Oyster-Closed 0
0 41.910446231723974 141.84439527809445 0 172.58835997748247 107.18483109657251 18.919953966065805 150.63652054233717 Oyster-Closed 0
401.847625784485 180.6297066636947 286.16429364818396 181.87313939694454 284.5773920000029 34.10328799999984 400.25761405392404 32.85987155390217 Oyster-Closed 0
227.3683665172466 159.45301704253575 229.92249320595874 127.23034310998398 341.7047871796094 136.08987675895503 339.1511637458789 168.31207999969328 Oyster-Closed 0
354.9680793957559 131.85040188004427 358.23783005257064 237.48448277429645 141.43190470973423 244.1898037893699 138.16608870408163 138.55981863849934 Oyster-Closed 0
129.21021185755671 174.15741333810985 123.75059268561381 256.0713148961764 0 247.5345322680883 1.1590268272811954 165.62247807960722 Oyster-Closed 0
