0 181.635662 51.033083 181.635662 51.033083 275.150167 0 275.150167 Oyster-Closed 0
73.81179627654637 440.45649040379675 0 342.79681487831783 121.0355825631741 154.9461958412319 234.91687234862184 252.59937999705798 Oyster-SemiOpen 0
422.5079475280363 34.81611865425709 411.491542053609 95.9637401885949 297.9675725157358 75.51081827759302 308.98423913107035 14.36356937960445 Oyster-Closed 0
112.4166484958223 415.9975092526539 112.42287440601285 339.63412611986774 327.2574899106621 339.6475714648464 327.2567313192267 416.00537655653915 Oyster-Closed 0
334.5555170000116 415.9999999999841 334.5557451477762 406.15733667785815 378.4632862385333 406.1581217253045 378.4632146382937 416.0006279193089 Oyster-Closed 0
177.25336204922496 52.84787098513834 215.2044928630021 0 338.4360626908201 77.96131735509047 300.4855059610927 134.9341991547007 Oyster-Closed 0
15.560094051252236 14.567592943727584 171.28431414952865 0 188.27129104440246 104.77996592537973 32.54710645259911 128.0830891363358 Oyster-Closed 0
406.3560906642306 221.61680450100883 300.7339440104515 216.69754348183125 308.2241839999733 55.92770999999894 413.8420960215226 60.84687084744669 Oyster-Closed 0
236.25885486950574 171.10650886181654 244.18669454997143 139.8097543135793 352.8153834051045 167.32486514215074 344.88815058834734 198.62109620543865 Oyster-Closed 0
140.37982539508812 241.44429492580977 154.4891296013884 136.35607184316757 366.58927086820404 164.8286343965571 352.48439920167584 269.9129922007702 Oyster-Closed 0
140.34301613252683 169.98915561641422 121.06414884292462 249.6980798449954 0 218.62422608872853 11.869409223381808 138.91705290515722 Oyster-Closed 0
