0 248.63381741654032 5.928489008529141 150.81761892063312 80.57176506515316 161.71113925735133 66.29707917062842 259.52603131981107 Oyster-Closed 0
83.5240451709542 425.7436071823092 0 328.53683399813684 155.07253059216964 125.30239533523516 264.3384799374362 222.50258852822128 Oyster-SemiOpen 0
331.0783585303434 329.3016557946312 325.71267686495776 417.7111681064795 127.96757788363539 405.7032397923527 133.33856604064204 317.2993332826051 Oyster-Closed 0
347.8469640000221 407.73476300002136 347.45976831046937 391.0923181658306 377.7641859999967 390.3873820000013 378.1515547017698 407.02964988337317 Oyster-Closed 0
223.82337971532615 39.432026175116114 256.66925857970637 0 363.9509022832972 51.54864445319665 331.1053422769437 105.15964616111293 Oyster-Closed 0
10.119545 0 222.42213300000003 0 222.42213300000003 107.75384400000002 10.119545 107.75384400000002 Oyster-Closed 0
144.07329896183728 152.46899972588295 134.6156872817628 49.659556764786146 341.2586007519858 30.648987172991404 350.71778837795136 133.45694919395015 Oyster-SemiOpen 0
277.2484430000077 150.11814900000508 288.0462995121452 116.02920113780355 386.40273443854676 147.18263804970724 375.6054181780419 181.2711265777065 Oyster-Closed 0
398.51864378816754 146.0124662062635 380.8247639846086 252.4585182524122 167.3529311567654 216.97174734160456 185.0496642524413 110.52975597924923 Oyster-Closed 0
174.11062189812947 151.9269503290795 151.43469235498924 232.66697360754463 16.15840166891212 194.6743266829162 38.83533624129632 113.93600700309548 Oyster-Closed 0
