0 186.520205 76.111101 186.520205 76.111101 284.777907 0 284.777907 Oyster-Closed 0
123.16919814722132 445.62750417864703 0 365.8415774638141 141.97205677464808 139.76065104241312 267.2073909944884 219.54090878364207 Oyster-SemiOpen 0
161.83745619532056 412.38829470916335 161.6342163607187 321.5719989184608 359.242446463566 321.12697656614426 359.4514876402027 411.93737800737534 Oyster-Closed 0
408.8389032816558 412.6972039752366 373.81844000001 412.0860800000002 374.5963031218562 367.56312319639574 409.6157035065553 368.174237939952 Oyster-Closed 0
195.18859369942948 45.38762438409174 219.025595163057 0 336.8355735518089 37.20830031262524 312.9988951674095 94.44802565105809 Oyster-Closed 0
0 142.4543499999922 0 28.746619244207576 179.88866573168343 0 205.08610802237672 97.00809184001292 Oyster-Closed 0
133.76904888376885 168.59150721571484 109.5309647109134 68.1462710712906 312.6685163096081 19.127073090042572 336.90786673693947 119.57085261675482 Oyster-SemiOpen 0
267.4399570000023 146.4861699999867 272.99772453925107 111.5236042613515 375.6090350319755 127.83411157544171 370.0517599049126 162.79624194171024 Oyster-Closed 0
387.91274487852934 124.87741064961304 385.9800207811859 232.0587887909882 169.2750073173047 228.1464592896977 171.2112854864463 120.96902019120571 Oyster-Closed 0
166.52850768290955 163.3584809000548 156.1422023904197 245.79550079916837 15.193433932974585 228.03579316889434 25.581413671272458 145.600743337323 Oyster-Closed 0
