0 180.960708 60.87286 180.960708 60.87286 280.234233 0 280.234233 Oyster-Closed 0
88.93939817072896 447.3983265644819 0 358.19270796818785 136.9629126858963 142.09942196751481 253.8563073171099 231.2985286293393 Oyster-SemiOpen 0
131.9852921989841 415.99804659593804 131.99183646399615 333.49973207513165 330.9458271574076 333.51238583125087 330.94470252512474 416.00518628866064 Oyster-Closed 0
382.7006490845779 415.99998615435476 349.58304509172376 417.64298027251846 348.27205390366 391.2180436569914 381.3890360000223 389.57506499999994 Oyster-Closed 0
198.38879605073816 52.162463829429434 226.73605683478672 0 339.68287279212745 53.50723445309968 311.3360066923233 109.42229631879539 Oyster-Closed 0
0 134.67163100000786 0 19.67996073522963 187.43356922366365 0 204.50680797359382 104.30814448314803 Oyster-Closed 0
127.1144032834527 170.70956074090446 110.03567342351744 69.03508650683861 316.0786133568108 34.42407904437995 333.15892593401077 136.0968979052118 Oyster-SemiOpen 0
260.985498999984 158.20525100001544 269.0645359730588 123.49070489440848 370.2149045389124 147.02985911362853 362.13642648794485 181.743923079681 Oyster-Closed 0
382.375592463708 144.9559225526575 372.9209474693598 252.13269475415478 156.14052858302966 233.00539700623287 165.59864292341445 125.83286273005238 Oyster-Closed 0
157.79124922978735 167.82404525911969 141.50941682073608 249.8186722838726 2.752319380026165 222.26469949881408 19.035590449704614 140.2720270408475 Oyster-Closed 0
