405.60764933056635 178.4561439314494 389.83386561852967 290.5120475310647 183.52515822616988 261.46769238235584 199.30260901235306 149.41671362712617 Oyster-Closed 0
196.83363648182421 181.83065120827618 179.68765025450193 263.7296054489573 33.7695114749331 233.1802163706501 50.917065235633345 151.2834502854841 Oyster-Closed 0
345.4690184945648 0 345.46909897902515 47.707024669216075 132.042838411533 47.706850112023474 132.04295600000114 5.548278857145514e-12 Oyster-Closed 0
0 182.585606 90.383496 182.585606 90.383496 317.027472 0 317.027472 Oyster-Closed 0
103.72034602068015 443.5016557630064 1.565938218147494 345.9894014326215 174.7171301209637 164.63205989299027 276.8647437619911 262.1380860186385 Oyster-SemiOpen 0
150.8689605723739 408.40737461314075 148.7233914917997 362.2581717772492 364.8470543272415 352.2073531633972 366.9958047433938 398.3531296463855 Oyster-Closed 0
412.5787118105836 98.2138731921336 343.34174778537636 96.1992898994666 345.825567664735 10.847396480286191 415.06198500002574 12.861972000000323 Oyster-Closed 0
232.8491801367236 62.01637521219003 281.7157565641719 3.9743154921977015 412.62361863234037 114.18688011716552 363.7578880374531 172.2281349329462 Oyster-Closed 0
257.0843953158037 28.853373724450382 258.4611166790237 153.02360430587214 3.6450524657557253 155.84513469011316 2.2708896155636467 31.677742329293913 Oyster-Closed 0
178.35089700976823 173.1234485543929 176.02639033459127 88.94419843419959 364.8090660880298 83.73030290250007 367.13535310226507 167.90767432086747 Oyster-SemiOpen 0
