401.62654320330694 143.28079008128302 403.7813605881638 255.1561751452876 191.87348481436493 259.23206849222225 189.7229531863959 147.36121119893411 Oyster-Closed 0
192.00714596381658 179.31098456675224 188.19876168737028 262.1133355981679 38.399017863859626 255.22078135449215 42.20960780648966 172.4207438769512 Oyster-Closed 0
301.0584899999376 0 301.05855634697946 38.23601299465504 102.01348946889266 38.23594845877183 102.0135570000275 1.1734855281927237e-11 Oyster-Closed 0
0 209.572869 96.47372 209.572869 96.47372 343.474372 0 343.474372 Oyster-Closed 0
133.9885267577083 451.2145895071499 21.013243512767076 368.78606759203626 170.69034258965257 163.68823925448888 283.65552558479976 246.11140420036256 Oyster-SemiOpen 0
176.7476700000152 402.8778320000122 173.27275619881402 344.60306467319884 390.04469127540506 331.6745476399354 393.5234298286923 389.9452012104626 Oyster-Closed 0
412.43511820252024 67.17669448962916 323.47647091627005 64.07019196378272 325.8224826222613 0 414.78082300000096 0 Oyster-Closed 0
213.87911261379122 56.9387379228542 253.03834887628545 0 398.46824414229195 78.21142307948229 359.30978827595754 143.78479546893752 Oyster-Closed 0
232.2406946095216 20.658466368390346 252.51497816976553 141.3445352394684 0.5139862939722661 183.67406786070393 0 62.99093240647022 Oyster-Closed 0
174.52005141791233 173.63077449260464 159.46328978326346 92.0435207195281 347.29478616341294 57.37933781397619 362.3527858164816 138.964938249699 Oyster-SemiOpen 0
