416.00245251473825 236.70782700000007 219.09677731597185 236.70782700000007 219.10140419398158 119.38269599999991 415.99983037760467 119.38269600000002 Oyster-Closed 0
215.9389265840473 176.8074690567351 223.7033372838996 259.0189921762799 71.30386159295449 273.4073957023564 63.54208900979211 191.19827858381643 Oyster-Closed 0
82.93235241738512 51.28636923606697 77.00603732066156 5.500564663611146 267.99595161776597 0 273.9223726938144 26.565020103823038 Oyster-Closed 0
124.88792484559599 216.21564674030458 150.03125274546983 347.01578601105626 45.52500019591389 367.09784392465104 20.385666340174794 236.30112229508222 Oyster-Closed 0
217.71755661973293 448.859613086277 84.25967913862405 387.52385545206926 185.43814173884311 167.43724491011957 318.8813450960224 228.76908660830932 Oyster-SemiOpen 0
248.10720499999297 397.9494540000195 236.4928083168743 340.3803046997502 412.7159542330555 304.8318823916521 424.3327214054334 362.39786975366957 Oyster-Closed 0
309.0079880948397 28.17631334534514 312.1598751948477 0 408.65459292855303 0.9263912273189963 405.5027593674531 36.6822531760689 Oyster-Closed 0
204.33083942486337 54.28162322028097 231.06111138853157 0 396.92720233833097 50.52481438460399 370.19761216993356 119.01459936377293 Oyster-Closed 0
219.6903232414552 14.933712097600973 257.3120952124955 133.4526721981712 17.255873044272448 209.64867727729774 0 91.13274176456765 Oyster-Closed 0
359.1097056265826 47.788241055900684 373.48864513708395 128.82977967847134 180.06074291757614 163.146013127392 165.68352159035567 82.10604552618949 Oyster-SemiOpen 0
