45.93676040842183 248.30498832134532 67.79628184565809 170.97811990736878 212.35369448916754 211.83824085671242 190.49681576926014 289.16293234523005 Oyster-Closed 0
372.9154115416459 342.1785463192694 204.2140233289938 306.71214743863777 226.66495408165065 199.9596749034912 395.3579390727864 235.4251625149579 Oyster-Closed 0
0 189.72997 114.82672 189.72997 114.82672 311.191373 0 311.191373 Oyster-Closed 0
250.2837629867936 223.2044420625586 310.7011366977822 336.7505454854204 87.38462502124457 455.5400297318116 26.97717436138919 342.0024380811733 Oyster-SemiOpen 0
0 313.899691 68.906478 313.899691 68.906478 408.612935 0 408.612935 Oyster-Closed 0
162.97889199999554 415.99999999998755 162.98324664496977 370.19867125451435 349.12855772325565 370.21276297262744 349.1271567179865 416.01106995418036 Oyster-Closed 0
404.2620149424547 168.1263813417647 363.5440014801716 164.5640873297871 371.7175783364728 71.14560951733617 412.43482899997616 74.70787099999906 Oyster-Closed 0
250.805275472605 122.81807852964722 281.89746991448555 69.43790682578815 393.5135993066433 134.44886272967366 362.42226881460374 187.8282875025307 Oyster-Closed 0
261.93190467444947 78.2759052437606 244.64394172429456 198.5807317609852 0 163.03857988860003 14.628262788282882 42.736792625564775 Oyster-Closed 0
320.35537768066206 237.2231453831188 330.7665645951856 209.74390297633005 399.98862726212974 235.96772357190352 389.5779408735507 263.446541405664 Oyster-Closed 0
396.0085474846928 185.8902893564122 360.18518615159337 263.0956726484657 190.83686452094116 184.51932402821973 226.6608305672089 107.31619621474476 Oyster-SemiOpen 0
