59.32446526694184 244.12783328849451 76.20586697000181 165.656702202818 222.14978436514502 197.0495951754585 205.27089961036108 275.51863811824495 Oyster-Closed 0
389.1247141240856 316.90541340253014 219.5901977264657 290.46976077790197 236.36976289975428 182.90349688039475 405.8963964373579 209.3385256284634 Oyster-Closed 0
0 187.764236 127.91327599999998 187.764236 127.91327599999998 308.648282 0 308.648282 Oyster-Closed 0
139.58886219148917 449.79374555237024 43.81090098308414 351.83092329757005 216.41001580133525 183.11918911283686 312.1814985188539 281.07514641339105 Oyster-SemiOpen 0
87.62734913749227 310.3103950006266 89.85337604083179 402.49846923943886 0.521491499079275 404.65229090232 0 312.4667818761712 Oyster-Closed 0
181.76313299998583 416.00000000000324 181.76904479788573 353.137656177937 368.39249127239236 353.15184843984366 368.39053676175536 416.0101793464851 Oyster-Closed 0
411.3149603254715 141.4298920430518 370.6011498781918 140.00815020747535 373.86375930869326 46.58966313391508 414.5769760000039 48.01139500000078 Oyster-Closed 0
256.2250723743273 106.19144348732411 283.9898892647907 50.92265217246201 398.6338967365373 108.51404527137882 370.86982860987337 163.78220405005433 Oyster-Closed 0
264.57705530567546 61.12412001642345 255.0391862304714 181.9700885953316 6.231427503265877 162.32865076680991 15.771932743395155 41.485488840434265 Oyster-Closed 0
331.5603482157094 215.5458698090128 340.21445042893174 187.4706867220859 410.3223965447505 209.07944943854113 401.6687465182731 237.15424645195608 Oyster-Closed 0
403.6869468254772 159.4896467879086 372.75421872452716 238.82328281106416 199.81818942937025 171.3944435843705 230.75178982149737 92.06285740906276 Oyster-SemiOpen 0
