75.86346464210146 260.75213183390304 82.92691141843898 181.37544850856352 233.2336023514472 194.74783675060118 226.17267503808762 274.12232715498686 Oyster-Closed 0
416.0016758192178 291.802174 244.15065074981976 291.80217400000004 244.15533763765416 183.16060300000004 415.9987153584807 183.16060300000007 Oyster-Closed 0
8.198106179956085 212.27205451818108 141.59930264643845 198.16773570457843 154.3501731633005 318.7551359126563 20.949047109843377 332.85905546025697 Oyster-Closed 0
195.38575150440374 454.0207122588116 82.88399831849893 369.732471422927 223.12248579924562 182.5997889860331 335.61396019856693 266.8822740385548 Oyster-SemiOpen 0
123.84221943219018 322.42015092619755 137.44678392007336 414.0892277263465 37.60002736081151 428.90046994774235 23.998899305086525 337.23449638924853 Oyster-Closed 0
230.68539766837057 415.999994371744 230.69212413671266 342.03907963522795 412.1997272928529 342.05306460530915 412.19745773251634 416.00943398702856 Oyster-Closed 0
417.940249183408 120.58715628182411 364.0804703511567 124.06826299176481 357.17335436380745 17.196420035563527 411.0324340000079 13.71533599999952 Oyster-Closed 0
248.19007588965906 100.27501820605563 268.1667395239492 43.02590531478026 390.9318101099525 85.86309593623088 370.955834778124 143.11164201822652 Oyster-Closed 0
250.4431542571656 54.71738405352405 255.72948682870265 175.87265059923243 10.23829190388642 186.57909171467665 4.955166120464128 65.42681034586528 Oyster-Closed 0
341.57620070964913 199.38750261965149 346.61027364596157 170.79699888489256 420.6897112774568 183.83949944339798 415.65604885913854 212.42963852995757 Oyster-Closed 0
405.64486530643626 135.7470257395853 385.2982615586152 217.07256617487525 203.7783527138381 171.6572319479517 224.12631711152426 90.33364346946665 Oyster-SemiOpen 0
