419.8665831626349 232.14743122602576 363.0086463557309 237.274875084496 352.34271725698636 118.99787742681643 409.19857600000614 113.87052800000015 Oyster-Closed 0
0 16.774701 27.050601 16.774701 27.050601 67.103021 0 67.103021 Oyster-Closed 0
107.89775328228643 3.7576315741472084 116.82669537231413 52.85016169204759 30.978391688036936 68.46399006478639 22.04959802907979 19.371573229904865 Oyster-Closed 0
337.6476113001554 205.2191592512601 410.79340234210395 199.88937475897708 416.80331503379057 282.3613765492509 343.657533865211 287.691066181383 Oyster-Closed 0
260.7958627401931 390.8494640136717 104.48741239478841 413.5925507131079 73.24098228986622 198.82610030565587 229.53120005182063 176.0844061621588 Oyster-SemiOpen 0
2.946001605509082 234.375234816976 88.75040433744653 227.15579106132395 102.97909200664435 396.2408772662923 17.17472235529567 403.45998473205475 Oyster-Closed 0
332.52467560478544 379.2818339907452 314.2944645816533 303.3692828479107 412.0998661468511 279.8853921146363 430.3315546431513 355.7957709064268 Oyster-Closed 0
252.52913499999704 391.95935200000133 244.61100301831175 340.6433757553578 332.9954520441279 327.0080347390765 340.91476286332545 378.3225597415247 Oyster-Closed 0
376.1289019998949 0 376.1292964795939 76.15770811349344 86.27994182668772 76.1574556123972 86.2802594205059 0.0001427835216817702 Oyster-Closed 0
231.75479869259652 178.63666160798718 208.0823886297876 52.9053334140776 387.7768652646919 19.07267467992969 411.4507677702204 144.80217484826017 Oyster-Closed 0
