416.00092614543973 282.68564699999996 374.3337648352608 282.685647 374.33469876784875 170.23651700000002 416 170.23651700000002 Oyster-Closed 0
0.5606849999894621 7.399287999999394 41.036907879359205 4.332190745345806 44.64827619317657 51.991065984388655 4.172053615635377 55.05815933222714 Oyster-Closed 0
122.28480208243491 8.437454899763692 122.92776668457009 58.955891553109204 43.41395868946711 59.96771324435111 42.77111771676937 9.449371127991377 Oyster-Closed 0
355.37884883401057 249.78299946015383 412.25434652961485 245.000284458674 419.8408986630384 335.2062756546088 362.9654161513208 339.98887938775727 Oyster-Closed 0
112.30649733419341 415.9993394636302 112.3201323833564 197.91811182811665 274.54520904036326 197.93083694468473 274.54123941099897 416.00189851377235 Oyster-SemiOpen 0
20.60136622663049 230.50605083052812 105.17385453166935 222.46026957710237 120.71131206474092 385.757273143812 36.13886424000884 393.8026995213632 Oyster-Closed 0
337.36208546347916 415.99993145037 337.36428719681135 338.40409984120294 416.0001821252481 338.4062218590681 415.9999997309933 416.0000467527771 Oyster-Closed 0
272.82970400000704 415.9999999999798 272.8318979449614 367.8878764970323 358.8637743439649 367.89136981686937 358.86301096876923 416.00205244680797 Oyster-Closed 0
403.021057267546 10.86625042626335 402.2862196567694 101.01671347368452 101.1590296120412 98.55948411233035 101.89510180270008 8.410442452669065 Oyster-Closed 0
242.1127159264397 203.62104015795862 239.63818672748675 73.95710943514149 413.56403700726514 70.63735969157479 416.0411781528783 200.29869650778124 Oyster-Closed 0
