382.5553596093923 336.3860396867179 326.9920804009598 324.3598766555016 352.4918221717926 206.56949778136098 408.0520811904935 218.59532737857813 Oyster-Closed 0
69.65382065056474 4.463609847933936 68.28554256683492 25.81542474005898 22.819272000007913 22.9018140000106 24.18756091513569 1.550010591839551 Oyster-Closed 0
146.2377845265073 9.371287968755695 144.0037465599853 44.233816820552974 68.51117163331219 39.39605516479652 70.74526482594592 4.533568694508541 Oyster-Closed 0
380.37257015751675 363.9991924647574 324.36947161183707 393.787966574929 278.25538414992116 307.10718271657424 334.2558520586499 277.31925752914265 Oyster-Closed 0
29.571060748312448 393.37240647147394 75.95861591022185 178.74824382604635 231.3642185066783 212.33481901467923 184.98738337905888 426.94935538034366 Oyster-SemiOpen 0
0 196.536208 60.536298 196.536208 60.536298 361.565875 0 361.565875 Oyster-Closed 0
261.1835141645606 415.99980841768354 261.1855547799023 370.8409670886247 360.7894219257214 370.8450895824285 360.7889387193536 416.0023323633554 Oyster-Closed 0
185.8816099999931 416.0000000000145 185.88292366392125 387.40645052913123 264.50625525942814 387.40921174399296 264.5057389649046 416.0019709966185 Oyster-Closed 0
419.67215676869455 58.648607491978495 400.68095769623324 146.99550580868697 113.19145695450061 85.19307235082272 132.18378529691472 0 Oyster-Closed 0
220.41312304518215 214.65945771915244 244.21078745181876 87.26135374360265 418.32180762794815 119.78301055908246 394.52783454105884 247.17794265416657 Oyster-Closed 0
