416.00111872340494 256.002734 366.14623431840664 256.002734 366.1471417384637 138.499031 416 138.499031 Oyster-Closed 0
2.3269518744273228 0 47.45378900003561 2.868462753344909e-13 46.82922523880188 49.32144611718057 1.7023879999724159 48.74999999999985 Oyster-Closed 0
122.37001900000541 0 122.37007295765216 49.385769803388925 47.006883077090606 49.38574209280341 47.006910923730175 0.000010625498776441931 Oyster-Closed 0
344.67419373826124 221.45051156384736 415.5798151955496 220.85870685452275 416.2898185131562 305.9163617582203 345.38419710935705 306.508154744854 Oyster-Closed 0
97.38757288099077 404.63803229226824 86.65021668780173 185.6501322554928 244.46142399323435 177.91556888705028 255.20725346526888 396.894127761132 Oyster-SemiOpen 0
10.136542530632141 215.64151717768192 95.81748938118108 213.97658511414488 99.08814353830167 382.2684749974918 13.40719656318106 383.9333339800334 Oyster-Closed 0
325.98505810896677 394.96993644960673 315.9103476719174 316.53318602573273 414.49748463234937 303.87233210280664 424.5742043034152 382.3067395902198 Oyster-Closed 0
248.1019600000036 398.48787799998 245.8228862609867 346.12987100088367 334.55581193791295 342.26784318897444 336.8363328135383 394.6243310101771 Oyster-Closed 0
404.5305989998087 0 404.5310496262864 78.58469336962362 103.37326652470438 78.58445564442825 103.37360413615897 0.00010792552948568798 Oyster-Closed 0
412.9796618874934 48.55059553033279 411.3881839270907 180.85337826277 236.2751821978818 178.74426455370215 237.86887724226108 46.4435431448885 Oyster-Closed 0
