416.0015520196175 343.447556 365.0785698964755 343.44755599999996 365.08000635837016 223.08876999999998 415.9999831194509 223.08876999999998 Oyster-Closed 0
69.653821002099 5.6857797239337655 67.92736923368648 26.83580059585232 24.93317899997419 23.326217999997162 26.659641299280338 2.176208543258371 Oyster-Closed 0
146.23778658804076 11.937216542478998 143.41893706050178 46.4702740061319 70.01607398622582 40.47848214051541 72.83497949388038 5.945471098924723 Oyster-Closed 0
413.32506414558156 370.1930755269412 362.3485307462215 401.83241050228975 308.0640027912232 314.3858835503705 359.0381529140468 282.74751121851864 Oyster-Closed 0
81.36785921472256 186.7196885115513 237.97645555542476 192.24156344101291 230.00162988671218 418.38824181770275 73.3930371888564 412.8667027948551 Oyster-SemiOpen 0
6.896886192760576 197.49906446365833 83.26410425561335 194.83267534812953 89.07230096956482 361.1638000553346 12.70508600832909 363.8300810637441 Oyster-Closed 0
297.6030939212833 415.999812867558 297.60495061875554 376.65482491902026 398.1355888085818 376.65891330051466 398.13510997144476 416.0024968157941 Oyster-Closed 0
232.2798199999961 415.99999999997885 232.28073363738076 392.0896581219134 301.56559404098516 392.0917828349152 301.5652709796341 416.0015327700358 Oyster-Closed 0
425.38241996018405 66.63882653087201 405.68245917675813 152.56576125683426 118.06127521265807 86.62125267367071 137.76237555190164 0.6961039948835749 Oyster-Closed 0
416.00227033524425 236.99781399999998 243.35957806763327 236.99781399999995 243.36271786295765 107.66883500000002 415.99901003768537 107.66883500000002 Oyster-Closed 0
