391.7827164099872 284.9469423868318 335.4845995366268 279.81337379804324 346.5105171307041 158.9201025582914 402.8059869999852 164.0535500000005 Oyster-Closed 0
47.90249632146151 0.9289760199548833 47.167771391956194 48.87887260386653 0 48.148997095123505 0.2723059613854275 0.1991442583609431 Oyster-Closed 0
129.02775479753473 2.0512493743968863 129.37219605120845 52.445638681529125 42.555547824540554 53.03886216823281 42.211214876238955 2.6445456960553773 Oyster-Closed 0
393.1904017397028 312.67438637502323 340.49309006256954 351.8974570460945 283.996288293376 276.0019627643855 336.69186688866466 236.77983100494407 Oyster-Closed 0
53.55217161382825 410.01902913871334 56.85151953008244 190.66037361327602 213.2001273724236 193.01383161553142 209.9101192870039 412.3629732415141 Oyster-SemiOpen 0
0 218.30785 63.06130300000001 218.30785 63.06130300000001 382.370223 0 382.370223 Oyster-Closed 0
281.00622715271675 414.7266818807463 275.9977342383463 336.08339646653116 377.8626229693109 329.59718032821183 382.873537290121 408.23784583216246 Oyster-Closed 0
200.07168300000558 413.4596909999877 201.1496155644054 361.0162338854417 289.73072256073283 362.83591494248594 288.65441055557676 415.2777847990712 Oyster-Closed 0
408.84484896366484 6.0964887970293065 407.58513548513656 96.364597246076 95.45076644212895 92.00615696964167 96.71161232703525 1.7396394079838085 Oyster-Closed 0
218.59747658022752 197.59828945938156 216.90091108717752 68.40026848303815 398.50352321914033 66.01482410898085 400.20271565952135 195.21030639194097 Oyster-Closed 0
