304.13492138274887 231.80733419962954 291.17801422778575 283.30369526592744 224.61374151470955 266.5566349309008 237.57115958396753 215.06105007659414 Oyster-Closed 0
305.34889700001077 243.63437399999123 327.61376849565204 215.8726190791589 379.57238453732134 257.5390297652523 357.3079573194955 285.3003742700141 Oyster-Open 0
210.8615217740662 272.04698978520213 182.4583931944835 300.6972774467866 146.86059145309628 265.4106566011793 175.2633875713691 236.76070726932775 Oyster-Closed 0
193.0960432150241 252.35026220601443 215.9216791654835 230.72596551352132 262.487714917439 279.8733161824073 239.6624180179133 301.4972689223739 Oyster-Closed 0
25.403277424044063 260.0962540028452 68.35514921506183 230.00630314436813 117.4513568097027 300.080122218932 74.50001966558557 330.1694405111454 Oyster-Closed 0
425.29694213349285 260.79929079608166 409.278038969529 299.8981153664583 353.94614828340127 277.23074053082985 369.965252970891 238.13246002880226 Oyster-Closed 0
105.68306571476933 309.4949975193938 109.65971906754203 278.5020409952317 156.75693506775497 284.54397929872835 152.78070474140986 315.536554342599 Oyster-Closed 0
139.9863423706338 308.9471221722633 167.41105524769227 295.3132284511188 184.80827083801705 330.30192542010235 157.3836560554737 343.93566955765033 Oyster-Closed 0
416.00011761173664 336.378676 405.1507727487806 336.378676 405.1509418895839 288.279345 416 288.279345 Oyster-Closed 0
345.3126828750428 359.2603247098272 322.1958949175714 313.93781131752934 382.10483837253923 283.38682578860073 405.22175610753766 328.7084746646938 Oyster-Closed 0
186.17527494046954 299.54833747813154 231.56228624830328 298.24626464267556 233.38093743368518 361.6282219359791 187.9939272345582 362.93027062560395 Oyster-Closed 0
196.3021005040282 328.2733601812424 194.1144850667588 370.49486395800585 86.53759966576035 364.9195589353163 88.72652654358535 322.6994249354226 Oyster-Closed 0
327.0278282561849 403.38822692978613 273.69584451612536 415.9533025669844 261.2613246343608 363.1852697512918 314.5914435267259 350.6204224314097 Oyster-Closed 0
367.8877938226942 376.88694088945124 367.5627491780615 401.8394369465189 334.7616258104172 401.4119351862187 335.08694699999614 376.4597190000208 Oyster-Closed 0
169.81061910289645 415.9999877092853 169.8112724695784 386.9271837643523 214.668108999791 386.92815765663806 214.6679169968229 416.00049602164427 Oyster-Closed 0
4.247969306441519 60.74877774642287 28.54676938787088 59.049662703905554 31.66971914691021 103.71007291658404 7.370919592380233 105.4091825879081 Oyster-Closed 0
183.12964026862028 72.0045117629346 180.5334380583081 107.34766230932657 123.47643632301697 103.15629809401983 126.07278107836464 67.81330846586738 Oyster-Closed 0
137.09189135930865 109.31801513313454 116.28943096952207 146.28992786947842 17.81497701968692 90.88309759148608 38.61745942971538 53.911530099112014 Oyster-Closed 0
333.5471568210014 82.66932274747238 329.87358662018596 111.40850096538355 249.08833137733382 101.08194504644926 252.76206211726458 72.3429482124712 Oyster-Closed 0
146.32215638789057 125.10584289633236 142.30451774600078 159.2083381707629 43.81732740026928 147.60502191875338 47.83531825172031 113.502914739836 Oyster-Closed 0
319.37932143712897 142.36005634487606 323.3547192319893 112.9807243020391 402.01742129977356 123.62424935556832 398.0423261388278 153.00330962890996 Oyster-Closed 0
193.52892574192083 147.404866252549 206.35696060455666 190.70920395237945 133.76206581935185 212.2119803064409 120.9346328648935 168.90815218520297 Oyster-Closed 0
386.5239606987234 183.17221391284326 361.937172157177 217.35081034882563 299.04022102905583 172.10723115156662 323.62688307161807 137.92904145921145 Oyster-Closed 0
75.27802817500924 213.41570406799212 69.03898933010714 174.07781307123622 116.92913214585496 166.4828319264726 123.16842581222954 205.820400778059 Oyster-Closed 0
170.25800595454348 221.446957242759 161.4728033836036 180.97143895840236 260.5968664134816 159.45750852218538 269.38255590277913 199.9323267306974 Oyster-Closed 0
299.3385900842477 165.6803530583545 332.9059105953893 206.65544153456506 294.22527220981283 238.34047018401307 260.6583435952816 197.36574599030897 Oyster-Closed 0
