279.08106280371794 273.4529779428791 219.20634783362766 271.9353403939094 220.72228549640568 212.16390820534744 280.59547283256325 213.68152639948215 Oyster-Closed 0
293.62006800000745 239.6054119999913 320.1944791078349 213.42998311672758 365.43181053696026 259.35222396516616 338.85777125840104 285.5272802247104 Oyster-Open 0
193.1364867253469 258.9414995004896 159.70645938700545 285.021814545974 130.34124637260538 247.38496944787366 163.77080851998835 221.30493084212316 Oyster-Closed 0
179.01154978839986 238.30617495831976 205.76085873792545 218.8834932281762 243.82649510693955 271.3027828893209 217.07742959765164 290.7251820657839 Oyster-Closed 0
57.882179249601904 206.3017677431686 94.39139495066775 278.86654958249807 45.190211352812184 303.6171356498039 8.68202229819508 231.05322464860066 Oyster-Closed 0
410.9709219860488 266.8162150050939 390.7317112775636 305.3470223050425 338.8699181947741 278.10837567165726 359.10919519742674 239.57809996856724 Oyster-Closed 0
82.71770996057967 287.17504970067597 89.39201241722913 256.4613208213559 135.2328777562143 266.421469110217 128.5589765208897 297.1348501644899 Oyster-Closed 0
114.98596729799465 288.19536116929146 145.5189341959849 278.67048522858397 156.805798632613 314.8461810498507 126.27287403247465 324.3709613858083 Oyster-Closed 0
385.86573232050796 289.1063740370778 418.1566428161168 291.71344652517047 413.6168058589901 347.933690713141 381.32590068652644 345.3266594760087 Oyster-Closed 0
313.4747853277804 356.4310749696837 296.2945439930445 310.69517274925596 362.62752482830547 285.7822458448326 379.80816029962443 331.51722987051085 Oyster-Closed 0
163.66044421400875 283.0522655948954 208.93843343682965 290.038087687774 199.54484722072084 350.91128429245083 154.26688485326304 343.9255827632767 Oyster-Closed 0
165.90560518880375 312.7572517487399 160.0921188467546 354.5729016174577 52.83743227971354 339.662062338248 58.652004341052816 297.8476945094234 Oyster-Closed 0
286.74658794112474 401.4575309295366 230.51930572422134 404.627669971907 227.52508841838426 351.51610231819785 283.75040466963765 348.34601860780185 Oyster-Closed 0
330.75216173060835 375.7352548142702 328.27779586658653 400.4392335386519 297.0792619748645 397.31489582546067 299.55386099997486 372.61118000001153 Oyster-Closed 0
132.13652294268104 368.4525625862932 177.90107000033458 379.30062395253555 169.89003093489737 413.0876007339111 124.12552641217917 402.2396686944103 Oyster-Closed 0
11.237553537124768 30.027180414390003 48.222640864103596 34.70108705504817 42.01630844905594 83.8121735240119 5.031223593410687 79.13827833293078 Oyster-Closed 0
199.97013644815888 60.12593268939054 194.33547636083313 95.13641055855636 135.93522101818235 85.73728550108227 141.56998589109207 50.72694758434745 Oyster-Closed 0
147.9065361487701 92.5719093213872 122.44591276189385 128.57507565944601 33.56826133853974 65.72311779939605 59.02881785246791 29.72020058869694 Oyster-Closed 0
264.8179195675948 97.24459769088782 265.6090180856336 69.16106631615938 350.43126313705216 71.55029877968948 349.64034872577395 99.63364353537548 Oyster-Closed 0
154.22885083216534 109.14062888426135 147.25294989620306 142.93381656872845 49.53915007499745 122.76260209043733 56.515308137622924 88.96973747931048 Oyster-Closed 0
411.2061158820252 125.64581602941288 408.1900019164459 155.2976813764166 329.6547173192921 147.30904489804374 332.67107949491765 117.65746387158504 Oyster-Closed 0
197.29011368938882 135.5338003568016 205.52758391416864 178.56941882042042 126.66543885811188 193.66297004876645 118.42853366588315 150.62784218551724 Oyster-Closed 0
370.6492824566776 207.13309018270382 304.07749129847434 190.44725690387256 315.66962001787397 144.20231451272588 382.24046199741133 160.8880225139008 Oyster-Closed 0
68.21381660613042 189.68435115806477 65.66121692224988 150.740171514091 114.45478242956597 147.54211961646254 117.00764346325013 186.4860155954987 Oyster-Closed 0
163.4489849257443 205.74016662352324 158.64619819417567 165.62583984970945 260.9921261779418 153.3724395637813 265.7954716843924 193.48610351784183 Oyster-Closed 0
301.50063434009644 162.6490254065729 328.1715658510184 205.64992490938843 283.45490422656076 233.38270004376693 256.7844244440603 190.3821952679518 Oyster-Closed 0
