266.4829760650937 270.0044237617184 206.6438918171989 273.02321942823187 203.68317240316173 214.32713992094057 263.5207578993068 211.30838217528725 Oyster-Closed 0
278.35321399999884 233.76181600001127 302.7470678690479 204.0453174259876 351.24425669965785 243.85229562173777 326.8508271926112 273.5683995207853 Oyster-Open 0
149.41859569979715 297.01232175844535 116.22942572487591 265.1612796461985 146.8668624467864 233.24098989802442 180.0556762827 265.09170761407177 Oyster-Closed 0
164.26669450126792 247.77507208628793 189.7465111443853 225.20980524243834 231.4309807426107 272.273139866002 205.95147550748152 294.8380810711476 Oyster-Closed 0
66.97424202891125 310.3316410157313 1.3164589986263309 311.46379890544216 0.16315860759277712 244.52681337837475 65.81881382917709 243.39467373269852 Oyster-Closed 0
396.3469940371215 244.94338843356135 380.59809058132305 286.651383891792 327.45284685256775 266.5855204245815 343.20197888863186 224.8780479739742 Oyster-Closed 0
75.76243982417145 278.37470062734775 121.76697172398417 281.145396846092 119.850374181995 312.96374472463395 73.84584426133006 310.19307140411547 Oyster-Closed 0
103.98000021843109 305.153391159807 134.18770334818691 292.9607954313768 148.26894267277748 327.8418509135484 118.06131018055021 340.034319106785 Oyster-Closed 0
399.7269833988503 327.464192815882 371.3062453921666 325.9749522660215 374.3055815661028 268.7539137833279 402.725465443913 270.2431318832232 Oyster-Closed 0
307.3831967308215 347.46599415675377 285.05958231580007 305.05235026908133 349.55520716588217 271.1120400006365 371.8789194110468 313.52484167972716 Oyster-Closed 0
152.43471062600656 293.902130350625 197.80176972280606 297.3641485733512 193.13769382568353 358.4721595658905 147.77064144052565 355.01020252280875 Oyster-Closed 0
155.31702415161635 323.819541604436 155.1009292754934 366.33861588439214 47.337409953230235 365.7884243576857 47.554888495607884 323.27072640786855 Oyster-Closed 0
284.0719702323004 398.4339610804744 227.96310837838973 405.9000339879871 220.94209903485898 353.14176884873575 277.04902634454993 345.6758256924041 Oyster-Closed 0
324.53345804968194 364.6870837126851 325.3716612525277 389.6230241969744 295.1656308125166 390.6378305906304 294.3276859999751 365.7021399999815 Oyster-Closed 0
124.58343199999217 415.99999999997823 124.58411653640724 383.920377640835 170.00892287104216 383.9212952607257 170.00875214665575 416.00040101506687 Oyster-Closed 0
0 62.08273100000001 18.666106 62.08273100000001 18.666106 104.865834 0 104.865834 Oyster-Closed 0
170.8867951273387 67.14300190758895 169.92807246231314 102.8880588051123 109.90718356304933 101.27805883889204 110.86606053056676 65.53316751672077 Oyster-Closed 0
122.0698335646739 106.37458535712534 100.34221788252762 146.17953374814508 7.293904451922572 95.3892670510384 29.021558010052104 55.5846668533868 Oyster-Closed 0
239.49840961166046 95.48046203914825 236.5388667717998 67.52023280700129 321.20174264190064 58.558766828441186 324.1614277705121 86.51882438701847 Oyster-Closed 0
129.83908812335358 122.18821024765533 127.3458806819217 156.97938661745778 27.864007356827642 149.84965752167128 30.357598851820512 115.05887690319926 Oyster-Closed 0
385.90901984694574 104.34973685484735 386.86795927041385 134.28891888550433 308.61975235357386 136.7946712402001 307.66106973512433 106.85574029303723 Oyster-Closed 0
119.8040721119396 219.3058089416163 92.05572938144905 192.72318429318517 156.27100456360495 125.69596910335093 184.01892347294415 152.2782096787831 Oyster-Closed 0
352.2886694005392 192.34715407750843 285.40355357678345 181.09275792515285 293.338117517731 133.94228835632734 360.2223185880648 145.1966051978769 Oyster-Closed 0
50.90709848911865 213.95557205058913 43.24714237032458 175.86905594774115 91.01763990634572 166.26201976218266 98.67782469048689 204.3482249557582 Oyster-Closed 0
147.54464177214686 217.04469697904787 137.5706573691532 178.20888032659866 237.53716079435253 152.53612909961652 247.51156306842677 191.37128381871617 Oyster-Closed 0
279.8453942490378 156.3211908857222 310.52862566768454 194.95517251414807 268.0284375085175 228.70638630462193 237.34559198940042 190.07276002342272 Oyster-Closed 0
