292.3869947155872 224.75787650266392 246.6222952386306 291.71771571852656 173.5107124196511 241.7524457350366 219.27505727908647 174.7938914333528 Oyster-Closed 0
331.6649488732255 232.68781822576443 347.3184311305049 263.8896394580344 298.22136537434926 288.5174371752773 282.56834220453675 257.31600771030077 Oyster-SemiOpen 0
218.8860083184918 274.21815154185833 187.60803567149196 296.9187988270461 133.4355019331997 222.2852926898201 164.71260196600633 199.58510601160944 Oyster-Closed 0
93.17451045546113 227.1622141022574 149.83805078378646 228.00166826443336 149.11310685521312 276.93050085602175 92.44956681826443 276.0910558074271 Oyster-Closed 0
167.26799557258346 364.1040379264657 100.06012172952614 355.7108181519958 110.10769608045666 275.2860209117171 177.31250827421172 283.67904575966355 Oyster-Closed 0
110.3244628719076 318.8441413878009 105.78037989469522 368.7494228582777 0 358.71135352217453 0.08748285738329287 308.80773618597226 Oyster-Closed 0
11.476691975887661 0 97.00058321089455 7.099193886996302 90.24657649701112 75.22120697047656 4.722692637129512 66.74191359034579 Oyster-Closed 0
199.3119401107324 68.33954249018426 207.71872598100526 38.97614340634969 268.4420065212107 56.361160411789506 260.0353392711186 85.7244587340679 Oyster-Closed 0
413.7476838653092 69.80250404671506 413.7647381906427 112.66030491282915 336.1505760030668 112.69078818028551 336.1337865935784 69.83324105545813 Oyster-Closed 0
193.18951612851015 106.27824419745092 200.77990320761455 70.11889044287184 277.75414283721693 86.27652948891021 270.16402875300264 122.43565103831256 Oyster-Closed 0
295.133543997752 153.80890922143448 324.05247517194584 101.8070398835535 416.02221247451234 152.95081879013384 387.1041613474299 204.95192442467268 Oyster-Closed 0
111.46440379762134 199.00665094165217 100.61644699412864 137.59286877928508 246.39519252608807 111.84259673550206 257.2441559793442 173.25526630491626 Oyster-Closed 0
1.4203443319856888 175.9171849524585 0 123.13498377235645 51.95534404823047 112.8818278401571 61.03422360129116 165.66360384336755 Oyster-Closed 0
295.08944268389314 125.7847083038617 334.3995649012395 180.57093208122203 274.02269266215444 223.8893867202104 234.71326641816995 169.10379113046415 Oyster-Closed 0
