318.1145796948731 204.75520314434243 282.59983617449325 275.06463161711804 202.28803048559712 234.50004372385948 237.8029262551645 164.19190455170275 Oyster-Closed 0
337.68408152431584 267.84266139060657 313.53444441272586 239.06203867854856 352.9460948192318 205.9954006960603 377.09554499991646 234.77571699999788 Oyster-SemiOpen 0
253.70642123984362 261.7392417343207 227.2207892287588 288.0250112914491 159.92931648552621 220.22848924294775 186.41440502815385 193.9432571409246 Oyster-Closed 0
121.4559071498552 231.6229623069116 176.82043173410057 222.1021254797097 185.23782318662052 271.0449605783825 129.87332412816977 280.56569294971735 Oyster-Closed 0
219.42380185137154 354.5345508126795 151.90529077148312 358.7184768917574 146.92169314892453 278.2810707845711 214.43715157108818 274.09724014009555 Oyster-Closed 0
32.989519612227014 315.79590197760064 160.37281518368763 322.8675888992691 157.60594716067135 372.69751311337274 30.222659478986316 365.62593318548886 Oyster-Closed 0
0 61.45595509146653 1.0887586527387612 2.0936600899463227 99.61525480386263 32.165536126639886 81.49712286526847 91.52759340846647 Oyster-Closed 0
195.6789505319357 59.752444801801616 200.4956709038197 29.967642143854363 264.11260952956945 40.25551977402481 259.29598409165555 70.04023942833074 Oyster-Closed 0
413.3096732234444 35.24666146693714 418.7474644859176 78.36482129054362 337.44030517126885 88.61842261449226 332.00272365059936 45.5004512636867 Oyster-Closed 0
195.07931943609583 97.99880255236678 198.36677595886795 61.47345035115298 278.9160639474576 68.7230171763393 275.62883954994686 105.24816453778787 Oyster-Closed 0
326.4757322058431 79.75420934488213 426.13463296908594 117.63177098422936 405.52380586758954 171.85885266558785 305.8650414040567 133.98153995414532 Oyster-Closed 0
132.06600612795592 200.2394116505181 113.50330050966659 139.4970002603829 252.96046140648468 96.87972165839814 271.52388507427895 157.6211199920528 Oyster-Closed 0
20.427163260228554 189.75195840098723 4.7339426275393635 137.52788180233824 61.44686144911975 120.48652940068428 77.14031797401549 172.71016844883786 Oyster-Closed 0
301.6333789549499 105.47209951658597 350.25012317117216 155.55117392900544 298.74556889644737 205.54911773361343 250.12932269331213 155.47053784843112 Oyster-Closed 0
