293.0737473008194 223.6520465673702 251.50101591723433 292.6017242925893 175.2608884235051 246.63685309455914 216.83349454266136 177.68851334352718 Oyster-Closed 0
332.85765813364924 229.24870001624004 350.3941039258061 259.75306320071996 302.95649275707547 287.020467929787 285.4204839376034 256.5164826248821 Oyster-SemiOpen 0
222.91415924951434 276.73200657401617 193.36396200479794 301.14700152870944 134.06903638285075 229.3883981839989 163.61846991322818 204.97391336739486 Oyster-Closed 0
94.24778673338369 236.85141759952393 150.80090759861923 233.74168487109716 153.49589746920537 282.74685306377586 96.94277914813574 285.8565509075132 Oyster-Closed 0
177.7517074890966 368.68805079252564 110.03066511197176 364.99296528579254 114.43943897798454 284.24265450651865 182.15730984314723 287.9376526883192 Oyster-Closed 0
118.3737739642529 327.0823606131169 116.44988256226497 377.1465956008267 0 372.5984015003893 0.06849723378763883 322.5360159800654 Oyster-Closed 0
0 61.05805998343269 0.9115856774697022 2.1791546336564975 93.86539730703225 37.669631730363044 71.38517772810155 96.54829240237214 Oyster-Closed 0
188.9146728228261 72.08865050759648 195.72533534415925 42.41968718345532 257.6644527196695 56.63798212293472 250.85391312924548 86.30683995422606 Oyster-Closed 0
408.3226549830397 61.54189680261056 410.94060849417656 104.66504514770575 328.4187887264343 109.67435474394732 325.8011147556863 66.55145890368988 Oyster-Closed 0
185.0605947457443 110.26335214631467 190.72157651250382 73.83419751785736 269.0717230285991 86.00920628524304 263.41101818409516 122.43812150442963 Oyster-Closed 0
290.4861486947775 152.41551042034217 316.30176275306076 99.23014543452008 411.4958086241422 145.4347429749929 385.6810821967556 198.61934411902968 Oyster-Closed 0
110.00704540114748 207.38661289862205 95.84210425312995 146.3774022774065 239.6693043998166 112.98410375433537 253.83517304909037 173.9921829412288 Oyster-Closed 0
0 130.708026 54.11080700000001 130.708026 54.11080700000001 188.167372 0 188.167372 Oyster-Closed 0
288.81469038933574 124.36770263916216 331.68372320704657 177.19455595729812 274.43873672168775 223.64575511408353 231.57034571079566 170.8195003108152 Oyster-Closed 0
