115.03617257432415 213.2244544616794 137.00787753984332 174.7474175015858 216.86188077406769 220.34308628354506 194.89095529827682 258.8194464808935 Oyster-Closed 0
386.63034907236215 220.78809604713697 384.63166142103364 259.40063407496746 245.69466999750512 252.206669216869 247.69442031839208 213.59520719392157 Oyster-Closed 0
8.557032849639654 240.47828198045073 36.368546555080684 238.23633320785598 41.00089577352264 295.6940282167288 13.189385638568638 297.93594644984705 Oyster-Closed 0
421.2002985307299 288.9109298618121 416 359.33541700000575 307.8481476611305 351.34727759095995 313.0503986007643 280.9247691378635 Oyster-Closed 0
45.346876097024506 329.41991694904624 99.29502172401044 313.27492934222954 129.4360233822772 413.9680015317901 75.48811558195302 430.1124328194307 Oyster-Open 0
343.73309299997345 413.6655530000111 342.5032617979341 371.3945473537132 415.9991470695495 369.25627626922306 417.23001712766927 411.52622204568456 Oyster-SemiOpen 0
382.6392140582284 65.60966148511794 366.76493678141196 58.5534507754935 374.3660887984006 41.4533518914985 390.24034170802406 48.50955631724345 Oyster-Closed 0
2.288598996154178 98.32747041248976 62.042846852778894 96.9367143034298 63.16361200589017 145.08964004254753 3.4093644672684604 146.48038910549656 Oyster-Closed 0
171.0796452202594 97.8703398441379 179.27086512179085 175.7685625571674 70.026215664755 187.2540609732726 61.8361395514512 109.35682778412202 Oyster-SemiOpen 0
416.0000698533513 174.46686899999997 400.55274268305584 174.46686899999997 400.55283675628016 134.954884 416 134.954884 Oyster-Closed 0
