102.73342342695105 212.11368412622627 123.36780923088736 170.61974471995183 200.91405991475767 209.17948746538548 180.2804533801609 250.6727597210305 Oyster-Closed 0
372.2504982457467 196.97480052846677 373.39830712894036 235.61799692897654 233.7596653424298 239.76252821003823 232.61292495684756 201.1203297386838 Oyster-Closed 0
0 244.897298 24.387772 244.897298 24.387772 301.568838 0 301.568838 Oyster-Closed 0
401.6839207022567 334.4468625107685 293.8798506958483 330.05480739650477 296.8245747219735 257.8250858750584 404.6247849999854 262.2170650000001 Oyster-Closed 0
108.40732365904842 409.95249743703044 51.202821734965255 423.73819184106384 29.06873788251687 331.908240513725 86.26983318372368 318.122976794364 Oyster-Open 0
324.59118100001433 393.29269899998667 319.99439826342496 351.634878689079 401.078009813682 342.6890444763782 405.6757539433456 384.34577555446003 Oyster-SemiOpen 0
373.42601436221594 42.651302497425725 358.27666666188816 35.71952069231133 366.2257999458161 18.34681072272079 381.37513428694365 25.278588948932807 Oyster-Closed 0
0 103.358417 51.811281 103.358417 51.811281 152.056433 0 152.056433 Oyster-Closed 0
158.0588804900326 92.14089193137572 172.12760882359726 167.84939075497317 60.86262739962331 188.5232740138713 46.795067796902 112.8157565025241 Oyster-SemiOpen 0
406.5066562029642 148.79001888715774 389.4147488064991 149.2901714676816 388.2417427382461 109.20288736225191 405.333496999996 108.70273700000027 Oyster-Closed 0
