96.34537358354646 212.0022843830763 114.80905266951959 168.37843186720423 191.8211369163255 200.97112611488132 173.3582385873633 244.59431576780332 Oyster-Closed 0
364.7630055816444 177.64615881900022 368.5485986323001 215.71063455892028 227.2720182241501 229.7572267730461 223.48747337391615 191.6936846071339 Oyster-Closed 0
0 250.64092099999996 16.745359 250.64092099999996 16.745359 306.871241 0 306.871241 Oyster-Closed 0
390.0867784194852 310.47705885151754 286.06595553689476 302.59578670495165 291.3798331654725 232.48807815366703 395.3972699999904 240.3692239999986 Oyster-Closed 0
100.34968933869095 405.39981905868444 42.20293793223027 419.7719340733107 21.30999260059616 335.2585786615677 79.45355757051948 320.88687837060434 Oyster-Open 0
389.2011512369536 322.1342920478313 405.6824662325089 353.42026855286707 327.36568778448054 394.66632963961933 310.88537564010403 363.3812098280008 Oyster-SemiOpen 0
366.3307266415868 24.49358675490819 351.50696197032084 17.869059136035094 359.42047069045293 0.16094378214658933 374.24423000002935 6.78547000000909 Oyster-Closed 0
0 107.959753 44.224684 107.959753 44.224684 156.855111 0 156.855111 Oyster-Closed 0
149.0831783844842 88.82746203554578 167.67704991314167 161.94326099062422 55.31340325140991 190.51564291909241 36.72070407430874 117.40081598042222 Oyster-SemiOpen 0
399.64197814874206 127.29828922178073 382.4801684364538 127.80565576412123 381.3047608258821 88.04562667342117 398.46644300000116 87.538262 Oyster-Closed 0
