23.532433181459055 289.54712637232046 0.9465666292453534 235.25288670614685 94.44888235451072 196.360578427625 117.03517044846012 250.65365248542167 Oyster-Closed 0
164.78550298985283 337.6378728830687 167.6942095251361 281.24248376822686 318.3000468626451 289.007685198209 315.39381049296935 345.40065567092887 Oyster-Closed 0
79.1194491161259 273.99752265008044 71.4795624028302 377.50171268592493 0 371.7481005979361 1.1849863617353549 268.2461969621926 Oyster-Closed 0
214.7207335014209 415.9996776779048 214.72308040090138 374.01657905692736 334.6782279475883 374.0217244945152 334.6776337334377 416.003066047368 Oyster-Closed 0
340.8359809805661 0 369.5665871319725 59.54642262579116 202.4562169981 120.2573249162891 173.7263734869921 41.176595835828124 Oyster-Closed 0
398.8920809451156 114.04111171444573 369.04703875964697 113.28871694549903 370.23018709348617 66.36343445475794 400.0749870000145 67.11582600000045 Oyster-Closed 0
397.6895735914768 118.27291876019589 390.5369171838065 222.05185467478856 280.76427322432573 214.48492767020127 287.918487924464 110.70775513021783 Oyster-Closed 0
81.05996895106728 180.23831050525865 81.58233089975329 166.0851867109724 134.61317770236928 168.04220955687825 134.09093516839857 182.19521671559332 Oyster-Closed 0
183.84698390691847 134.90112533070723 207.39779802117482 170.52683630472376 123.33786802206669 226.09170228561703 99.78769493740401 190.46655810765571 Oyster-Closed 0
229.74315504311016 164.7915313864057 249.0938912728452 230.36753940596037 118.74735986015367 268.8257333568988 99.39863499998319 203.2514599999899 Oyster-Closed 0
