98.1157323531188 199.9108505785846 116.910707535033 257.3758724815175 23.84789046061269 287.80907694228466 5.054353694675228 230.3452904729206 Oyster-Closed 0
167.62597617983192 340.8846487040958 171.51474128400878 284.57856941326736 322.9335399174124 295.03314441127924 319.0473294886615 351.33675965445116 Oyster-Closed 0
74.77746206033771 378.68393086177275 0 372.8015078781288 1.9426314230295247 268.63207498132164 82.392422572535 274.51432510240625 Oyster-Closed 0
219.2729061635182 415.9996852834267 219.2750729195941 379.6117602953555 339.27254774131507 379.6174437896591 339.2719109358077 416.0038215435895 Oyster-Closed 0
183.86387832805485 78.26743335792222 208.5889628375844 0 359.1817607104167 25.44038796658731 334.45733454338915 118.34450175617935 Oyster-Closed 0
400.1480761715866 120.73373836533031 370.28855296279653 120.33015687166949 370.91789513345066 73.7793163332959 400.7771610000127 74.18289600000014 Oyster-Closed 0
400.1745236814131 125.4683221274774 391.2289444005801 228.99992137207283 281.79881072794524 219.54361221863275 290.74595914891324 116.01383315880689 Oyster-Closed 0
82.97542515109672 181.88104399777808 83.74448912534353 167.74073288784098 136.79651671091779 170.6258421803336 136.0275754247741 184.76603524390643 Oyster-Closed 0
185.61028956169685 138.13972042035337 209.20616000291557 174.4611572562498 125.6579955415873 228.73338372057125 102.06278397350616 192.4125275358862 Oyster-Closed 0
106.87706467113458 257.2038061780188 100.19315414953599 189.45587716482163 236.59227071458736 175.99894400566467 243.27777079789303 243.74512046432187 Oyster-Closed 0
