36.461625895724865 280.380798047929 12.120598638935917 227.4856701308206 105.13453991531424 184.68678649942115 129.47586438942017 237.580816417121 Oyster-Closed 0
178.81051239161752 322.81054212792674 179.41747165824927 266.37652739603107 329.2970194563932 267.9870340369059 328.69229176614317 324.41877359783336 Oyster-Closed 0
84.32221833302538 367.22456662329745 3.491316017771169 361.80494737432673 10.498943350827176 257.33911098989984 91.3251130000026 262.7585690000016 Oyster-Closed 0
230.2129939231454 401.15268152776815 227.7292121106002 358.48037010085386 346.684734019811 351.5566615400498 349.1700942793286 394.227285410959 Oyster-Closed 0
364.62346844410786 0 364.62365370535554 77.60486859972897 192.7776241374304 77.60460449731333 192.77785883409888 0.00010977195814857708 Oyster-Closed 0
407.74647633752465 90.37165133294793 377.9451867663993 90.14254935150541 378.30836083898976 42.91571378339359 408.1094649999868 43.144814999999845 Oyster-Closed 0
405.67438546031553 94.28750839935218 402.7542651776421 198.2526973402729 292.71204013848546 195.16061520288565 295.6335932727452 91.19697228042753 Oyster-Closed 0
91.7610334768433 169.07351166129243 91.70592478531398 154.92393778442664 144.67212889512666 154.71753557526768 144.72734416401 168.867001091102 Oyster-Closed 0
193.2588869305946 119.75397336754041 217.6859586748542 154.15222184660627 134.8665389570342 212.96084343236174 110.44003348342812 178.56310326973934 Oyster-Closed 0
239.3908137750368 147.72788379714677 261.0890831479883 211.9896274522676 132.02889906844575 255.56206869305967 110.33247899996422 191.30190899999633 Oyster-Closed 0
