148.33077138566296 225.68185226928134 102.21312484155715 273.82427804249045 34.716634166576114 209.1711921987346 80.83352389678112 161.02961915356374 Oyster-Closed 0
265.79535065667733 68.24031624551421 273.65847535181456 22.3736638901201 322.3030201053516 30.712996827369903 314.4400083904293 76.57954621086093 Oyster-Closed 0
184.36157850544987 267.8270871479104 173.50904110511328 331.3474320451 64.6075248877678 312.74218753539304 75.46146549366676 249.22368274191837 Oyster-SemiOpen 0
0 259.68213 67.179667 259.68213 67.179667 309.16117 0 309.16117 Oyster-Closed 0
117.70917133912735 318.58498103729227 119.10467736057763 354.4955763749076 18.3506988816589 358.40795568653664 16.95631219630377 322.4984327093014 Oyster-Closed 0
0 330.144328 18.315385 330.144328 18.315385 385.526053 0 385.526053 Oyster-Closed 0
148.69369571565403 367.9204465523092 135.25929563491445 420.2576696123019 8.420544092346972 387.7045274241327 21.85640797893575 335.3696257651213 Oyster-Closed 0
318.9193828913958 415.99991346123096 318.9204489324766 388.0002707558091 392.454222113829 388.0024035521269 392.45388413660476 416.0013216945875 Oyster-Open 0
0 402.48289886316917 0.786708658299176 386.0710876142476 77.83863335106071 391.74855396245226 76.62935028604988 408.1599189315652 Oyster-Closed 0
166.29756970256858 85.81115404945488 163.0488178158339 41.984398802116075 253.4855537229996 35.28048361278145 256.734502606967 79.1070326366613 Oyster-Closed 0
151.100841075262 0 177.92621093140042 56.48533911485597 28.92080195800736 115.63919756714199 2.095995637100714 48.06911274079491 Oyster-Closed 0
249.17477943634367 97.92942241046038 266.7870028365287 62.13101854959913 325.3750793084728 90.95497425885097 307.7630835543605 126.75318348279373 Oyster-Closed 0
254.40807458776908 74.84352947269242 260.4552880590745 116.89426149172542 194.41384608616136 126.3910231588049 188.36690971853022 84.34054071357798 Oyster-Closed 0
322.8187868965797 166.07699495236943 350.0237071179654 124.43551777904635 434.2589582251676 179.46495997462495 407.0547647660678 221.10579859020436 Oyster-Closed 0
138.04274991840794 99.22855537773815 215.18379750510212 145.41865823518165 161.92637796706185 234.35790816228413 84.78586416765756 188.1685080547193 Oyster-Closed 0
252.6204474131846 148.29478243026537 318.1512450354421 153.01777068371993 311.9715125535913 238.75553508764264 246.4407228886921 234.0326159889396 Oyster-Closed 0
412.51499124249676 37.958565000826034 408.07131260397364 73.68690336798579 292.45489539290793 59.306939045514206 296.89871899998616 23.578812999987335 Oyster-Closed 0
0 160.770602 50.457484 160.770602 50.457484 214.743306 0 214.743306 Oyster-Closed 0
