141.3918412022649 207.89307205804366 94.7260097251492 261.7489548839295 29.09594643510718 204.88442980169478 75.76121504624462 151.02939125497602 Oyster-Closed 0
315.06503221456296 0 315.06505080577335 41.52060620193898 270.9716046097674 41.520591360392885 270.9716186246005 0.0000018126610960989226 Oyster-Closed 0
173.71673218358774 246.24639616756158 169.8199978912271 311.24914652296405 58.57268237758035 304.57894956170526 62.47105897242727 239.57799824517744 Oyster-SemiOpen 0
0 256.697363 58.359341 256.697363 58.359341 304.852279 0 304.852279 Oyster-Closed 0
104.44947747017068 304.9809335928888 109.64016510939473 339.8796039074854 10.677284344837972 354.59405416325484 5.487727917872689 319.696393628746 Oyster-Closed 0
126.28019008193223 340.82385960203817 131.062563410429 395.96033453840784 5.8645192615367705 406.8133966487148 1.0845922051958041 351.6792085616246 Oyster-Closed 0
309.39325324027595 398.388138924968 306.7751548275046 348.41658657233063 381.5926238248758 344.4974019557373 384.21187536647994 394.4677301685046 Oyster-Open 0
0 400.52760000001877 0 384.13104805212566 64.27294876540691 381.72726990811077 64.88082289395243 398.1234538567348 Oyster-Closed 0
166.14333592678304 66.73822833271373 158.38984641538264 24.499307627417654 248.17023094835895 8.018911551912275 255.92382259519218 50.25771605597378 Oyster-Closed 0
147.91268000822674 0 178.59876058901864 35.61373957448907 28.56134249547904 110.52331065628155 0 49.06268790183899 Oyster-Closed 0
321.7252747917919 48.76227362368927 315.56863510132825 88.64806620259213 251.3421092325043 78.73416243659987 257.49886674449954 38.84851578822702 Oyster-Closed 0
251.6254138889053 46.722758866103426 261.6884993247804 86.62471769801687 194.45796355437415 103.57951690424589 184.3950904477897 63.677740799710584 Oyster-Closed 0
320.0835421918091 130.64180630172564 345.47336529729364 84.46715934763995 426.6992265691988 129.12929105092087 401.309975032731 175.3034468876777 Oyster-Closed 0
152.34466613695258 218.0777173176641 80.56057542602866 173.94848466980778 138.35145263263257 79.946958629994 210.13397657662063 124.07556292101671 Oyster-Closed 0
248.96194949800338 117.55588484337692 313.5535604810684 124.07214566800963 305.10389147757814 207.82489607077596 240.51229301283092 201.30871361152947 Oyster-Closed 0
408.398207000002 0 408.39822220536007 27.435562233117963 303.1841062036292 27.435539043341752 303.1841259999783 0 Oyster-Closed 0
0 157.534668 45.041827 157.534668 45.041827 212.84809499999997 0 212.84809499999997 Oyster-Closed 0
