175.0725811962111 223.34056016711764 133.54474755351475 270.58673189764755 59.52131619168722 205.52706555631295 101.04854484842508 158.28176290231048 Oyster-Closed 0
271.5119915954747 65.69194908201568 279.36815534485504 20.751413958680804 331.4911244579962 29.86313454684714 323.6350756070169 74.80356489382677 Oyster-Closed 0
217.30116261875082 265.6869734522546 206.45570527280142 327.9284020934444 97.27932784407312 308.9053925096444 108.1261401350348 246.6657577269377 Oyster-SemiOpen 0
15.758172419020411 291.46027678247674 27.974382496286125 250.1168799417065 110.96639351820704 274.636060174719 98.75123363048988 315.978553898517 Oyster-Closed 0
157.3011396871807 315.48590440773825 158.5007057394323 351.50876014789264 56.937436645479465 354.8879560741149 55.738985841300746 318.86617294315704 Oyster-Closed 0
28.640680776799854 327.36442614524077 56.329189294297976 324.9425656752259 61.94327893297668 389.11330672492875 34.25477706209131 391.53511826599106 Oyster-Closed 0
50.562548948328185 383.3608831837425 63.72524062218872 332.4982148923138 192.93386418328737 365.9263849300197 179.77376839632052 416.7868275812771 Oyster-Closed 0
416.0004227212885 416 363.0148187188788 416 363.01548817989897 386.4308669999999 415.9999901077608 386.4308669999999 Oyster-Open 0
38.572560999993584 398.22928399998534 39.86032302067542 381.97957014515106 123.66744373930487 388.6183533697664 122.38018729180112 404.8675956086206 Oyster-Closed 0
175.83894775926092 83.42506412759356 172.78816433819156 39.28278876875137 263.2318746564415 33.03190366060492 266.28284993145644 77.17397726887674 Oyster-Closed 0
37.048098768609634 109.08897857345379 14.201407446089434 37.86887696892567 161.7679291941713 0 184.61484397187814 61.75054595553892 Oyster-Closed 0
322.3908018777547 123.59002395100617 260.3986119104993 97.16104301441447 275.41391684500195 61.94198286334385 337.40576346256057 88.3708794508632 Oyster-Closed 0
266.6474364134883 72.52289049638551 272.6502177536495 115.19874076110379 207.215757160684 124.40227252125625 201.2132480471264 81.72666824070267 Oyster-Closed 0
346.7700676376262 150.03846725822146 379.241369429099 118.42054517336129 442.8777935856451 183.77191700841308 410.4069262554658 215.38941073521505 Oyster-Closed 0
121.27180525566655 207.1951758818238 129.0260022943803 110.40690575701929 223.68839019875304 117.99052507933587 215.93560201280343 214.77747547337682 Oyster-Closed 0
270.37149262097955 148.04870040986202 335.84692710593663 145.88281973654517 338.759689351642 233.9317629594146 273.2842562205624 236.09761153527074 Oyster-Closed 0
416.6968717735617 36.749677224285136 412.1579453429804 71.926881882869 296.77341541681744 57.038529090089824 301.31247299999086 21.861542999987005 Oyster-Closed 0
17.579313999995065 157.17051500000017 72.83669323301729 156.17109323308406 73.82045533885685 210.55965322757714 18.563076344053115 211.55906615655599 Oyster-Closed 0
