320.4337148212762 274.09158090272086 279.7275453401853 245.35916087771372 344.67043963245305 153.36187063534717 385.3753349638537 182.09364563136472 Oyster-Closed 0
382.2819041807961 197.5343441348503 400.77214306069436 219.92965814547267 337.641885745983 272.0462782114313 319.1520501873929 249.65134238267103 Oyster-Closed 0
379.8282778602552 371.4115546932895 327.56296590066995 341.86748346023285 389.84591005942275 231.70670220452413 442.10834632106344 261.24974703346334 Oyster-Closed 0
162.89580807215316 351.38056784049246 157.62829534197226 287.7126921788639 236.67412923176016 281.17366627171026 241.94291430463272 344.8401629221419 Oyster-SemiOpen 0
416.0001834620998 356.638998 395.2488243527987 356.638998 395.24903349141823 325.300116 416 325.300116 Oyster-Closed 0
201.61887024554017 72.65990304848263 188.77847512166045 26.59500346745914 286.9378468677096 0 299.7783366745716 45.298196184766844 Oyster-Closed 0
416.0003905212143 407.41745099999997 386.2044168976172 407.41745099999997 386.2050205569394 355.951342 415.9999816859781 355.951342 Oyster-Closed 0
220.4437280385464 416.96630907981705 218.72663915221347 370.5615471260647 279.7431231977207 368.3044347066471 281.4611548585344 414.7081992423553 Oyster-Closed 0
344.7358186456986 54.25790788363312 332.4498103502119 64.79618155914626 309.1889926288495 37.67772674050203 321.4749776703902 27.139469554779886 Oyster-SemiOpen 0
0.616023404232692 52.94051769049294 64.43201035226593 52.1979680436301 65.47386050847126 141.73517999777982 1.657873375377676 142.4777240538105 Oyster-Closed 0
215.35496313443946 115.06641499293235 211.92703447034 63.447477608523414 309.452442463582 56.97086204430038 312.8807218050206 108.58942546152805 Oyster-Closed 0
88.36875243062241 157.77806963844645 74.47747776663527 97.52223244764927 158.73810204683832 78.09727721494026 172.62975303957137 138.35257490688232 Oyster-Closed 0
412.2145549383604 166.7052746973593 295.7011789565986 173.48609595289545 290.6596560856051 86.84587506234733 407.1708434181746 80.06511659055305 Oyster-Closed 0
147.51122874117937 124.46447863802055 199.79015012973468 169.7564512478402 115.0956020671074 267.5089974198803 62.81759252955817 222.21800652908553 Oyster-Closed 0
417.93319289875217 174.14813950346763 416 219.70666299998123 378.90071020666437 218.13228328596884 380.8341818227527 172.57405413973416 Oyster-Closed 0
20.489966582561465 264.12357852735715 11.533017653371644 195.98470384816173 77.2563624228278 187.34602339801899 86.21406638904591 255.48400317206168 Oyster-Closed 0
