302.29678059822254 292.64659408939394 262.7372273015899 262.3577677714992 331.58240265653876 172.45118373451191 371.1406809225409 202.7392694269241 Oyster-Closed 0
367.41083943126796 218.09489264270738 385.0503938651418 241.16030267058122 319.6553806178963 291.1655809380365 302.01628939356306 268.10059554136154 Oyster-Closed 0
357.8008638263527 392.24223813210926 306.7338659772795 360.5631501056384 373.7514791923895 252.5536994574473 424.81559286796255 284.23160810794906 Oyster-Closed 0
141.42778566908964 365.9623398094247 138.38400094731696 302.01050355512314 218.0739412762705 298.2180135865335 221.11913736333372 362.16838524068663 Oyster-SemiOpen 0
393.9219281292608 378.48395577176103 373.77405716254725 377.1931147467411 375.773759043499 345.99186498006685 395.92122700000255 347.28269299999926 Oyster-Closed 0
191.62055275166858 86.62207701533342 180.40414002607577 40.078148251207764 279.85707892959545 16.111370314844272 291.0736402806833 62.655098138376744 Oyster-Closed 0
391.45169823287506 417.0332301479442 362.89751201980835 415.20388969268873 365.38572443819066 376.38310562821755 393.9391448292263 378.21242163238077 Oyster-Closed 0
199.86273099999016 416.00000000001756 199.8635658069652 385.6424631038367 250.92240914219292 385.64368289425613 250.92212099377866 416.0006731006364 Oyster-Closed 0
335.6431277384763 73.23739443179619 322.8928767968828 83.35410607005673 300.6945643773324 55.37740537641636 313.4447800331254 45.2607154221531 Oyster-SemiOpen 0
0 60.611021 53.748315000000005 60.611021 53.748315000000005 148.462838 0 148.462838 Oyster-Closed 0
203.73595219572235 129.61593448636302 202.11102491980273 77.791620171369 300.00555303431247 74.72201288526054 301.63091809972684 126.54587896998088 Oyster-Closed 0
74.76340565558712 167.91669391565304 62.98753893112371 107.12477133667912 147.9923059362227 90.65902105799783 159.7686244807628 151.4503458809578 Oyster-Closed 0
398.6779036691951 188.52746247758455 281.63102035108386 190.56979594542597 280.11647060276664 103.71349094688473 397.1608033805787 101.67117937586451 Oyster-Closed 0
135.17150674324512 136.62515468646814 185.67126991081386 183.87495173393745 96.78401146510078 278.8679477603152 46.28530526791292 231.61924409940315 Oyster-Closed 0
405.6282771908154 196.02634587753997 402.07307199999195 241.89616399999912 363.28813144263404 238.89001920226187 366.8436486603787 193.02054044907285 Oyster-Closed 0
2.4346308785789006 272.10135706913957 0 203.56049630720463 61.787309840907255 197.23520644156292 68.36460999855626 265.77513324626693 Oyster-Closed 0
