337.6285253317146 277.544937920279 295.2454041729761 248.29608047934653 356.968302054629 158.86598176816383 399.3501018093484 188.1141947162526 Oyster-Closed 0
396.83960111936904 203.44222336273913 415.7644872290184 226.7624189373521 354.42959951142257 276.53151968416546 335.5051298521503 253.2117124452772 Oyster-Closed 0
416.00169443544655 368.699844 364.49465888203486 368.699844 364.4963766075598 250.33575099999993 415.99999965688403 250.33575099999993 Oyster-Closed 0
179.6013549729032 349.65026020911915 176.54648796649053 285.6763353966984 254.70283716900667 281.944529583782 257.75902062211026 345.9170911018111 Oyster-SemiOpen 0
209.4513130742489 73.01110828490619 197.87877448115614 25.850659043800594 295.63114964927445 1.8634749228833976 307.2037962840295 49.023782741843426 Oyster-Closed 0
242.1885720000064 416.00000000001774 242.18993892678918 370.5619226177667 302.86938229326915 370.56375886446955 302.86896999253804 416.00086906940754 Oyster-Closed 0
354.03204909594206 59.123595694278535 342.2349196959367 69.38165813583453 317.8997921243681 41.39552149681289 329.69689659840515 31.13747721441674 Oyster-SemiOpen 0
4.05134083482335 49.63068907824891 71.62339363073988 44.11493135273519 78.63374183712585 129.99587947986385 11.061692778548604 135.5115995903882 Oyster-Closed 0
223.78395857553187 115.46217977765986 222.1570801059206 63.683340253506344 320.8567980254156 60.58205928212286 322.48405593428106 112.36051163316536 Oyster-Closed 0
97.67918303441911 154.2173376028269 85.60609680445486 92.78516308365829 172.18004111109258 75.77129280340657 184.2535387542739 137.20291913357806 Oyster-Closed 0
416.0006444208848 174.92639600000004 303.52358697007 174.92639600000004 303.5245238089519 88.71429800000004 415.9993940546883 88.71429800000003 Oyster-Closed 0
158.67732712988436 122.70095695633982 212.9533883265176 169.38709096740922 131.72562041605488 263.81337618480995 77.45044616139057 217.128201916965 Oyster-Closed 0
416.00014498104065 223.363308 394.1926438116825 223.363308 394.1928386739819 178.80843600000003 415.99999517930337 178.80843600000003 Oyster-Closed 0
27.045845286109397 189.34557093089126 93.41694326483048 181.09039808086524 102.12334700000793 251.0840179999982 35.752271042474604 259.3390781383084 Oyster-Closed 0
