337.05568181732815 278.7918003333893 292.2042249396691 253.16555124699792 345.7163696707612 159.5183597624682 390.56629051682467 185.14404685095408 Oyster-Closed 0
389.13486654117514 200.9818095590547 410.065231744411 222.8920225827232 353.49689825513633 276.92468573539315 332.5668979283764 255.0148328728431 Oyster-Closed 0
416.0016002499942 367.6848979999999 367.67947801213813 367.68489799999986 367.68114801474803 246.58027099999998 416 246.58027099999998 Oyster-Closed 0
263.37257880455945 354.36350116854874 186.6492304493113 363.51649237321504 178.9932044413872 299.34078808438977 255.71376349335333 290.18796362591974 Oyster-SemiOpen 0
193.36078881665162 81.82398255006768 178.3418558780577 35.07231503117947 272.94161595627884 4.682192890726466 287.96064832132106 51.43369898639033 Oyster-Closed 0
253.74718383482468 415.99999921790635 253.74829606172716 376.4543291940601 311.22725314145646 376.45598207057367 311.2269349935923 416.0008442528702 Oyster-Closed 0
335.2189591464812 58.5896368859046 324.2288453364308 69.47566477388227 298.0115900782257 43.00783859689629 309.00168350770764 32.12183019924588 Oyster-SemiOpen 0
3.9157646451312758 67.23078314293073 59.41480717520972 63.99841812872671 64.60069270116219 153.03749612957398 9.101652240562544 156.26983367498718 Oyster-Closed 0
210.55103204849001 123.58183862958727 205.49675025715987 71.55958164554158 302.9742215179249 62.08896988773544 308.0288701329082 114.1108194803914 Oyster-Closed 0
89.41563767040498 170.6701410387509 72.95419053738442 109.55884707537172 157.4025658739447 86.81165862581035 173.86439411999163 147.9223475741742 Oyster-Closed 0
299.27312685492507 183.4020392953081 286.48260221538294 95.2880653611344 401.9940428922673 78.5209189925812 414.78552100001616 166.63367000001728 Oyster-Closed 0
146.7034696243536 136.0228597471561 205.0186807874452 178.23393522663898 133.1013660064964 277.5807393727157 74.78692000876254 235.3705808314889 Oyster-Closed 0
416.0002189450679 220.693825 386.6377524874697 220.693825 386.637989586754 176.07138499999996 415.9999981266956 176.07138499999996 Oyster-Closed 0
22.971792957465368 210.58571879949326 87.68707686998823 197.30486487348122 102.1251870000051 267.65294399999533 37.40996531807832 280.9335973471486 Oyster-Closed 0
