303.3845087155969 283.4810503078565 265.1894915706689 252.71101532741585 337.15260397697057 163.39242781846332 375.3464676339172 194.1617284671632 Oyster-Closed 0
371.0734080938637 209.44095555073358 388.0396603292538 232.43521104354045 320.9333658160467 281.9435005316945 303.9675689548567 258.9496586806618 Oyster-Closed 0
355.1168195238024 383.2032057422107 305.7114202035009 350.0452605760297 377.0878121155838 243.7156094123201 426.4906236242532 276.8723648324285 Oyster-Closed 0
140.58203853566374 354.09420062900796 137.93032081088677 290.38192200507564 218.74408387716903 287.0186524157247 221.39718717148935 350.7295042525444 Oyster-SemiOpen 0
399.38666180834844 371.22785051724577 372.2529708595612 369.96435090977786 373.83083522134257 336.09356085750744 400.9639509999797 337.35704699999974 Oyster-Closed 0
200.84312841408973 77.10313113887821 190.0881640011139 30.897992589176912 290.130151088757 7.6115889560252326 300.8852404305653 53.81656448316278 Oyster-Closed 0
397.2580834085238 416.9339244404356 360.28406428343806 415.21228597699866 362.4995535179405 367.6590846278005 399.4723761768728 369.38069545266717 Oyster-Closed 0
193.6331589999827 416.0000000000034 193.63435517759717 375.6588463313481 251.57347509799365 375.6605079530219 251.5730939923924 416.00083869485434 Oyster-Closed 0
344.44795871554743 64.78936574170201 331.30422605944113 74.73274345578993 310.1324532280778 46.7468012493178 323.27615348680047 36.80344184396295 Oyster-SemiOpen 0
0 50.362438 61.92669399999999 50.362438 61.92669399999999 138.419978 0 138.419978 Oyster-Closed 0
211.84829059504045 120.19321703396774 210.5336609627957 68.54400601731798 307.934714123905 66.06468891498837 309.2497416768929 117.71349531571154 Oyster-Closed 0
154.62735571166922 81.18367003342763 166.15365585119798 141.65177657757013 82.05584254819405 157.68124984545435 70.53016402612411 97.21369384494191 Oyster-Closed 0
403.3675383382906 181.50035660430007 286.42182173176843 179.46072281053566 287.9230454678873 93.44518120080123 404.8663883117624 95.48479465138315 Oyster-Closed 0
97.21120285171855 268.1204301436098 49.29972568835001 220.17197531299496 142.94890749897968 126.6019405895405 190.8593555153384 174.5493668934121 Oyster-Closed 0
408.74761830630086 187.50785925784098 404.92521000002307 233.33804800001857 366.8877350162729 230.16553554865845 370.7104347043896 184.33566665405675 Oyster-Closed 0
5.200324885347072 261.08390528820036 0 192.87176564140205 64.59090773441494 186.99935776366598 70.707205286526 255.21061765172055 Oyster-Closed 0
