328.8108250126352 270.0986039219292 286.23092133001774 243.2632276468019 345.59801526331285 149.07460824630175 388.1765388184758 175.9094002687752 Oyster-Closed 0
385.94986725215495 191.5276305053139 405.68258412677824 213.29506068562324 345.746466196666 267.62313411907394 326.01411646625274 245.856059310726 Oyster-Closed 0
416.0021134882081 358.098907 356.86018708879055 358.09890700000005 356.8619450993938 236.582925 416 236.582925 Oyster-Closed 0
175.42366630044125 354.5898233399521 167.87722262206444 290.9254957039153 246.06739987027686 281.65849356170304 253.61504996427175 345.3214452856179 Oyster-SemiOpen 0
416.00005927814345 346.065465 407.6526264109998 346.065465 407.6526897570184 321.0046929999999 416 321.0046929999999 Oyster-Closed 0
197.93625663776038 73.10903575665111 183.2660330380495 27.22131900880704 279.6919651923381 0 294.362269912941 42.28165189348028 Oyster-Closed 0
416.00014562456636 391.835668 400.230065986354 391.835668 400.230350333346 349.2643069999999 416 349.2643069999999 Oyster-Closed 0
237.2241406193716 416.6625201027542 233.86902141165774 370.23163788126595 294.6583656709299 365.84024307755266 298.01438183236314 412.2701267294777 Oyster-Closed 0
340.15583464548763 49.538088723007526 328.5114079334271 60.50480059763344 303.73217949909304 34.19434606510999 315.37658758773614 23.227650096387833 Oyster-SemiOpen 0
2.0838329771249846 59.672840120650335 61.742032622361876 57.58957943580856 64.87496382160316 147.3057935610236 5.216764557790157 149.389037539237 Oyster-Closed 0
213.74031898732937 114.96622995334268 208.4752519450849 63.33837547900506 305.77107884445286 53.415960721891764 311.0364729041685 105.04344912378431 Oyster-Closed 0
89.52902097492915 162.27772244042293 73.31636481695023 102.18425217950214 157.06149827095578 79.59105127956636 173.27450352373125 139.6839680459709 Oyster-Closed 0
413.88337701162527 158.57864389531986 298.3597562222931 172.03200240546602 288.23510323690425 85.08700792148244 403.7566400719661 71.63377013440075 Oyster-Closed 0
147.25298137651407 126.97189738372373 202.34016691310535 170.0598490350614 123.73744569591145 270.54443911246034 68.65107920873561 227.45742235122694 Oyster-Closed 0
416.33801029383176 166.8680622787248 416 211.74881499998304 383.2932944891654 211.50229719824947 383.6315473292416 166.62178903667103 Oyster-Closed 0
28.390198719625914 270.8561872686277 16.94529239357871 202.77162456366645 82.5451409798734 191.74540542686685 93.99077415555803 259.8290469253874 Oyster-Closed 0
