416.0006223079472 243.754706 370.5519525685668 243.754706 370.5526116119145 162.15205600000007 415.9999619374903 162.15205600000007 Oyster-Closed 0
282.4626227103472 269.8180758114262 242.13028519818909 249.99368327822404 285.9250885391739 160.90330140752948 326.25614699751895 180.72732001279994 Oyster-Closed 0
324.8285054754888 195.39659265191437 347.4658395856459 216.41206595232194 301.2921266677913 266.14432867203845 278.6550758605699 245.12914610646698 Oyster-Closed 0
419.72971393139596 242.0849981491141 416 286.51750000002284 346.1999076470602 280.65817813294404 349.93026700816336 236.22638445981605 Oyster-Closed 0
132.05997200001366 303.3848460000126 145.66502901406056 262.91877912098164 216.65673811751185 286.78308512071965 203.0526060347329 327.2483672182586 Oyster-Open 0
416.00071742986256 352.597804 352.1533852186658 352.597804 352.154297245037 308.49429899999996 416 308.49429899999996 Oyster-Closed 0
345.31528043693834 386.84049688707006 349.4832141762017 342.2378866525264 410.7047428393671 347.95727182227415 406.53776425636534 392.5590020399688 Oyster-Closed 0
197.6189649999942 408.315860000017 184.88667640513086 374.6659270708041 233.35701520628209 356.330617840925 246.08955106399299 389.9799619289148 Oyster-Closed 0
69.3922366926854 35.78317320592121 47.042650925690396 85.38350132772634 0 56.225936384942706 4.683136981544521 6.625713160596072 Oyster-Closed 0
156.58995452649833 79.85586243436022 141.50931097142166 33.358830730490524 232.91489450035806 3.712727306035105 247.99563000937997 50.20960336640383 Oyster-Closed 0
361.7122285808873 56.15622875661734 357.7373029612754 14.166659801688901 406.65842759262887 9.53555924641768 410.6334056994783 51.5250715918701 Oyster-Closed 0
153.41785217589495 56.401274807110994 151.70983731765227 91.67969625830875 95.96212561681023 88.98051792819817 97.67025999963153 53.7022216464926 Oyster-Closed 0
5.671711999988474 69.48134300000152 25.005900119722355 67.90313745433777 29.728695750807674 125.76005300976006 10.394508529512677 127.33825075257697 Oyster-Closed 0
165.7261148222642 69.56032058568535 240.57192178112746 72.98624785208123 238.35359046695157 121.44919790292741 163.50778401299613 118.02328445070061 Oyster-Closed 0
92.6994279999708 9.876814993949767e-12 92.69943502762908 23.039943362423802 31.575440954806254 23.03993665066508 31.57544765779312 0.0000053261139373584 Oyster-Closed 0
115.11628643503354 91.366797327309 127.85225115989306 145.2682398536848 47.146029258357885 164.33653304222537 34.41065650942619 110.43561329378397 Oyster-Closed 0
375.2546356456296 7.220573051063147 342.3119679165575 4.615192754593988 342.8830313941871 0 375.825697999986 0 Oyster-Closed 0
231.06951904880043 165.66649049055343 234.34582957126622 86.8705131305719 407.9744606362583 94.08930196502041 404.69979389685614 172.88355698091678 Oyster-Closed 0
179.29515599999286 0 179.2951620060594 26.140837063719303 132.52706534786557 26.14082898626822 132.5270729999902 1.6864493629125116e-11 Oyster-Closed 0
77.08934263648189 268.212349187352 28.420613381334988 225.39093659938635 109.592470874828 133.14271945923258 158.25994495684427 175.96319517598005 Oyster-Closed 0
