387.94993099593194 275.4161481360472 335.6582629469449 261.61952973426713 355.84238890374763 185.12884445767736 408.1324480102958 198.92523820030655 Oyster-Closed 0
249.55282879842343 289.3712666900806 212.5495144521483 265.37158719916533 267.5290204290286 180.61255110187437 304.5311831398176 204.61172858933668 Oyster-Closed 0
301.506400647555 218.63223642418447 321.31928582784894 241.4487169682693 269.10220489989297 286.7864038232788 249.2896926669855 263.97027577469186 Oyster-Closed 0
411.1838664923489 276.8409137266823 403.21495514957496 323.1779635638234 312.8399915615955 307.6363608911118 320.8097594533101 261.3004023961199 Oyster-Closed 0
96.23165500004689 309.03077999998743 113.71230408145493 269.5266931724739 182.24802933387036 299.8489988460059 164.76831304210282 339.3522938423482 Oyster-Open 0
307.9522494415978 362.80159482440405 321.4780453130843 319.1112694233648 403.9983289237134 344.65240651551886 390.4739141316568 388.3415534841737 Oyster-Closed 0
297.8866362022127 410.4728704177643 305.98233363067993 366.2560505267889 366.5414243088271 377.3407770093385 358.446795716216 421.55665566434294 Oyster-Closed 0
148.5528416611378 418.69545416525153 139.08307486438935 384.50541276100176 189.64935500452702 370.5036383273363 199.11950211560543 404.69304920707043 Oyster-Closed 0
67.2915457624731 37.54890136650921 39.92995369383061 85.49470330967875 0 50.57858897182808 6.107961590547347 2.632896278287803 Oyster-Closed 0
150.12458607904773 89.1199263894075 139.4370196012169 42.04023049912951 233.61459743867454 20.66093570002619 244.30232118313143 67.74041971062019 Oyster-Closed 0
356.90262788025575 83.6547558064432 356.61043678731585 41.65286875262948 405.48463171586627 41.31285666116057 405.77693393383015 83.31463395867338 Oyster-Closed 0
148.27066222634676 65.69900576945722 143.4777445304244 100.75118046747865 87.74749736195372 93.13072590797626 92.54053032398588 58.078688590813044 Oyster-Closed 0
0 65.457127 18.881253 65.457127 18.881253 122.21739699999999 0 122.21739699999999 Oyster-Closed 0
159.74523001216585 78.63539008103831 233.1431217726822 91.49037831403352 224.75627897312734 139.37565053281634 151.35840111644575 126.52072150868413 Oyster-Closed 0
96.45736751048389 3.3291237213008547 95.57510890184494 26.27880879430373 32.75733505817334 23.86386159582126 33.63961027797632 0.9141915794817184 Oyster-Closed 0
104.52834526916922 97.44122115378521 112.35484039661605 151.74124229451462 30.752007872928516 163.50203102310027 22.926094193117024 109.2025450573157 Oyster-Closed 0
343.3991792345005 30.750225793480652 347.8316213668113 4.9131886910995535 380.993469999994 10.602228000004773 376.56104666689134 36.43924741488034 Oyster-Closed 0
214.05018148787713 181.21953225392764 224.21225872729337 102.90285925236684 395.1373698001953 125.08022807993059 384.9773373251519 203.3949451890304 Oyster-Closed 0
182.4390852485485 9.016184038696919 179.03873738235052 38.28405584099894 132.36479975347902 32.861440379704334 135.7651689999875 3.5935960000116274 Oyster-Closed 0
46.06827155820065 269.38914456949595 3.274066316531389 222.58429239485918 95.69407360945843 138.09047129062722 138.4874278801508 184.89426603877578 Oyster-Closed 0
