393.6806425144496 287.42282803628854 341.91093898355757 270.33236153609295 366.517782012932 195.8050879294909 418.2858767270445 212.89526562028465 Oyster-Closed 0
254.84914781289262 289.3860490145812 219.09303483368421 262.55866807051154 278.81954962293094 182.96287416671385 314.57466199003466 209.78969981629746 Oyster-Closed 0
310.71310733743303 223.5877583495401 328.9727417344584 248.18385644334776 274.2579275511489 288.79786583098496 255.99871302293832 264.2021476407116 Oyster-Closed 0
417.807409156776 291.5105160413869 405.9854107196443 336.6806669151747 315.83836299940594 313.08953555708615 327.66107700671637 267.92050273845234 Oyster-Closed 0
100.56531999999788 295.8478579999795 120.93651568079804 258.3514292056197 186.99201515964887 294.23294104523274 166.6216687813976 331.7286386458332 Oyster-Open 0
308.38589706835046 367.7573906660109 325.34067904413314 325.7719305949556 405.5790490549989 358.1666916815383 388.62563891868194 400.1509878962036 Oyster-Closed 0
298.6776523896806 415.99994359640743 298.6788524526637 376.39241484220537 361.3459203088605 376.3940067281235 361.34558489401024 416.0006745140824 Oyster-Closed 0
145.79415999998673 409.7925310000212 139.26236465138572 374.7257573639952 190.57043992086983 365.17112005039274 197.10271092085532 400.23726779837585 Oyster-Closed 0
79.80974664404857 0.46428950091861537 79.48243419835853 56.73131355874561 19.353155073564267 56.381450340903484 19.680547483341797 0.11449934922348881 Oyster-Closed 0
166.3204776167804 81.52316863771156 159.71308794078504 33.498146205672256 255.24487927417795 20.354592925247832 261.85244495580264 68.37941441539041 Oyster-Closed 0
416.0000698210024 97.15833899999998 374.97786141846154 97.15833900000003 374.9779928358512 53.732333999999994 415.99996818314685 53.732334000000016 Oyster-Closed 0
167.0914226356872 58.0177159614158 159.34988966775927 92.31980414771682 104.64648980683705 79.97392523030558 112.38810485434806 45.67195303325641 Oyster-Closed 0
18.02596091975647 44.04716363229727 38.74203845316151 46.268585047422285 32.35913099711979 105.79249573386292 11.643055000004097 103.57108300000156 Oyster-Closed 0
177.131289845016 72.63171498290042 250.06257956541594 89.94129543211845 238.90892021411855 136.93467534353488 165.97765503878327 119.6251709364225 Oyster-Closed 0
113.10707301188813 0.6580359589079109 113.04866223590943 10.698209771602192 60.22285896735775 10.390877585339776 60.28127200000381 0.3507060000099731 Oyster-Closed 0
122.62124074157691 85.64965558574715 125.7029199193421 140.5267890501605 42.836729540467786 145.17955856215906 39.755543963048694 90.30290964951148 Oyster-Closed 0
363.2391492686147 40.06204254680608 369.8200198716695 14.87443046213373 402.0223960000003 23.288067000010376 395.44155361824596 48.47565399367054 Oyster-Closed 0
224.303058968173 178.48390579707407 241.0676953588445 101.78362706137548 410.72819680517205 138.86512287997874 393.96574592348406 215.56342460708532 Oyster-Closed 0
204.01696433721008 4.409262353012497 198.13933244656437 33.11650885915119 152.27090636179128 23.72521398242776 158.14854882849613 0 Oyster-Closed 0
52.6680261172005 252.0974586944186 12.9933578795426 201.4955564348555 110.1479261318309 125.32611782705982 149.8220803015538 175.9269779200372 Oyster-Closed 0
