363.5447837807551 245.73227589643778 354.4836863093333 202.0359196127824 403.04330999999 191.96715400001577 412.10471105961915 235.6630934947515 Oyster-Closed 0
252.67061658099192 284.3155053261621 274.95171263025986 188.14143717096644 373.72211091171266 211.02192109058217 351.44347535293855 307.1938505428259 Oyster-Closed 0
153.28813748949688 319.0502833518815 111.58087346133107 280.49595082678064 191.20224816433256 194.37413884299366 232.90835649528526 232.92750192437566 Oyster-Closed 0
209.9430961762373 235.25322242241435 232.94740832945172 261.31003924121416 173.7497565453632 313.565323031507 150.74596585994368 287.50900324985923 Oyster-Closed 0
1.2141262863187876 348.29090447034423 26.999715721616667 291.7048238490552 99.09239403785978 324.550423843823 73.30836500456644 381.13517876527663 Oyster-Open 0
403.53763034087024 291.80195816588866 395.52521161689583 378.0740109877 192.80532398820287 359.2411918930285 200.82223918663294 272.97398852412283 Oyster-Closed 0
374.7694978315485 360.6578857710334 373.9635168235036 408.28523655300864 237.7844087437661 405.9768639598027 238.59253820786398 358.35167644171435 Oyster-Closed 0
119.74184798142596 398.28752583353315 125.67411658126366 361.5247758832571 194.37634387949583 372.6078072056373 188.44504909655734 409.3696913777023 Oyster-Closed 0
407.98579091911597 83.64727016981739 373.5268420046632 82.22722554392007 376.9740338262636 0 411.43280100001357 5.323453398099562e-13 Oyster-Closed 0
60.616759057385934 95.02899155893932 44.386408037233196 40.742928103293515 143.89424311495168 10.992288130160967 160.1247474019583 65.27807697719544 Oyster-Closed 0
286.20514151389216 74.4957770669401 282.6832191878493 29.773061962218012 344.37095945845067 24.915120519215748 347.89299264528745 69.6377215298722 Oyster-Closed 0
45.42937284816435 142.13960959345852 43.53794371328695 89.85709072791117 137.9251213102507 86.44229523059074 139.81702632503584 138.72432219458975 Oyster-Closed 0
313.34554591186316 138.3137793546161 279.60172182546376 151.1490343292734 259.32144040924686 97.83324008069084 293.0648910807613 84.99806552556306 Oyster-Closed 0
225.11678339905848 0 225.11678919826227 20.67401436910123 159.56610582788198 20.674007798075582 159.56611200917177 8.282916723904968e-7 Oyster-Closed 0
391.09937220208667 125.49369393286818 401.6452659999741 157.64227699998244 363.5435295239404 170.14031206499934 352.9978283280907 137.99188983155932 Oyster-Closed 0
324.1482039696057 0 324.1482090000027 20.89018999999012 275.08448251372465 20.890185702201627 275.08448700000736 0 Oyster-Closed 0
125.43035355606116 210.00728516888304 120.34088165707362 116.57002044909345 311.1801699398238 106.17497174482 316.271996214673 199.60945298889808 Oyster-Closed 0
0 175.812355 24.419122 175.812355 24.419122 232.01405200000002 0 232.01405200000002 Oyster-Closed 0
