416.00022811475355 261.508344 386.83358767959726 261.508344 386.8339787566547 210.28350799999998 416 210.28350799999998 Oyster-Closed 0
299.0751798273159 214.95803441842745 402.25327700866546 213.70092873042688 403.4566853078977 312.46075131379007 300.2785884598743 313.71782802567674 Oyster-Closed 0
202.06508165957348 223.48757627949047 266.69915372207106 238.7828767634173 244.0596262918989 334.43939896564007 179.42566902777617 319.1444625313968 Oyster-Closed 0
245.6964854903199 255.75575163611407 275.4629904507492 280.82674534806915 230.32100893743336 334.4147262280671 200.55492570299612 309.3441887623711 Oyster-Closed 0
65.08079946094949 372.2892534555508 85.98379571700934 318.91591379747786 163.68416702217291 349.3395312793669 142.7828389454553 402.7114576552528 Oyster-Open 0
255.88079178675252 359.23522367440563 266.74714047470843 283.71115712610595 426.86170612867136 306.7436090602857 415.99939486762014 382.26392315608314 Oyster-Closed 0
416.0010825890131 416 311.15995955854305 416 311.1613150697085 377.5777220000001 415.9996409093437 377.5777220000001 Oyster-Closed 0
197.48622194309064 415.9999031659847 197.48717077514084 388.3733601564821 264.5227671829671 388.3752520461377 264.5224749882909 416.00113592505886 Oyster-Closed 0
353.1536690998473 27.103454357716785 381.3095906301969 14.3958757041478 416.7994543300556 93.02973263123089 388.6435776985236 105.7372524210384 Oyster-Closed 0
57.943315341399284 120.37966794641304 37.6769974463823 63.04768797620087 129.34553517787208 30.643962483892345 149.6120293475251 87.97555904366078 Oyster-Closed 0
275.1219256813165 93.48978268971473 270.2983370468428 47.76444360310295 332.8430030528216 41.16657863383381 337.6667416229684 86.89175197967472 Oyster-Closed 0
152.81221667915088 121.67064118427582 145.28943523035923 171.90141677056766 47.89454420002221 157.31471220380254 55.41782200950547 107.08451812012405 Oyster-Closed 0
321.82379315048456 153.7233544966917 294.2289095267952 171.27360722321282 260.7251768229253 118.59606404616471 288.3197365970191 101.04594993987922 Oyster-Closed 0
201.26139235265873 15.068924841809892 203.30732886792248 37.877254429285 140.3168424977739 43.527505907564844 138.2709461134109 20.71921388216236 Oyster-Closed 0
402.1182208313039 139.34636734746408 415.5851569999759 173.43917499999085 377.52842904087447 188.4709066534741 364.06172399999195 154.37829200001298 Oyster-Closed 0
305.3053923708321 23.13459991074624 304.1110410346482 38.89662851114057 249.34206322732643 34.74652220370401 250.53643500002727 18.98451599998731 Oyster-Closed 0
145.91426175538436 233.08468006678106 138.31874290451378 138.01772230947407 328.4491838178583 122.82716477707523 336.0472940057298 217.8909619540587 Oyster-Closed 0
13.206535029490624 199.68439662203514 44.99565107970193 191.55778615222638 60.89934421444559 253.76363677212183 29.11026692654923 261.89014358256395 Oyster-Closed 0
