363.40699186209895 276.98992196675596 360.87493432010524 231.79112806109256 408.89947800001755 229.10103500001435 411.4319894803266 274.29934691871046 Oyster-Closed 0
350.8488237804813 331.35421396784193 252.27516883457065 303.86517935691086 278.56382751392084 209.61771158295457 377.13309433241375 237.1060931525237 Oyster-Closed 0
151.1538358955986 318.2758246544432 112.91086033345346 273.77204992318394 199.12698155622638 199.69389584586563 237.36925060177236 244.19657162657649 Oyster-Closed 0
214.3092899553958 243.20036466415743 234.64195818070584 272.80961365289704 171.54297352964932 316.13298651401163 151.21093201594704 286.52429564527273 Oyster-Closed 0
0 324.2594205237993 30.057601814492955 273.05465335076303 97.98903268516733 316.48177030661896 65.25077831125964 367.68537423580415 Oyster-Open 0
407.66296606834294 330.725616128767 386.84460978075003 414.43388799927953 184.94722973239914 364.2231073274106 205.7691610642869 280.519920531886 Oyster-Closed 0
365.5618139971375 393.3716097071679 359.00772258047436 431.9035539863436 226.77022445325565 409.4121793638797 233.32576612119738 370.88197827681444 Oyster-Closed 0
110.4052709451862 392.47026538380123 121.67343433784845 357.3143678183685 189.06099654976424 378.9076560436754 177.7938248280443 414.06271011693565 Oyster-Closed 0
414.0890022249223 111.90446699885875 397.2200670915954 111.6100204160563 398.6621944042017 28.996861834824593 415.53096300000834 29.291306999999932 Oyster-Closed 0
77.8616884317089 80.66552445801588 69.52462624460532 23.512025029346102 170.01793435564105 8.852880833168822 178.35518857744682 66.00613809309655 Oyster-Closed 0
302.22406944302566 93.92111547372042 305.4905668047322 48.88409203461702 367.677935838743 53.39440543777002 364.4116314176499 98.43125208984466 Oyster-Closed 0
57.91570974853312 125.1001277411582 63.952975013078685 72.93163746745813 158.70049990938423 83.89606211215212 152.66373373489841 136.064098759192 Oyster-Closed 0
324.6684678571546 160.95688508807515 290.61911152363245 170.2509796597539 275.2549896386263 113.9650370188632 309.30387625787625 104.67101144976449 Oyster-Closed 0
250.22322451694345 5.70463033078385 248.25458460482696 28.164519157857175 183.10080312394712 22.45366627361408 185.06945911356524 0 Oyster-Closed 0
404.5945184792945 160.54763093327284 410.5175029999846 194.57388899999165 370.61424806838477 201.51919118293688 364.6915076276746 167.49314424272217 Oyster-Closed 0
349.2239595801075 17.33295327519198 345.8720750000066 46.161189999976685 293.8915581218025 40.11732494788242 297.243475999996 11.289126000005629 Oyster-Closed 0
130.1398103800093 204.96971225703942 139.2317562356111 111.36642486289371 329.4251036249552 129.8391689198273 320.3360829612211 223.43956094353612 Oyster-Closed 0
32.02904878807021 210.82834748991857 0 210.42217698572784 0.3877729474370426 147.25816309294459 32.819825913091336 147.66432962920393 Oyster-Closed 0
