214.7609679957568 253.966554444968 220.8339341107676 213.2891149235673 275.20732012278677 221.40601073628534 269.1348791199307 262.0829772480388 Oyster-Closed 0
371.8541365447418 239.63852597297148 414.0864697299221 217.64946392223922 437.97266176339326 263.5208729521276 395.7405048467008 285.5096832381323 Oyster-Closed 0
281.6137591501356 204.08503790087045 406.53829532459713 235.03579327407522 378.49059328725707 348.2281804473609 253.5663727450119 317.2783015436123 Oyster-Closed 0
164.55285914818523 207.8435377761651 227.00254007794138 242.01546399909327 170.54110358223988 345.18543795950495 108.09210946438907 311.01448626837947 Oyster-Closed 0
205.55525352774566 254.18225812172372 232.80945926316053 287.98968281737194 169.3378682579605 339.14912184318916 142.08443506955518 305.34241516241616 Oyster-Closed 0
418.3949711440255 328.05322680062454 415.88833210663506 413.0324835260774 167.3557114666255 405.68904040089313 169.86894515949825 320.7164240080385 Oyster-Closed 0
22.696814000031736 324.579558999999 71.97296604656367 321.13466176849175 77.092951501465 394.35572671816146 27.816807207414968 397.80054409486826 Oyster-Open 0
270.3884470361445 371.6493108201978 275.9803355021395 402.0688363653198 179.16813609469318 419.8587689002505 173.57743480641147 389.4403021609995 Oyster-Closed 0
387.323949 6.405405 416 6.405405 416 87.232403 387.323949 87.232403 Oyster-Closed 0
281.4411897452519 69.99676445205336 286.2157827934425 20.243038277082498 360.2280145706063 27.345532025952153 355.45359272158385 77.09910017918294 Oyster-Closed 0
127.43109900000127 106.35037306677916 100.880522823496 157.33371338136288 0 104.32026470257657 25.632025830931525 53.33751413899915 Oyster-Closed 0
314.68415755834576 164.30697315165244 247.90740118519534 146.06226260357985 270.73868352211866 62.50289574615857 337.5142650000198 80.74743000000458 Oyster-Closed 0
416.0002346873043 185.818357 369.94813363881985 185.818357 369.94839379204495 146.31781500000002 415.99997285676 146.31781500000002 Oyster-Closed 0
91.18355821361911 210.4161015680354 105.31274963873511 99.13859663796832 329.9533661314308 127.66004386474393 315.82841903952794 238.93341201161016 Oyster-Closed 0
