206.88619893408395 261.4897138256836 215.87697035006568 221.666790392096 269.614378944123 233.79773026893946 260.624161295611 273.62017037065436 Oyster-Closed 0
380.03593420021207 305.71127480947484 364.70812532641867 254.92195811763725 414.7101384139096 239.83364771869472 430.0383071279648 290.6223359080097 Oyster-Closed 0
276.6175435512414 217.51399775472777 400.1714231378937 256.3100694476307 365.4878276871641 366.75043222093205 241.93446388889788 327.9555144854238 Oyster-Closed 0
159.43770554816 212.00123031745233 219.98946723440167 250.51207023150056 157.5470188678628 348.6781324405497 96.9961198926976 310.16839417657786 Oyster-Closed 0
197.947984637809 260.93184584004314 222.82878144507777 296.84965904886076 156.37640453614222 342.87376670730873 131.49646823488 306.9567227578395 Oyster-Closed 0
420.38559020701723 351.9583202499439 412.4738120926195 427.3134015218279 151.27661721869663 399.8815559933616 159.19413017627448 324.5329465653806 Oyster-Closed 0
14.808881999982987 317.9526300000002 59.2376868213978 315.8837999665361 62.488679246864194 385.68549093416146 18.059877350660827 387.7542761965887 Oyster-Open 0
255.9231218219429 382.59752273526016 259.17535856525865 413.2954113684036 161.51143739800318 423.6375044794735 158.26036816483247 392.94070441244185 Oyster-Closed 0
391.550221 29.409686999999998 416 29.409686999999998 416 109.62628899999999 391.550221 109.62628899999999 Oyster-Closed 0
284.16543004216146 83.7727746961181 292.57151749890545 34.83859600391416 366.2395049732331 47.49342936731852 357.8336556620998 96.42739699372696 Oyster-Closed 0
128.31782156875488 108.31720913066444 98.64184568127166 156.86013946902298 0 96.53626535402968 29.64110175525275 47.99389027035873 Oyster-Closed 0
312.23626754434736 179.78531491401176 246.2882033483911 157.30962648204675 273.914858711938 76.2523028215879 339.8616780000084 98.72775300000453 Oyster-Closed 0
416.0002784330536 209.00403899999995 367.5556566165651 209.00403899999995 367.5559644266832 168.86557399999998 415.99995389680043 168.865574 Oyster-Closed 0
85.15716296746541 208.76389806379228 107.32849041929148 99.61494448616051 330.4251527933884 144.92987111429736 308.2583863541695 254.07461256859233 Oyster-Closed 0
