181.6970974491087 261.67744207227514 186.49396623222856 220.23275763512817 241.6357087838769 226.61425175831297 236.83938454897725 268.0584366210286 Oyster-Closed 0
357.17765307113586 285.16519347948366 337.8580707530673 237.97437357770931 396.8670649208725 213.81909261829136 416.1868792056266 261.0092505623346 Oyster-Closed 0
218.1484529222398 322.9216664683664 246.49692755624346 206.87849698173213 368.6269072022551 236.71032973305842 340.28258039928187 352.74992848988364 Oyster-Closed 0
106.03825800830964 350.47272205048904 57.84614095420329 305.22512179837446 144.64128536385033 212.7966865687309 192.83177939447341 258.0428699255663 Oyster-Closed 0
171.13276745528128 262.3431451734611 196.68485170542772 294.59106137052754 129.2335852878241 348.0272597451294 103.68230521572332 315.7800872902269 Oyster-Closed 0
124.34791754114485 415.9967407016422 124.35431228066227 328.7683417713581 389.0125684283703 328.7807884675861 389.0137175335949 416.0015395494293 Oyster-Closed 0
0 340.486762 32.41097 340.486762 32.41097 403.328126 0 403.328126 Oyster-Open 0
226.69796391692216 377.6116050241411 233.078802945176 407.2076955064559 133.7706244034489 428.61009559602286 127.39101208270586 399.015079076141 Oyster-Closed 0
407.0068743169795 95.40430874759711 365.6205927301635 91.99468133316155 372.8314068143045 4.471434809980091 414.2174130000203 7.881052000001732 Oyster-Closed 0
263.282303270149 75.15526746296297 266.38024130732083 24.838296356852442 339.4459037830966 29.336779131109292 336.34814408119564 79.65358356484776 Oyster-Closed 0
103.74334869023369 116.46808602461746 76.60860615030106 170.12066283920032 0 122.4176068483348 9.420700819289777 68.76565809796162 Oyster-Closed 0
286.90062358789146 170.20797452322736 223.47818164094133 148.2773631594635 253.34127166756662 61.918855572837764 316.7625230000158 83.84923200000101 Oyster-Closed 0
397.54323808248955 192.08904787165787 339.9071668412762 181.66502198625435 347.1589994999995 141.57220517093492 404.7944046049415 151.99616983289732 Oyster-Closed 0
66.55765696700473 222.85453306316452 77.07082587989134 109.82524534526245 298.9705455246185 130.46323087064644 288.4616996695113 243.48819389666087 Oyster-Closed 0
