227.53092241451304 259.05776320907717 264.05017163194134 175.51304057654778 379.555752854958 225.9980505519862 343.0391100618908 309.5405708406299 Oyster-Closed 0
381.1569403506983 324.8041006430358 369.5243718246893 400.6059375632775 121.09401014057948 362.4766874478985 132.7313023152201 286.6804080816827 Oyster-Closed 0
0 244.688609 116.99223000000002 244.688609 116.99223000000002 398.742391 0 398.742391 Oyster-SemiOpen 0
247.01462299998093 415.9999999999795 247.01874458025122 362.21331750739273 389.5638617041077 362.2219460051408 389.5623722831733 416.00600738155293 Oyster-Closed 0
85.99266931027523 403.76974493378543 92.76107898530972 345.64816850697815 211.70659697636802 359.4955779989497 204.94075032310866 417.61478979459923 Oyster-Closed 0
89.59281243436999 61.71579154040138 101.29259012248076 0 291.77013010497103 10.754889827048512 280.07091053629847 89.87979598638846 Oyster-Closed 0
413.0186079255509 128.1125197048225 312.9372887663376 125.78311446370341 315.6134539999839 10.845018999999919 415.69332520095486 13.174407027914107 Oyster-Closed 0
332.1128592812056 39.40246050317087 362.22488451804384 88.68580879167253 305.61572293897916 123.2732427977698 275.5039653512795 73.99012549503479 Oyster-Closed 0
410.57904778721786 232.9669559907266 310.4518477959173 230.6365850019114 313.3433458037798 106.49867888807799 413.4666809803857 108.82900369376785 Oyster-Closed 0
308.5085974905196 73.38377282309102 325.691459316331 213.8119154116448 120.49722606107389 238.91332991879273 103.31872090743491 98.48905006782701 Oyster-Closed 0
121.82594772197263 261.5754252412982 0 238.06477952776007 23.593492464133305 51.23929274409029 155.19785400001638 74.74923800000013 Oyster-Closed 0
