261.5163284854898 293.66026933261946 227.75270450132666 217.0887099625283 352.0571568790074 162.28182157875491 385.8214434420079 238.8514020590897 Oyster-Closed 0
380.0123182535899 288.96579849736696 379.5300187379071 365.4983345780403 128.35396214577122 363.9028724879754 128.84175319871065 287.3756810801297 Oyster-Closed 0
0 267.036977 117.19820199999998 267.036977 117.19820199999998 414.169739 0 414.169739 Oyster-SemiOpen 0
249.6500459999661 404.62412099998494 245.37459179003417 335.7070232024247 393.37781424927744 326.5252130681006 397.65634321010293 395.43904497349257 Oyster-Closed 0
93.72576200002004 409.6806339999874 91.98535927918783 351.4725438095031 212.0852885569584 347.8817388049089 213.82793453742488 406.0874567954413 Oyster-Closed 0
75.02986775551472 71.63430792366637 75.09177516974523 0 266.2940522157878 0.03434106921713473 266.23256765815313 71.79849184752159 Oyster-Closed 0
412.13706599977013 0 412.1372470235947 90.77971970244465 302.86430798858055 90.77950954884147 302.8645460000189 8.879313531975774e-12 Oyster-Closed 0
312.96387063205475 14.566030563245056 347.15701075906327 58.35250906711501 292.93283568454353 100.69611514830547 258.73986123246505 56.90978570020325 Oyster-Closed 0
403.8237735565417 194.26329344835108 295.1006214106055 189.29610410756806 300.2470125618638 76.69127177511756 408.96716951464623 81.65839135851569 Oyster-Closed 0
284.770665340071 53.30025452443708 320.601906374628 187.03069391417307 118.39840392110273 241.2015168871368 82.57134737352317 107.47462902459084 Oyster-Closed 0
117.49698032703964 271.18490473981973 0 257.25036181563314 8.939998911206203 61.044012304095055 138.5818539999782 74.97809199999773 Oyster-Closed 0
