256.37919934650563 298.89082270737646 230.3144909874536 218.3038529728028 357.9692094558959 177.01880910292772 384.0351423844986 257.60362071506484 Oyster-Closed 0
373.4843216477966 307.473596875688 364.3399330406319 384.23619727221455 117.26558134085644 354.7964680379382 126.41479269190313 278.0392307062482 Oyster-Closed 0
0 242.636504 111.498604 242.636504 111.498604 393.164424 0 393.164424 Oyster-SemiOpen 0
239.28506800000832 402.6982710000031 236.63358612657612 352.04662151043846 381.7304180860847 344.450607651455 384.384189989476 395.0998433885254 Oyster-Closed 0
79.33777500001815 397.0661959999898 84.13727841423315 338.4121060174864 201.24693145139827 347.99190310640085 196.449847782289 406.6437096524162 Oyster-Closed 0
93.92833731972132 55.06513190932299 102.09152565139811 0 290.51181398011613 4.512929739140301 282.3490445212956 76.44673923198691 Oyster-Closed 0
411.410294081772 109.63872919969187 317.38055837661886 106.35514654828626 321.15685641944583 0 415.1857331802312 1.5157833850220415 Oyster-Closed 0
334.1122684272923 24.250092979276985 364.17437369159234 71.58455230443303 306.6060663304597 108.14569296814254 276.54417471655324 60.81141860670314 Oyster-Closed 0
407.73541736864354 214.90091832896664 309.438955060461 211.46846608103263 313.6867580371436 89.88121934015992 411.97985912697914 93.31361100632367 Oyster-Closed 0
302.9539577545147 59.90166146523194 324.67377577515435 198.3671647123441 120.2380229158698 230.4291929628883 98.52227643287551 91.96725789582081 Oyster-Closed 0
116.79912795839482 258.87921371970424 0 232.21544615371533 27.471277587657823 38.868390070844605 156.69109500000195 65.53133300000397 Oyster-Closed 0
