364.80915850370366 0 364.8091827269345 40.68996456111181 286.08867534906676 40.68993142910087 286.0887060515379 3.8031107695716926e-8 Oyster-Closed 0
155.13086867130914 352.1632412991718 17.203140058405552 313.11768747327017 64.38255987484081 146.49767375424182 202.30046720594328 185.54175433460543 Oyster-Closed 0
79.41625999850294 318.30219733474115 84.81565936538027 199.5303960748009 369.26953361798587 212.45552411229508 363.8784189297694 331.2192396017136 Oyster-SemiOpen 0
188.20122977938445 362.98895288377474 205.36782256846345 310.0568216875831 278.01476606891083 333.6122838536703 260.8496312039497 386.54317429622546 Oyster-Closed 0
266.02380600000834 398.17673700001586 261.11705747470114 321.5463577295161 390.3837380894802 313.26901057822965 395.29336925573443 389.89643161712877 Oyster-Closed 0
415.2243170000038 0 415.2243573617452 66.75562596176691 369.3418357886403 66.75558060349447 369.3418810000221 1.1737439482605926e-11 Oyster-Closed 0
228.0536929527443 0 249.94742590270107 53.99234499276341 145.05238139492576 91.7219443358234 123.1589442212462 30.85448010687999 Oyster-Closed 0
237.48714781780654 137.74667122261386 184.612733670132 126.43058887439705 213.7012699101033 0 266.57498664517334 1.8335641099569155 Oyster-Closed 0
314.65163004296846 112.748283722091 314.6277150427086 32.11219987397004 412.2370893323168 32.0832644061908 412.26152063556583 112.71879739772223 Oyster-Closed 0
384.8180552705089 221.9051916746555 326.1081493513884 205.40459885371877 354.1076528940939 105.78972839573075 412.81590914458866 122.2900753627903 Oyster-Closed 0
351.2820010000614 226.50109019142667 297.4340353773405 245.34337544962352 269.7835018077203 166.32666843920117 323.62999180191764 147.48467054717116 Oyster-Closed 0
