338.53431668993653 61.78041738617955 252.15585405895035 46.10069137705963 259.7806081345698 4.097317740024218 346.1588555783055 19.77702281419698 Oyster-Closed 0
201.08307810452607 369.2043465279103 53.54840418542517 357.46504688581814 66.45928417465984 195.30953463254875 213.9824127904576 207.048380953776 Oyster-Closed 0
105.2667491088323 344.7363368790446 107.83647928969731 226.6703793797572 401.85355305159464 233.0630653089624 399.29288443129553 351.11998363831276 Oyster-SemiOpen 0
233.3561837208399 386.36237790504475 247.70992216706145 335.43327850976704 324.9918446336851 357.20895850904947 310.6396711042689 408.1367165015797 Oyster-Closed 0
416.0017463151489 416 317.30316079124896 416 317.30637626310636 335.7386439999999 415.99984494544333 335.738644 Oyster-Closed 0
407.9793368435203 89.68288093223899 351.57195988236344 96.38090341840908 342.2573710000215 17.93694899999945 398.6643668669749 11.238947911808447 Oyster-Closed 0
191.3050846531296 0 232.12726468284382 56.57302739215105 141.1539835300573 120.25723744341576 100.33219498876133 61.943614154804195 Oyster-Closed 0
239.20215252115668 161.32291420219522 184.01423672533565 160.7240103214919 185.50989013403523 22.94919129356469 240.69666742575646 23.548089339825502 Oyster-Closed 0
305.6469770520016 134.72857780092954 303.73164724766684 54.00129742583613 409.3548949064934 51.49538449201417 411.27091338842365 132.22187826995975 Oyster-Closed 0
403.68977907245426 237.5939312344748 340.9350207427815 232.7279714358813 348.58693681869045 134.06333356219972 411.3396427712614 138.92921267463223 Oyster-Closed 0
371.3707977612394 244.21752313971336 328.0284296339487 272.7856555924849 276.36474049901517 194.40958736708382 319.70591238555426 165.84199379696636 Oyster-Closed 0
