291.7226617893102 16.787064173720033 313.74262626073323 0 390.73268528392146 14.486782623422627 368.7127814398373 56.827176207989 Oyster-Closed 0
161.9942791551548 348.9960833602989 23.115398559264577 305.7020185398674 73.4396727328276 144.30827499895375 212.30920395382054 187.6007831842217 Oyster-Closed 0
82.55781709112125 310.6435344933108 97.63483926564004 192.77047410706365 383.2680785680823 229.29682599127042 368.20002634400953 347.1616375229084 Oyster-SemiOpen 0
193.26475331691836 364.5983937174099 214.1240584532461 313.91008816396334 285.61114694164644 343.32228748120565 264.75328331085257 394.0093704051017 Oyster-Closed 0
272.4576069999857 402.10165099998784 268.98715594434907 335.8126261197599 396.3907860374893 329.14203154302936 399.863799953393 395.42844918595273 Oyster-Closed 0
416.00007159848974 80.559745 382.9884837688187 80.55974500000004 382.9885886211814 2.68103 415.99999622851465 2.68103 Oyster-Closed 0
244.2324510605722 0 263.99614156904863 56.544500590285075 157.31568985842023 89.78006242356349 137.5522985544485 26.34311309715917 Oyster-Closed 0
248.40140226174844 142.87695379580165 195.2342025995531 130.11142859761063 227.54406833840403 0 280.7104627972258 8.312663619054282 Oyster-Closed 0
324.1342452493336 123.95234923390998 330.71578285593205 43.41000492781318 422.5808944310047 50.91675399030088 415.99998156206857 131.45848365754892 Oyster-Closed 0
354.8120415241865 135.09379617155145 416.07201878911656 135.23582076871418 415.8454388746468 232.962257071621 354.5854615331482 232.82023471372227 Oyster-Closed 0
361.31862517645277 239.15098932818486 310.60858699307937 259.7981706970322 277.3265618221012 178.06146213725404 328.0350971086191 157.41463077122089 Oyster-Closed 0
