218.4708066929452 237.30102181847997 297.1611086557423 215.68570550627595 322.8899520000123 309.3407029999945 244.199865618044 330.9555153640625 Oyster-Closed 0
74.43484809599977 255.66063627919598 188.16969831184178 194.13985681066654 247.65580163373306 304.10102481236663 133.92228424925634 365.6198893212097 Oyster-Closed 0
85.86155441101437 399.2890694964343 80.62812408163882 322.6635652468044 221.49248245198032 313.0438913451753 226.72904586877485 389.66591775435285 Oyster-Closed 0
28.814270303584635 402.26597388440547 32.19313250872801 349.3169170996877 91.02727514764047 353.0702607922566 87.64950875885552 406.0182896889204 Oyster-Closed 0
410.37106460619543 89.38913998100948 307.7055782739626 83.40957608347338 312.3798641369285 3.160003666170907 415.04475468362944 9.139551658448596 Oyster-Closed 0
55.80361334889312 121.6682103735936 72.6250119243632 40.37452750194559 153.44719397497101 57.09824076960624 136.62641121023626 138.3913734607506 Oyster-Closed 0
403.9227335049691 200.10477307301954 351.97493517038674 197.07928236399155 356.180342919135 124.88559257283413 408.1271051689073 127.9110537132415 Oyster-SemiOpen 0
131.61760998585305 117.31277046749621 199.39150920136672 107.8519918633691 210.19210668718733 185.22133898232994 142.41822906560992 194.68202000668362 Oyster-Closed 0
127.0733268586664 110.74998189428503 150.4473105408033 189.35415726946792 37.42722087452057 222.95871771628975 14.05483296692546 144.3559041974317 Oyster-Closed 0
411.24561297119 211.02576901024577 378.89489400919774 260.9632687723855 301.68700077850735 210.94911072972502 334.0376002404191 161.01243589656838 Oyster-Closed 0
