353.6288217137808 293.0875822187189 285.0220894259983 328.8420927662795 236.16326965332337 235.0999123463578 304.76732685618845 199.34624057706748 Oyster-Closed 0
97.38360316659237 264.7837255959975 198.6448153155834 189.28987154110615 275.630919805375 292.5414411574721 174.37176993721732 368.0328857884117 Oyster-Closed 0
127.36566953527654 406.0365704217957 114.56754336754602 330.10689104266874 256.367530549971 306.2104597430143 269.16834266135265 382.1366229572473 Oyster-Closed 0
74.13412477173551 413.99425365316023 72.25614042710367 361.2430666234415 130.75017189943537 359.16100839918744 132.62916704721283 411.91115462043655 Oyster-Closed 0
414.31430307924165 0 414.31441537743376 70.83207304702627 298.36433561040394 70.83196101319616 298.3644486160156 0.000009994252934270516 Oyster-Closed 0
56.62311442039572 133.99547660267945 64.97257886864463 52.463883701431065 147.70685365273312 60.93644654755102 139.35803113667862 142.46743238536033 Oyster-Closed 0
416.0004471567736 176.73122000000004 361.684492559496 176.73122000000004 361.68497821222627 105.40026500000002 416 105.40026500000002 Oyster-SemiOpen 0
133.02596200612243 123.60369620041067 198.0439302713312 103.83548743011103 220.96400922084285 179.2175910206957 155.9461337092689 198.98559331983685 Oyster-Closed 0
130.12024601989106 115.0058450659383 161.88304653913656 191.95410693041015 52.039563580357935 237.29110547762122 20.27843765163925 160.34426580421376 Oyster-Closed 0
425.1969162226342 186.90289409859048 399.50488260369457 238.7286860113734 315.90676282907225 197.2876472140866 341.5989657025093 145.4626382468896 Oyster-Closed 0
