330.66536159777024 331.852744905258 260.1516479916354 361.50945693115403 217.99613229139868 261.2902394039576 288.50644034354264 231.63433146436506 Oyster-Closed 0
77.16223695559165 275.27932699481073 183.1167507176251 209.8002667335575 252.23415570798898 321.6278320579106 146.28138059417688 387.10460607606177 Oyster-Closed 0
90.28618572390042 415.9998766407948 90.28908279605457 340.90358211992515 237.91281397372222 340.90783516929906 237.9136105852922 416.00039404725396 Oyster-Closed 0
43.054792382718006 415.99999266440057 43.05621338462515 371.8923048978563 102.1377942365034 371.89398218286885 102.13727752981504 416.0007709841971 Oyster-Closed 0
300.38517357171804 106.73550735660719 293.1363271554328 27.732835449976985 408.9993923915172 17.101718834755413 416.2486848765366 96.10396160495144 Oyster-Closed 0
45.71153157705339 139.951826070111 62.90397812627998 60.02795193129154 144.47614830582097 77.57474173262183 127.2844471831122 157.49795266496275 Oyster-Closed 0
403.85468001174013 223.4917282056141 347.66037249980945 219.89082818952616 352.3009346215913 147.48708930685393 408.4939551766911 151.08794880868285 Oyster-SemiOpen 0
123.53111500633531 138.8677885068946 189.46226440105966 124.32720313676589 206.62803244556562 202.15836758597482 140.6969409854173 216.69877994453452 Oyster-Closed 0
145.9176575299789 154.70697591057947 136.7166361366253 231.76284744832512 8.24330775843191 216.42108172110142 17.445738990245445 139.3668542509322 Oyster-Closed 0
411.9390033882846 234.5850889732087 381.5464767102021 283.08324265239474 299.480453707165 231.65843767648062 329.87290251669765 183.1612093829171 Oyster-Closed 0
