12.189161127043917 291.97427619253983 0 205.87635227763946 153.1716517860732 159.98327951390158 177.1307261975562 246.0783472634764 Oyster-Closed 0
239.17293871828952 255.8378789615564 222.10680396675525 218.37041494525 308.03413431442823 179.2341110650292 325.1004582065252 216.70090909084956 Oyster-Closed 0
110.56754805417586 66.67090227712285 85.37221380718984 24.268283765986556 197.57583486607837 0 222.7710950264518 0.00021546227212449642 Oyster-Closed 0
100.67481636596494 414.17451115140096 53.24364739865268 309.51896842009455 268.85518466432404 211.81843574536276 316.28798269405524 316.4665230813363 Oyster-Closed 0
375.0859068868813 274.9341392192085 416.05809057149963 286.88238924193223 387.1387348876997 386.0327731935088 346.166696999986 374.08487799999364 Oyster-Closed 0
369.5076536998022 104.38769538772748 256.3371843936475 134.8713390721811 222.057328270188 7.605994420613868 335.2262083458336 0 Oyster-Closed 0
0 49.15713 52.871295 49.15713 52.871295 195.327946 0 195.327946 Oyster-Closed 0
270.0439250472591 99.83021281160998 241.1571479900631 168.09439243203002 109.96596439184941 112.57923868069209 138.85307338033454 44.31591315092478 Oyster-Closed 0
31.35633247318401 189.71641285607168 42.42848615751063 67.47949890337102 184.7294905467861 80.36892419399378 173.65962221133304 202.6035910284025 Oyster-Closed 0
297.8264996590733 133.69743865740585 311.6513413796165 179.8284162097634 243.9620361885136 200.11241288589125 230.13775500000338 153.98191399999368 Oyster-Closed 0
