0.25298486561950995 262.1456517735587 0 169.9587719456828 168.43819655360494 169.13308104420582 168.89181562745216 261.3170547728633 Oyster-Closed 0
229.77790037499653 288.21271147704743 222.3739524382363 245.7503001820677 312.1494633643488 230.0978757460424 319.55410482385196 272.55941252574854 Oyster-Closed 0
136.43528730496473 64.93744516816501 121.833626776257 16.035479873606967 273.6990018740689 0 288.3007001889491 19.591565124472368 Oyster-Closed 0
277.2100070574961 257.8313865821603 289.9872522428632 378.0129418040338 66.77266678386877 401.7282804734546 54.00410113790713 281.55478857159744 Oyster-Closed 0
388.95434103352454 420.7827884182234 325.60928000000786 416.00000000000165 330.4721808254726 351.63389738216864 393.8144958096018 356.4165821691376 Oyster-Closed 0
381.2008549317179 168.5630501659553 267.81258603063543 179.0948729652988 253.02632000831727 19.889010741519762 366.41146823521194 9.35733784548761 Oyster-Closed 0
0 0.447128 67.728616 0.447128 67.728616 162.687752 0 162.687752 Oyster-Closed 0
287.71814823629757 142.24815820653583 244.33166035854083 198.68752589570795 125.81564941333272 107.5824708293983 169.20177020490883 51.14398305122097 Oyster-Closed 0
30.622655668288644 161.64520993272072 73.73070642820312 48.07240285981812 215.41692630404577 101.85039594077382 172.311316981024 215.4210921265394 Oyster-Closed 0
308.82888432517575 182.29833059979998 310.1174667453197 232.06121252441292 240.3618220537901 233.86663531000394 239.07389000001422 184.10439500001934 Oyster-Closed 0
