7.976659685864433 282.0402663842594 0 191.30861501372 163.4233792925952 166.89649411620016 176.56463445904592 257.62513543816095 Oyster-Closed 0
239.4535378291148 275.7412689080926 226.46498499486552 235.0828032447508 313.8666404501673 207.16428617676218 326.85562491144447 247.8219690726968 Oyster-Closed 0
121.62665049485076 68.03012406311805 100.4443638812445 21.142819331075085 244.31044962522355 0 265.4927608598009 3.0354320195955333 Oyster-Closed 0
281.26590048456274 239.6412834061689 310.1785297103306 355.9741026198414 90.08002579995082 410.6545167217574 61.17631681471539 294.3295010247255 Oyster-Closed 0
401.6609698407083 410.64722781923393 341.4369809999771 408.5446259999999 344.539244523603 319.77178147101466 404.75985173127265 321.87432481380256 Oyster-Closed 0
376.4277059807573 137.513923051932 264.24647486182585 160.8101324063476 232.81316152667569 9.442001396112193 344.9921064864502 0 Oyster-Closed 0
0 23.223569 60.80785000000001 23.223569 60.80785000000001 183.254496 0 183.254496 Oyster-Closed 0
280.0561956101337 123.3512651255939 244.13342977662978 185.76531803177332 116.30553614456585 112.19384957973016 152.22834132725256 49.78070134453042 Oyster-Closed 0
29.543341598531697 179.07425128209198 56.684351571173465 60.04443524720113 201.91615956206442 93.15938581514696 174.77766779850208 212.1869344539429 Oyster-Closed 0
305.1847451912872 160.3018314777098 313.291146934509 209.10910090775502 244.7295353360496 220.49510205945285 236.62377300001026 171.68840400001977 Oyster-Closed 0
