344.9132335868235 242.7225027431523 343.6170009071793 304.3015048059566 140.23314796921477 300.01431264875146 141.53229486489363 238.43826691385343 Oyster-Closed 0
391.3912769991075 280.4221667464467 407.5116438888981 310.0015582940339 311.33320915946024 362.4063067630037 295.21389966569404 332.8278230071744 Oyster-Closed 0
66.06354052563984 351.8747338778486 95.79586013533844 276.57770569378255 196.72403080052754 316.4234737620002 166.9945558356667 391.7180852468834 Oyster-Closed 0
0.3763450724181894 409.93287251056717 0 342.2944805826463 143.88996104006947 336.6993238798613 146.48355865042322 404.33433791232994 Oyster-Closed 0
68.07906521856785 101.72182879275874 56.5170768696662 11.471750143133605 259.9614764736725 0 271.5240391539701 75.65727290080163 Oyster-Closed 0
270.4569541586243 110.40623988079376 260.05973442711183 10.433511125932819 413.71472691066447 0 424.11259158508983 94.42512651666507 Oyster-Closed 0
0 3.063319 46.864796 3.063319 46.864796 134.260131 0 134.260131 Oyster-Closed 0
91.3383194074595 160.8701745168862 82.83857604863442 83.96291828276236 234.43829389325037 67.2082222701168 242.93905378868658 144.1141843237598 Oyster-Closed 0
266.9853802222751 188.4408227712198 191.2353100130058 158.58692544237886 232.66498771468468 53.47083189973641 308.41345870600344 83.32437551807494 Oyster-Closed 0
395.550674240254 265.7519100278007 298.2524691258659 261.0563108173544 307.2672826904345 74.31981143794884 404.56061097271595 79.01530174668517 Oyster-Closed 0
315.93292761871635 201.2226563825266 294.3823647616118 260.769612353104 115.56070983584505 196.05320739813197 137.11222713819734 136.50812761410876 Oyster-Closed 0
