356.22518493132156 275.6048922836824 350.6719167655865 336.70600989453936 144.5972352917488 317.97230440152055 150.15345321763743 256.87446492473066 Oyster-Closed 0
0 311.610571 18.456049 311.610571 18.456049 356.177726 0 356.177726 Oyster-SemiOpen 0
402.1642641153012 316.5012880584515 417.86058347467406 348.4649274305398 325.20969492374934 393.9510703577194 309.51458297860154 361.98845851507656 Oyster-Closed 0
76.13301291345851 363.93416435149874 108.22831305617729 293.3417322856174 212.49889480040656 340.73910069971123 180.40655315781623 411.3290121704662 Oyster-Closed 0
0 352.906433 154.250051 352.906433 154.250051 416 0 416 Oyster-Closed 0
63.816753538729245 114.32166433058723 57.84611478147781 12.634185879063681 255.39314281243787 1.0349797166074777 261.3647420574671 102.721137888061 Oyster-Closed 0
411.30350784901384 19.91609549985556 434.13392544033195 123.54964369151725 278.8829061433171 157.74921750190404 256.0539433104641 54.11690219385919 Oyster-Closed 0
0 11.695281 45.069001 11.695281 45.069001 142.228938 0 142.228938 Oyster-Closed 0
88.41858747673177 175.45437729062277 85.21271422841892 97.13851642566931 235.13352485942232 91.00127377722336 238.340718852196 169.31565836091266 Oyster-Closed 0
224.3249368889592 84.48133200998917 306.46116582033574 107.90275039502112 277.1735148357002 210.6074395254396 195.03744007548084 187.18634851966766 Oyster-Closed 0
418.65732974256025 299.539420009981 325.4085233393889 314.6276071235307 293.73476891242535 118.87355202607178 386.9774146813397 103.78584543877659 Oyster-Closed 0
322.8109104372488 232.03937568691757 299.10995682660723 288.0455839134736 116.53682642219792 210.78596077766832 140.23855779937367 154.78181835248773 Oyster-Closed 0
