388.1129691558199 272.14082957046077 382.6484251639158 332.6685050306412 174.16112336923834 313.84155892759975 179.62858702924495 253.3171349216298 Oyster-Closed 0
61.643488873702154 347.33544068121546 42.4868267661077 356.1100115261386 22.08378102997449 311.57421774406146 41.239973132960586 302.79977243762926 Oyster-SemiOpen 0
415.9998882976615 323.0116021056031 431.6757317093834 353.3090331260086 364.2348771729776 388.193869622869 348.55986364779164 357.897146521163 Oyster-Closed 0
112.83770326549711 359.1388005978071 142.6841260322035 290.69021901081186 251.74498014715573 338.23535319830614 221.90150855265165 406.68142468744054 Oyster-Closed 0
33.27980201514947 415.99838864435037 33.28436395003155 349.1919217201225 203.074305737111 349.20180256079635 203.0735709613291 416.00430745296154 Oyster-Closed 0
75.89878202421824 110.88883096178083 69.8476350930323 8.668357194706479 261.5120069817822 0 267.5640324864071 99.54157398912132 Oyster-Closed 0
273.22797716556306 133.96944057171768 269.3399072802713 21.443045556725956 415.70120805468105 16.38537933829062 419.5903236301856 128.91097119837798 Oyster-Closed 0
0.6784330547852733 8.95284668964701 51.38494322577026 5.110590679939698 61.282017278099374 135.72206150958277 10.575512272062042 139.56428562606843 Oyster-Closed 0
250.7701873293663 93.34857180709955 248.9298488147797 172.4578717769166 102.07038936715253 169.03954207545092 103.9120439121034 89.93154071861628 Oyster-Closed 0
234.46378762452878 86.13499172803803 320.0784868775845 102.01681857050487 301.3247941252994 203.10959312189334 215.7101658775755 187.22797480515356 Oyster-Closed 0
322.1675105949398 108.95160903695646 410.6275448708293 102.24884832310738 425.14424155082816 293.82340346671816 336.68423539947617 300.5259447258878 Oyster-Closed 0
138.23642123767422 203.126180042539 161.49549341699822 149.27744428089053 348.6828435333555 230.12281400094255 325.4262731174276 283.96941835421546 Oyster-Closed 0
