269.338097392756 255.05979687312595 173.86527586603552 318.65628716220226 96.69910911686748 202.8197268008818 192.16797898981167 139.2250331218506 Oyster-Closed 0
78.8624551169778 176.54595008466188 112.14208314910866 221.70596338604386 26.372711499159777 284.9047574460254 0 239.745742805293 Oyster-Open 0
257.63452563592364 281.17500748334464 281.3546664311907 204.3443208430676 402.85986175794824 241.8525388518313 379.1423527992374 318.68098479826983 Oyster-Closed 0
363.4967657243069 291.00552097144424 367.6038832197046 386.88596296268145 293.6496457815738 390.05110034656644 289.5447097693759 294.1727105013881 Oyster-Closed 0
143.3573924132579 389.37669069029255 134.36267548875185 354.9981953993183 245.57781043307477 325.9055743042625 254.57331683371012 360.2828045066127 Oyster-Closed 0
142.20044490995497 346.2861619711783 138.07480807204047 410.4417467371869 8.964460725906974 402.13721095617694 13.09263231109071 337.9843714080829 Oyster-Closed 0
368.19282858088627 0 368.19291769692427 53.896691865512345 227.38753054275003 53.89660360061478 227.38761810320284 0.000009552901807203187 Oyster-Closed 0
149.38279134484037 77.28325766289197 154.16845212804037 19.308260755572846 239.44560442128204 26.34758189931026 234.66018775182965 84.32234197625786 Oyster-Closed 0
323.7915234606953 41.30735876341023 340.5694981318411 103.23883197038936 222.86026944897822 135.1264106237894 206.08296469495326 73.19550413161524 Oyster-Closed 0
146.32557351304786 143.6323628786017 123.5761857010366 137.1323454029088 142.15755032082598 72.1015736138207 164.90664741311048 78.60154568216653 Oyster-Closed 0
