265.9243105112073 260.2039459623282 166.47554833035974 316.27581645757766 97.7664995406194 194.4210075359218 197.21078215650414 138.3507217121588 Oyster-Closed 0
81.99811481466895 168.26929783138937 112.86442494115909 215.3597624079382 23.826770950363425 273.7150132257428 0 226.62554840928647 Oyster-Open 0
251.61836762678286 284.7838834246603 280.9999435013342 209.2160087463801 398.7085982089702 254.9768709856956 369.3296903561604 330.5424891000683 Oyster-Closed 0
356.13971190068696 301.79935212155874 354.23027979821563 389.4948627450297 281.00045525594396 387.89878132630713 282.91177128960044 300.2051589894718 Oyster-Closed 0
132.5897047101862 386.7220726613374 125.6129442505553 351.53120883167526 237.18290444787635 329.41578144672656 244.16059937319005 364.6053638731928 Oyster-Closed 0
134.23290395666845 343.2464168254424 125.7423436348472 407.6482106150288 0 390.8994352395894 7.189176319658145 326.50037075549477 Oyster-Closed 0
378.5522773980665 0 378.5523858948836 58.98637288476457 238.7623819758519 58.986269579028765 238.76248596779988 0.000014197045266857852 Oyster-Closed 0
158.43500678437704 72.36723253198892 167.1939981695832 14.24897562455004 250.9827355398411 26.876706966659242 242.2239868435645 84.99473944979424 Oyster-Closed 0
332.7030997937072 47.48039173132081 345.86056530991846 110.90259589398322 227.83461693689242 135.3868400651268 214.67784268377727 71.96523188896994 Oyster-Closed 0
151.27615617686388 139.04450154343922 129.1393263292739 131.28883730228316 151.7205608627446 66.83750301714332 173.857125140039 74.59311492177265 Oyster-Closed 0
