274.80103658827284 275.1451343204963 179.69382860380574 330.20684261232174 106.53704945666323 203.85318198895885 201.63961183636638 148.7931803078541 Oyster-Closed 0
89.19239473861307 173.20393484882308 119.94775704872518 223.45430854080428 33.228701924952475 276.52418236754636 2.4745289107449935 226.27484687251717 Oyster-Open 0
259.16344255260265 299.4039761510928 290.9696787926041 227.43591484946302 411.9562358526673 280.89842427813824 380.15285727897935 352.8640648200683 Oyster-Closed 0
368.1386285725348 324.08056696349047 361.12657890186165 411.39658681447423 288.64965105390365 405.57562596543636 295.66353661910034 318.2615939063266 Oyster-Closed 0
144.87439066452862 396.47155636799425 139.77081958588678 360.2726993761672 252.09413200083873 344.43920645134256 257.19881096685276 380.63670429341306 Oyster-Closed 0
150.4795709485552 353.3687718436667 138.50720267156794 416.47223447643114 8.244917421106948 391.76068967664816 20.219342885346123 328.6600416849547 Oyster-Closed 0
384.6039950370505 12.913004944950513 376.38632300944664 84.43255723881386 237.41356291469128 68.46395460439201 245.6315414744422 0 Oyster-Closed 0
158.67780707596467 81.41614626372778 170.5144344651817 24.616561202819593 256.10998018427927 42.45395241919401 244.2736661453091 99.2532574597781 Oyster-Closed 0
220.59201081603533 136.32499635627866 222.07828245358905 72.23581433707898 346.4654315067928 75.11996646218014 344.9799109817868 139.20844091661112 Oyster-Closed 0
156.73396136863448 148.16689228999883 133.7156576553789 140.7712914773963 154.22600545768 76.93635467277069 177.24401144672447 84.3319026087142 Oyster-Closed 0
