362.925134572346 224.5057926380458 343.8460138283881 420.03169964955634 85.42501535335032 394.80355164526964 104.51645668871788 199.29104717092187 Oyster-SemiOpen 0
390.93441642709877 362.07661266828694 338.14697605769834 358.6941774544913 350.5732690738805 164.83115591038896 403.356174891891 168.21344975194813 Oyster-SemiOpen 0
92.1701776207592 0 239.5979752386629 5.731964622689544 212.7975286294204 257.672207878325 65.36983953704112 241.99022132172016 Oyster-Closed 0
127.58031692888471 249.02620108452464 61.208407286372676 362.6419409539002 0 315.17369668831947 46.31636970193358 201.56053142388342 Oyster-Closed 0
0 319.312008 84.588295 319.312008 84.588295 414.135857 0 414.135857 Oyster-Closed 0
251.7689270000228 394.2135020000004 244.90467181327404 328.57341230210164 367.3993683561275 315.76540113060116 374.2658703543166 381.4029358191052 Oyster-Closed 0
183.41703227622202 221.40598550969688 183.8327043985155 53.762602924387785 406.2647332537126 54.313669256092304 405.85367947565464 221.95227324614447 Oyster-Closed 0
219.97584675851613 1.5232165166623295 281.50832775966774 0 290.5388553980083 84.23124443046144 229.00637741779065 90.47788623050737 Oyster-Closed 0
0 1.915089 89.099262 1.915089 89.099262 261.355905 0 261.355905 Oyster-Closed 0
185.04122300000745 3.1010408144269285e-12 226.79849570160513 0 267.25058990156685 79.92167822453702 225.49337072393246 97.2847166853812 Oyster-Closed 0
83.94826112156079 408.2656054806905 80.72746393152192 362.19570551292423 153.72781721548017 357.0934603367094 156.94966235414904 403.1621945265049 Oyster-Closed 0
353.541960791008 0 353.5419773467911 44.77207116917702 298.3846683147276 44.772040431534705 298.3847000000096 3.747090984099205e-13 Oyster-Closed 0
399.80297900001824 0 399.80298100924483 14.034683078763065 356.1750162086428 14.03468140960363 356.1750179999872 0 Oyster-Closed 0
