283.36568549317235 192.33729501475224 372.7417130998256 238.78731707452704 307.4237447809901 364.4503833605007 218.04883897727268 318.0019675637218 Oyster-Open 0
393.4781074042039 242.17585761920702 367.09476465578337 239.10487508490576 372.4002143993566 193.53127087121132 398.78308741269575 196.60222538485897 Oyster-SemiOpen 0
0.26494452357292175 378.409870949019 0 261.6626561482798 124.37569692331454 258.6718522189998 127.13228323448857 375.4149272218051 Oyster-SemiOpen 0
36.30289300001459 408.86326500000644 36.31748699934178 242.35337693146914 245.78599247418242 242.36779858441673 245.78134527557268 408.8685237065614 Oyster-Closed 0
211.098213327321 208.2202485573576 262.20148376878205 228.18452758765838 244.84784200582726 272.6007164273072 193.74467747204108 252.63663700649633 Oyster-SemiOpen 0
382.6298505580671 143.3684742859317 388.9663090442118 154.8636049581058 333.49500974810144 185.43938507834608 327.15867400468414 173.94435989453507 Oyster-SemiOpen 0
304.6737970696813 115.60019723027632 307.85057975353993 136.85080210077683 259.96567394050726 144.00878805456526 256.78902319261397 122.7583024530349 Oyster-SemiOpen 0
145.9295362834564 107.68781815343102 153.8288507782563 46.930636120872194 268.0224671066462 61.777182784022514 260.1237365851557 122.5338167737925 Oyster-SemiOpen 0
0 220.8972341498583 2.7131308286407148 174.69388359336952 101.84447053987606 195.03319402527464 92.36482220628386 241.2356859139224 Oyster-SemiOpen 0
29.063779758362216 261.1921086411393 11.43105657756314 275.2727498964968 0 240.8197619847927 1.5481156693967932 226.73926168208692 Oyster-SemiOpen 0
0 119.96346500000001 68.759037 119.96346500000001 68.759037 188.84352 0 188.84352 Oyster-Closed 0
347.23657864087 171.7143905743276 300.9128616173548 162.9729894242256 316.5185525739071 80.27824044089319 362.84142738084483 89.01955985739153 Oyster-SemiOpen 0
249.44957273408 226.89019744373604 238.15802637290471 169.6501908590012 318.7631198653289 153.75019576757416 330.05526087135877 210.98944054267932 Oyster-Closed 0
177.89555600116 142.96709405714705 221.21142731108557 98.30034565661657 285.52140785725715 160.66339286071067 242.2060958860493 205.32959418681367 Oyster-Closed 0
152.45402585526972 230.08290163712644 129.31429618862603 215.63651229653954 172.89426288751565 145.83660722896883 196.03352869310038 160.28280734405692 Oyster-Closed 0
193.66433133548708 136.3496914762913 238.19637972700002 158.74023678413974 185.5951173396934 263.35063570432237 141.06338521767975 240.9605476144859 Oyster-Closed 0
209.15948357791785 214.32194807633803 216.15745720616178 185.8669305161283 255.01810402896444 195.423281623123 248.02036865439732 223.8780930050737 Oyster-Closed 0
355.07137496071664 239.2771331062793 319.7805454274676 201.1240582254883 380.5582011951119 144.91020228877161 415.84856627509 183.0627169065731 Oyster-Closed 0
111.48871611955474 186.04271934288647 154.98773949400493 204.51207725822215 118.33485801758434 290.82840962520436 74.83604157989976 272.3594149942797 Oyster-Closed 0
105.9127554204315 22.4930911063768 158.9664141672729 76.01216231220212 71.93148046210626 162.2884083456724 18.878321079155285 108.76984581695267 Oyster-SemiOpen 0
262.0563967749149 2.3933029364172467 316.18450490188116 47.802898204886354 269.8523129452333 103.03032092420095 215.72433930213447 57.62087756116168 Oyster-Closed 0
294.7812771241297 7.812540887748865 320.7144789138001 0 365.4786259502689 51.29077931653787 339.5454590118643 69.96778513799872 Oyster-Closed 0
