377.42042539249815 257.3253020010519 333.0127766781625 447.02004199789974 87.76010634945487 389.60193174442077 132.17709797614225 199.92015461923506 Oyster-SemiOpen 0
407.99928397199255 402.42812477186163 350.83372508830143 399.7684102051582 360.0096060653814 202.6518980525519 417.169452421389 205.3114839029902 Oyster-SemiOpen 0
111.73083641449921 0 259.74378421265646 7.84832862205085 226.96758185846193 256.5128657025069 78.95478211411319 237.00446907451035 Oyster-Closed 0
144.07653949629457 252.02199483813166 65.92464914479933 358.5826311623123 0 300.9107158857453 65.43204837181838 194.3525173680693 Oyster-Closed 0
0 405.29108723707554 2.054634365995298 305.69240036982444 98.16987770184278 308.4960384315932 95.26666492009463 408.0918299007734 Oyster-Closed 0
343.7396094067117 348.4837707171623 386.64907076746385 401.6998681167789 310.55029616935644 463.04112408589407 267.64285700001346 409.8268749999999 Oyster-Closed 0
198.647502 87.109462 416 87.109462 416 253.250873 198.647502 253.250873 Oyster-Closed 0
236.8780761155358 2.3848462163979125 297.6728888037833 0 306.1340437793697 100.8274178286834 245.3392335389508 105.80138503774808 Oyster-Closed 0
10.757079658098519 0 108.15152796984694 1.2360112906831207 96.60723822277578 249.32602903742335 0 244.79421655523512 Oyster-Closed 0
200.22691300003135 0 287.4196624810029 0 328.77525089152186 77.83223246208806 241.582585060758 110.4727636113305 Oyster-Closed 0
94.21554378576548 408.05978166693654 95.67548481133053 358.0037590680681 170.13859879607116 360.17506982649866 168.6799576352132 410.22980021934717 Oyster-Closed 0
307.253821000013 3.5594380000043984 355.69438356278624 0 386.84633749958084 58.39471955701382 338.40580160233367 78.52431741458155 Oyster-Closed 0
373.310523 0.039704 416 0.039704 416 46.550479 373.310523 46.550479 Oyster-Closed 0
