298.2679918986978 365.3967470517841 255.70235849780875 247.63089439746798 363.20852575819663 208.7794219449105 405.7757487711133 326.541874698708 Oyster-Open 0
416.0001193565913 261.30517299999997 397.8618421178944 261.30517299999997 397.86205864946896 217.45208500000007 415.999998734751 217.45208500000007 Oyster-SemiOpen 0
0 344.2773639030984 57.636198208689166 246.601056940809 181.09543667398611 327.63378464416076 116.97914681948896 425.3058669484526 Oyster-SemiOpen 0
102.92674900000566 415.9999999999794 102.94358614919838 260.1321545834449 296.45978016841036 260.14894024924365 296.45177487146793 416.0088029172429 Oyster-Closed 0
236.01917307702024 230.3952304136401 292.82458756473716 242.08749984536774 283.83306595209797 285.7666516354741 227.0276852964671 274.07449990592477 Oyster-SemiOpen 0
396.582772201662 164.6886504837927 403.9190794600545 177.0115763704964 354.5666939205694 206.39096570070467 347.23051995438436 194.0681554057743 Oyster-SemiOpen 0
315.4497060518115 135.23112909134244 318.4301092467831 157.15941536871287 270.4658350640675 163.67805859736643 267.48558744553884 141.7499141536645 Oyster-SemiOpen 0
145.53864914163933 123.77390967039634 154.0534496543296 64.71326557460237 274.90024675989844 82.13532892633884 266.38618222136574 141.19529153711164 Oyster-SemiOpen 0
8.11291625409649 232.8993014055805 17.626703157548036 188.5918854711806 129.0998284924426 212.5251769430909 119.58718109448819 256.8315923976107 Oyster-SemiOpen 0
64.30756881914931 276.6763859035949 49.65885698066995 290.8860738602114 7.859039248738554 247.79983669671907 22.507536569504737 233.5903477569753 Oyster-SemiOpen 0
3.676949597829662 202.7885397111404 5.417898088431684 134.22473609574604 84.45451068182228 136.23128900629047 82.71437134981534 204.79434422234687 Oyster-Closed 0
366.33401206597046 189.63091507630304 318.2801960650104 189.50295384551728 318.493851288491 109.47556628418744 366.54667372765834 109.60352620874878 Oyster-SemiOpen 0
278.2130318146046 246.23232047684914 267.0759759026623 186.6175564708956 342.6056781810694 172.50820748718434 353.7433801150728 232.12213807144326 Oyster-Closed 0
190.7953367580485 160.28293286624304 226.91434331275377 117.14132675013822 303.2337783855219 181.0347270171027 267.11547634736417 224.17567524849886 Oyster-Closed 0
182.33029504419392 247.13373606068322 155.1874706839917 235.11882702272146 185.9684318619802 165.58797981763186 213.11062354442402 177.6027295290325 Oyster-Closed 0
204.8355126199749 157.7636275208147 255.83174018975478 174.0438373239297 223.33164851536276 275.83944888747965 172.33557752857814 259.5595680264554 Oyster-Closed 0
234.52886682559256 232.47872633747824 241.36595641933673 205.3645200346469 282.63876466492366 215.77092356137194 275.80193990104453 242.88490074890998 Oyster-Closed 0
391.4593623596047 257.9064234482448 344.10507133819556 229.69630862645747 381.35247879806775 167.17827827376126 428.70571577601004 195.38798287648356 Oyster-Closed 0
132.39757479470427 204.71119515059826 181.22434600183988 216.4344008149913 160.06589223494302 304.5490395586934 111.2392019437757 292.8260722611798 Oyster-Closed 0
96.27262050151694 39.32201750164106 160.26607968891403 92.86216460205017 89.62373289669267 177.2946756744102 25.630752673983807 123.75506830413205 Oyster-SemiOpen 0
212.77586100855115 75.50149464851475 251.32944171348572 22.913913721842917 313.76929030582323 68.69028183029768 275.21600967138875 121.27759269083401 Oyster-Closed 0
283.5972224110301 27.683328066460938 305.1778979287192 8.388800853661909 361.51153758434157 71.39706091252903 339.93093323145877 90.69151576362768 Oyster-Closed 0
