362.66814954004076 219.80643873614906 351.914967478755 414.27908987363406 90.82531746903624 399.8282606964516 101.59154553236294 205.36905936855092 Oyster-SemiOpen 0
387.43900258814756 352.7016189955883 340.36582005604214 349.134971029717 354.79411080958016 158.7617731239464 401.8634032398877 162.32827651465317 Oyster-SemiOpen 0
80.43880062093376 0 229.61760467400381 3.577173925910391 213.56184212923108 258.8033613195711 64.38307844007795 249.41930788120294 Oyster-Closed 0
126.52759127530953 253.53822849680938 64.80093343056797 371.43635221017956 0 327.4631346544144 42.53097057266859 209.56777660209843 Oyster-Closed 0
0 327.95218 88.689918 327.95218 88.689918 414.164018 0 414.164018 Oyster-Closed 0
257.8998629999951 392.883476000015 248.5025359388601 327.9588674817516 371.14085610743496 310.21071408615387 380.54026100222836 375.1328077559525 Oyster-Closed 0
182.04514450994247 224.10228286347746 175.65363317650917 57.620932294919605 399.27465467913134 49.03543781208653 405.6705339430555 215.51205791448044 Oyster-Closed 0
209.52122462951593 2.3819023594134827 271.10633169511857 0 284.12175712100725 83.35301465528416 222.53665637176528 92.27021657844702 Oyster-Closed 0
0 11.658989 79.492452 11.658989 79.492452 271.241923 0 271.241923 Oyster-Closed 0
172.52790800000366 4.072700269614033e-12 216.16302657205233 0 262.9125282348905 78.54848005856122 219.27748063270337 99.12716436875318 Oyster-Closed 0
88.8721920975695 408.98779326853327 86.4705995005861 367.739967674646 159.69357284129 363.47760094056446 162.09612849395853 404.7243798778957 Oyster-Closed 0
344.6648331776414 0 344.6648504982113 42.43079791960716 288.80747165835055 42.43077175484683 288.80750000001353 0 Oyster-Closed 0
386.8636930000066 0 386.86369391003245 10.383452915916875 348.6124251310539 10.383452066233698 348.6124260000288 1.5564640687744495e-11 Oyster-Closed 0
