283.025844294305 186.2632365136997 378.47963487968445 223.12539516945662 328.1996670735098 353.3080456061928 232.7465504569991 316.44710106474474 Oyster-Open 0
397.1409776568471 223.77249829758043 372.02277762835 221.7222640211752 375.66748913132324 177.0757624297641 400.78529152572446 179.125980318428 Oyster-SemiOpen 0
3.251511394213594 401.07339976824346 0 286.41315367140356 132.3710081860845 268.0765309600189 147.00355846750244 382.7318814821545 Oyster-SemiOpen 0
66.29906100001244 414.2500100000085 63.44508362341003 250.02280438707155 261.057343603381 246.5850303901464 263.9204792652963 410.8039074487474 Oyster-Closed 0
212.15579249979783 209.60944595279355 266.06115698087524 223.85460236613667 254.05407124228805 269.2863293537533 200.1487583674607 255.04131284883388 Oyster-SemiOpen 0
376.89797945819737 127.92389784125665 384.3628474482175 138.77200567003078 332.4226573277847 174.51184025154575 324.9578918786465 163.6638233849169 Oyster-SemiOpen 0
295.2630338657218 108.78050773429715 300.5268849793101 129.45205713302528 253.16191254130172 141.51267665001043 247.89819149746836 120.84124011377877 Oyster-SemiOpen 0
133.6505459430482 117.72777806220446 134.9953108553309 57.26359740197681 252.05990592931266 59.86698694163013 250.71570972884365 120.33058354834579 Oyster-SemiOpen 0
0 245.13406568028353 1.058756405076565 198.81869903124957 100.7274034784532 208.14271175666926 96.3950282853948 254.45714714881734 Oyster-SemiOpen 0
35.40200749876749 280.7184612160441 19.81209621517337 296.81017355810604 0 264.53283997523727 2.0813782058139623 248.44131020605016 Oyster-SemiOpen 0
0 141.76297 61.893034 141.76297 61.893034 211.70969600000004 0 211.70969600000004 Oyster-Closed 0
344.737720029545 159.3220863427008 296.98846957646674 156.13029294684156 302.51610498586524 73.44581301315812 350.26454889772504 76.63757937702584 Oyster-SemiOpen 0
253.0000830673671 223.9384045240133 236.13681625609024 168.4514245954365 315.0127845171228 144.48108274519817 331.87648085837645 199.96734720017653 Oyster-Closed 0
171.2697042928994 149.4545385546433 208.29940783697384 100.23782651546864 280.42787096583925 154.50412578279494 243.39883847587407 203.7202283520893 Oyster-Closed 0
155.77849392981443 237.27949948234334 130.83956673975626 225.24231159613862 166.11326256789835 152.16728301883205 191.05161831039004 164.20430956464412 Oyster-Closed 0
185.8103412582277 140.73998778143977 233.29739789857922 158.3277675248761 193.17751190123454 266.6442170388205 145.69065107913048 249.05679724481845 Oyster-Closed 0
210.90503054461442 215.79900993668775 214.67661895775746 187.15605112680078 254.9876118817847 192.46363846289094 251.21625518325163 221.10638699200834 Oyster-Closed 0
360.5578527214311 225.41968421059136 321.17518486131667 190.70601822497585 375.74599809722713 128.7996251563157 415.1280343848375 163.51281532576078 Oyster-Closed 0
109.15091215153006 198.25196164604196 155.19208977036033 211.90874005351748 128.91405559717896 300.4906836664741 82.8729929572437 286.83418230631423 Oyster-Closed 0
84.06733483491917 37.48158958475746 142.96033412440374 85.81101081679375 65.37493189904126 180.35216411082797 6.482414082136529 132.0232893202879 Oyster-SemiOpen 0
238.5063390906289 1.624129176929326 297.83935044236205 41.64254715527125 257.721931785818 101.12195712942612 198.38902146204055 61.10366968722395 Oyster-Closed 0
272.81443730311366 5.198166981618927 296.01515304434724 0 347.8459609244346 38.873177116582184 324.64528017076736 60.58448042202309 Oyster-Closed 0
