258.80122474450764 358.96966431683217 236.69814429007602 429.6731611699517 148.2198550016874 402.01859123619863 170.32409199998438 331.3173569999896 Oyster-Open 0
222.72213363206538 69.56947518863879 407.84712544687136 198.8027832365542 273.8267898403319 390.7620260318464 88.70681738214262 261.53488411943664 Oyster-Closed 0
141.92789843567152 0 237.7061718888326 94.29875386672703 69.85031304626682 251.21249497251586 0 148.76234282005652 Oyster-Closed 0
297.92621632440205 161.258082773993 205.27892503314797 187.37846680035523 153.81810936105467 4.850579400915259 246.46362116387536 0 Oyster-Closed 0
130.05683822331775 415.99763976071193 67.37049830747492 447.4287376335804 0 268.89287599689436 40.5165800383038 237.46349938120335 Oyster-Closed 0
133.08554474376797 198.83284166854702 127.1013661912657 299.830732703895 13.661225982261385 293.1075476307765 19.647746692906367 192.1121779316525 Oyster-Closed 0
0 295.381091 28.470736000000002 295.381091 28.470736000000002 416 0 416 Oyster-Closed 0
48.54356383009508 414.5647614110973 23.89032708639934 420.003144217622 4.073628644029668 330.1890190885864 28.725464763265336 324.7507940274897 Oyster-Closed 0
357.72423719580183 280.5793058580041 412.5683200731546 332.93900487193434 289.8291902436795 461.46716570175664 234.98804367964476 409.1105036701488 Oyster-Closed 0
72.264375983239 312.9238551846054 129.31365020458907 276.63761798293217 208.4226129421586 400.9886217136591 151.37466986317304 437.273185933804 Oyster-Closed 0
298.0005484946596 0.8782938119692504 408.86329719581045 4.757556126582633 402.4100492670259 189.17804569328501 291.5473004018131 185.29884822397932 Oyster-Closed 0
314.7189924127597 3.946753212947958 391.225561531166 2.6512038679885523 393.3111527714427 125.81177624485788 316.8045840124214 127.10731638709426 Oyster-Closed 0
348.213722635006 128.82131714365315 398.5092411971891 136.33170898859808 388.6886066692823 202.09546393138328 338.3931033933295 194.5851448433324 Oyster-Closed 0
392.70242490192686 338.01291687132056 375.6059558961024 336.8175679896756 383.59242306180386 222.618723445786 400.68788600000335 223.8140360000015 Oyster-Closed 0
347.2685139720852 327.76151173811456 394.53187434631764 332.43770099526836 387.41136786504285 404.3899796337703 340.1480219953228 399.7138994958406 Oyster-Closed 0
374.29372290739775 394.9918765235683 374.7355759999846 413.99825299998463 332.1705318108943 414.9869879039525 331.7289738125146 395.9808987006129 Oyster-Closed 0
