358.9789909113533 169.67341871637953 328.4141822493293 127.75837106101551 402.30544173446833 73.87786177639656 432.87007863334657 115.79246761241583 Oyster-Closed 0
362.4861079125403 0 362.4862088584887 66.92194757138657 257.0620176166449 66.9218508008057 257.06215200001316 0 Oyster-Closed 0
129.9511339999881 0 129.95113614215734 14.228886576532936 72.59767915187331 14.228882994780593 72.59768199999598 2.1159435157106412e-11 Oyster-Closed 0
4.220503999058565 26.557013616385426 43.35823723102658 25.646079279294476 44.80292312651363 87.71584115407866 5.665190088639065 88.62677262401205 Oyster-Closed 0
5.648197830265417 87.89652790835642 41.0874700916429 87.07169367184068 42.58313872121289 151.33214838179856 7.1438667278962384 152.15697699361945 Oyster-Closed 0
93.78260603866875 5.377382587249387 114.61538704176928 68.30699881338727 55.18716612511707 87.98039542179339 34.354568404494785 25.050930616824598 Oyster-Closed 0
7.556620999963343 169.8902140000004 51.214699457297684 168.87412863223707 52.80121012660311 237.03713711516357 9.143132189452444 238.0532101856484 Oyster-Closed 0
15.318095935246674 336.0902907613922 8.077913607932715 288.5164597262284 119.53517276401908 271.55584053250817 126.77652542018404 319.12821936500757 Oyster-Closed 0
16.604177750974486 405.24386459469383 5.421733697407035 338.97216622475764 118.1083695882844 319.9608870707448 129.29272992331607 386.2302263746516 Oyster-Closed 0
125.75423548093022 320.04570980231813 191.75067354024577 325.7758494307336 184.3631888041309 410.841597058979 118.36676898028236 405.1116144825719 Oyster-Closed 0
167.4578139999976 408.8945260000109 166.8210356333475 381.51028230265285 218.71645745193746 380.3036317732799 219.35371837239654 407.68738149564774 Oyster-Closed 0
307.21625699998185 404.17258499998525 305.313877193792 357.4361260442586 405.2908567860759 353.3665200394506 407.1947281165412 400.1014388783656 Oyster-Closed 0
416.0003483528999 386.763003 394.823519876114 386.763003 394.8240071747605 324.182848 416 324.182848 Oyster-Closed 0
323.07665936616104 395.7800593684137 253.68572826393938 383.2577251376716 270.49950610377346 290.1191403563991 339.8865044335762 302.6411071101079 Oyster-Closed 0
237.88412361775045 249.6080153188279 241.1759963368604 190.57627209698217 348.99509461882917 196.58766085927795 345.70453732349415 255.61816464111325 Oyster-Closed 0
378.012983521814 287.709699793628 347.38961819941323 315.86650401754565 308.31332306911645 273.37250311876625 338.9362017436324 245.2160998345978 Oyster-Closed 0
162.08242194335253 274.3609259966272 107.67825437313877 302.31667892065855 73.87826842715003 236.54521416106695 128.28096602952064 208.58991388041716 Oyster-Closed 0
140.90740474650374 227.40538336642246 68.72780216506362 228.31139630698365 67.80588792630442 154.80301133807123 139.98375505596414 153.89700908486253 Oyster-Closed 0
123.02270533774572 289.85880779341664 70.90829360119824 317.6192022887833 15.261082810560765 213.1629227417758 67.3733616939644 185.4032129101407 Oyster-Closed 0
143.60828060075073 224.01401201725267 206.8922310174712 251.24164159680154 171.50883777305717 333.47028235886836 108.22524432047794 306.24325572532234 Oyster-Closed 0
257.2358797204797 249.3218471131601 200.42009730044083 285.9299876826841 143.00226430780094 196.82402006711007 199.8163449910935 160.21660803496118 Oyster-Closed 0
192.23458852414478 248.45631064296538 282.81419363387613 265.4969965523594 272.1142976948395 322.3641199704838 181.53476232509638 305.32368277603746 Oyster-Closed 0
294.15597731306843 301.02278408716006 292.01595557256223 351.44544875336817 182.55516026849727 346.79781816753837 184.6966883138448 296.37669065048107 Oyster-Closed 0
