365.0726076330502 158.66405300073544 331.58027316876905 118.1760292618363 401.17203438415527 60.6101266349198 434.6641318175389 101.09776671262328 Oyster-Closed 0
360.3011735109685 0 360.3012476511649 57.609057133945186 252.44454979979128 57.60897845662051 252.4446520000165 0 Oyster-Closed 0
123.39656000000468 0 123.39656325352917 16.255083265880426 64.05861549439942 16.255079496821395 64.05861899999945 1.6059515117713457e-11 Oyster-Closed 0
2.773836088275857 33.98086300229326 39.203259226636874 31.007182951520697 44.26065974180892 92.96312048345185 7.831237966878689 95.93679000991939 Oyster-Closed 0
7.778463515765907 95.29007884310515 41.5361188398856 92.534554225357 46.78076075886929 156.78454731389385 13.02310812032374 159.54005206859975 Oyster-Closed 0
87.81968206748206 8.187092597636756 112.29845604341608 70.43125417420143 54.65779867549281 93.09931739198076 30.179220048037678 30.855317792699843 Oyster-Closed 0
14.466416000021127 177.22091399999934 57.660987321880384 173.69521884378707 63.245543873974384 242.1088819769558 20.050978310788196 245.63453286535622 Oyster-Closed 0
32.11780702563192 343.35793742117266 22.310887015290064 295.97349719354565 134.06108947072062 272.84807711833406 143.8690837129907 320.2310359995426 Oyster-Closed 0
37.42622181279876 412.7173868640298 22.649314570822753 346.74681891979094 136.5639787970249 321.23541684613775 151.3426495204949 387.20356342015384 Oyster-Closed 0
143.4157340759848 321.5513038951499 209.8386253814715 322.2831948074021 208.898301438825 407.6036448265401 142.47541018261836 406.8717739328375 Oyster-Closed 0
192.08729099998163 406.7900049999946 190.52235089720853 379.9156799844647 242.057182359109 376.9153002097821 243.62257134875472 403.789146013357 Oyster-Closed 0
331.282105071612 397.14589950123496 327.5187558074613 347.4856264513404 415.56151874201896 340.8144780383349 419.32616907175907 390.47333991847825 Oyster-Closed 0
346.4570164328543 385.96977179258187 275.9803900853876 378.65876141055617 285.72925865169964 284.72264288345576 356.20192709438925 292.03344416442627 Oyster-Closed 0
249.59726202654565 244.82000844893233 249.7946733959252 185.65043202279003 358.13732935944427 186.01128685867764 357.94113826733155 245.1796609198579 Oyster-Closed 0
393.12496920722333 275.55333276569945 364.6637708638664 305.31709446939834 322.39152710493363 264.899581690731 350.8523547639561 235.13623344228978 Oyster-Closed 0
176.09470338538085 273.23562371238415 124.21991701938532 304.6729367783642 85.39036762582691 240.60640091663822 137.26382515677687 209.1696066011571 Oyster-Closed 0
151.44590693899954 226.52222759494433 79.50957449149064 232.8808787969063 73.03935065798214 159.67791866896727 144.97394356989753 153.31934344948468 Oyster-Closed 0
138.39004244764146 291.0471247721654 88.76645055405243 322.11199231337264 25.15393576461065 220.50635648809342 74.77559232124258 189.44227806467438 Oyster-Closed 0
153.85301778161374 224.58578314673588 219.56294453990267 247.3680829243087 190.37125875708807 331.5528958968954 124.66158044966505 308.77109693472573 Oyster-Closed 0
269.44036446170503 243.44718060277202 215.75449883023248 283.4631818733464 151.50200124243565 197.26754567349013 205.18640848342693 157.2523416181133 Oyster-Closed 0
204.325241725066 247.2152518877556 296.3892525356714 257.4603483881076 290.00085413340275 314.85971816600386 197.9368683939574 304.6147685806761 Oyster-Closed 0
310.4659137005583 293.26161661997855 310.96814306070155 343.782492525671 201.3813252101063 344.8689233300726 200.88066553227327 294.3495682931131 Oyster-Closed 0
