385.2057909284522 49.150806963378635 417.0498293135752 85.6204819654317 340.77945534214086 152.215473951449 308.9357550014465 115.74612738840058 Oyster-Closed 0
345.6762518653668 0 345.6763103774465 52.28137406918307 244.15153391500644 52.2813124663835 244.15161099999386 1.3163918257242312e-11 Oyster-Closed 0
115.57510699996783 1.8544224070273035e-11 115.57511204147886 19.850541529845678 55.73386119007773 19.850536058998586 55.733866511331144 0.000005427334316724226 Oyster-Closed 0
0 39.833428 27.217307 39.833428 27.217307 101.604599 0 101.604599 Oyster-Closed 0
0 101.081509 22.832849 101.081509 22.832849 165.18325 0 165.18325 Oyster-Closed 0
77.68277207643405 12.966024821965508 102.08838002948687 71.35375096557092 39.20728649480225 97.63718819645906 14.801899117173889 39.24964573448114 Oyster-Closed 0
0 184.640674 30.233718 184.640674 30.233718 239.922379 0 239.922379 Oyster-Closed 0
1.3372921560148825 346.43668036926493 0 301.01614271424654 92.34974963343484 276.1815820699041 103.40388075439114 321.60080364115686 Oyster-Closed 0
0 412.33446199998116 0 349.6748675688538 89.22684015219056 326.10025373899833 103.50290738384865 388.7577930854182 Oyster-Closed 0
92.80488264622909 408.34458730829596 87.47453851160026 325.1592115358293 155.70855668970398 320.78797686847446 161.0405940770106 403.97154344090427 Oyster-Closed 0
139.27130300002318 405.3667360000155 137.62273634788653 379.6373273461845 188.63988633358895 376.3691057310292 190.28887509460765 402.0980626039971 Oyster-Closed 0
278.2991200000106 391.69722500001774 272.6492111164662 343.0233748896276 374.20623192608764 331.2364355745752 379.8575112720464 379.90873439590126 Oyster-Closed 0
391.0305675940399 362.98995330337027 365.8074152291483 361.3738764672335 370.00795473362086 295.83474076567 395.2301340000049 297.4507860000009 Oyster-Closed 0
294.4992824506444 383.8585133902011 226.84135161302765 370.6359061325142 245.6059610183438 274.65112162682294 313.2600925292645 287.87334216615983 Oyster-Closed 0
217.50537911851643 242.48705092731066 215.29583363558777 183.6169163927134 322.3764942880407 179.59761569419578 324.58716695356634 238.46659618350716 Oyster-Closed 0
284.07711423015644 263.03353991869324 313.9793466033807 229.15723394282196 353.553101403897 264.08461455333673 323.65130160248737 297.9605072956883 Oyster-Closed 0
138.54607839265373 276.1506408000742 81.13989214986941 305.13785212475193 49.870024949428625 243.21687232967025 107.2747226692918 214.23010850609307 Oyster-Closed 0
117.93499144430098 236.06183331865358 45.88728277106202 234.44248184529434 47.56088030214596 160.02584093003145 119.6067811697394 161.6451725373984 Oyster-Closed 0
98.07424725290184 293.5532739618855 43.06434616095066 322.4757780674919 0 224.24117061597644 46.41822494214284 195.319364545413 Oyster-Closed 0
121.82072349929877 223.82165176155195 181.67254260315894 250.68714688442807 143.22219241813946 336.3361509006026 83.3707571068262 309.4712819499198 Oyster-Closed 0
234.0167119543803 240.98164238081478 174.08195777929723 279.98973787715113 120.31407277708058 197.38263609867812 180.24718885560287 158.37525391596233 Oyster-Closed 0
161.6285405324452 306.532211678935 163.80511084801037 248.45012854191998 255.35573152890356 251.88015455269525 253.18051983250552 309.960916352118 Oyster-Closed 0
268.0470043319947 288.6646249163416 270.5946435945225 338.80188187860847 160.21443447162164 344.4068010019823 157.66840857425268 294.2710492022161 Oyster-Closed 0
