278.58732433337354 346.2348261795255 261.23157882864325 419.9494721582593 170.62400130882452 398.6196314310468 187.98124500000267 324.9072959999916 Oyster-Open 0
220.84558263782674 60.637119499414645 415.33669918236046 176.70209881992184 295.81500343580774 376.96500368117785 101.32773381971856 260.90527991599043 Oyster-Closed 0
134.00322994268572 0 236.91599607154785 85.4267848598829 80.91458951881941 252.78380823966194 0 156.86023059619552 Oyster-Closed 0
302.65599342251153 146.96575934741395 212.5685441079986 180.17300633241283 146.80091670002366 1.7534196149340007 236.88661420853896 0 Oyster-Closed 0
154.30702239272068 412.1239245254763 94.70774070874177 447.9866950000613 0 276.4328453745695 51.05346248850765 240.57205093894495 Oyster-Closed 0
140.7294849495047 195.85348478837176 141.81886129039776 296.63885370017005 27.93060488739866 297.8671034639282 26.843768715574697 197.0842692224535 Oyster-Closed 0
0 273.9766732068845 45.89097089176721 271.94244558619596 51.72137099997781 414.5144400000003 1.9682630112583865 416.5485776977245 Oyster-Closed 0
71.41469058285657 412.3342603538797 47.24396248305857 419.65194117491114 21.762147611221735 335.5027108469173 45.931595379424834 328.1852346828157 Oyster-Closed 0
371.45145082020827 261.4230314654793 429.98632449042634 309.92678856755924 316.4057065753259 446.96451401418074 257.873264668684 398.46344202428645 Oyster-Closed 0
85.21499617186055 319.24328765961644 132.1308590941917 272.4172402337463 239.6429927704412 380.1149099112906 192.72935483813126 426.9387488856391 Oyster-Closed 0
291.08535703740563 0.045611208258441754 402.1618460287864 0 409.1899303616883 167.35334798806727 298.1134480396686 171.8958890563818 Oyster-Closed 0
308.5287538600969 0.3259945018778193 384.85403264643537 0 395.27682459685093 104.86950585230714 318.95155363412414 111.99347577392521 Oyster-Closed 0
350.4522722711263 111.31645227856313 401.30949053008953 115.04140080639895 396.46260453167633 181.21430775783912 345.60538936714147 177.4893910861013 Oyster-Closed 0
406.55119564678535 315.05755784841307 392.6163877245999 314.6521392082842 395.90445035532684 201.66807208230273 409.8385299999827 202.0734799999998 Oyster-Closed 0
404.5970012816906 382.2412746627172 362.71480132912257 381.0228799990375 364.81035521394006 309.0334475642704 406.69070245504554 310.2518150832459 Oyster-Closed 0
396.8001731278018 373.9477878497885 398.5557779999981 392.81529499998675 356.08579906470186 396.76555844412263 354.33048905350734 377.89832323959047 Oyster-Closed 0
