294.29890936875745 371.62007899785675 266.55289431247 434.2686447453916 173.7656254689573 393.18342386938514 201.51219400001355 330.53708599999874 Oyster-Open 0
430.2198762809421 229.22921152766696 334.9432387644774 401.3043381533772 111.0771161748853 277.35620969525866 206.35461236113042 105.29042146581553 Oyster-Closed 0
166.89713656610547 0 261.7597641215398 106.23700304155437 96.89318701030425 238.59613930618445 2.033094082817115 120.44292893158767 Oyster-Closed 0
326.05531909727506 177.02173223640446 237.18032552268778 202.68985019381327 179.88404529815307 4.304585430694808 268.75701932509764 0 Oyster-Closed 0
164.57461029487968 413.56433081667234 104.62859490625488 442.7853959477519 9.273995464674954 247.20139557392824 69.21381806976206 217.9820898886118 Oyster-Closed 0
166.0527666973503 194.00904310983643 147.3494926400017 291.32788247935326 29.73953033428188 268.7248876651445 48.44459406788883 171.40850525081856 Oyster-Closed 0
61.85640550947937 402.33815053585613 28.99798231422028 406.8291895893672 6.605633515333466 243.01734183643288 39.46079853708943 238.52653799238922 Oyster-Closed 0
82.21146895490165 402.3240920067753 58.412929043668555 407.83860157391706 35.59998013999575 309.40569140468244 59.397115943018434 303.8913478376443 Oyster-Closed 0
388.18563671405354 304.8376210504525 436.3484858998636 356.66341681857733 321.763904389667 463.1185243887035 273.6038185514917 411.2954327965283 Oyster-Closed 0
99.57389874897126 304.398947161041 148.08828792329587 266.2637794083304 247.31806927050638 392.477211409082 198.805380982918 430.6104987918869 Oyster-Closed 0
416.0022821457169 216.16214599999995 322.4427463109023 216.16214599999995 322.4447189626553 17.075963000000034 415.999880886593 17.075963000000034 Oyster-Closed 0
416.0005322873694 152.13314900000003 340.8713474826545 152.13314900000003 340.87214708418105 19.97490800000001 415.9997862300952 19.97490800000001 Oyster-Closed 0
416.0003209706847 226.89107499999997 371.236703203489 226.89107499999997 371.2372855114445 153.992788 415.9997990319862 153.992788 Oyster-Closed 0
373.6655589781658 415.9999909105345 373.66683352512337 353.93334984867334 416.0003855758041 353.93439040818487 415.999999999196 416.0001395411864 Oyster-Closed 0
