137.25494958351192 266.28169339919873 143.3387373340156 227.2635702708019 173.94251530152178 232.03491994546178 167.8590250485031 271.0527765647713 Oyster-Closed 0
245.71651185091469 254.01604454870068 250.28447513295396 213.46858051300794 343.73613561771344 223.99497552811656 339.16904698103826 264.5416481722141 Oyster-SemiOpen 0
416.00043568000547 289.725193 370.831372108496 289.725193 370.832020331276 234.23863999999998 415.99993313504456 234.23863999999998 Oyster-Closed 0
218.98672410153813 303.7081089653712 168.74550254098722 313.9084650729457 156.98898558056317 256.0071452515005 207.22878196231977 245.80693872830926 Oyster-Open 0
108.0288426336192 317.3773009994862 94.38780392582339 270.23675470981976 152.44775151446083 253.43828877990117 166.0892142030716 300.5781198602904 Oyster-SemiOpen 0
226.04602087256353 326.96814314110287 208.7675491580485 284.2954153840311 316.68547604204286 240.60404165876668 333.9644085269247 283.2755423106018 Oyster-Closed 0
400.07596175271465 292.24592047425574 359.5761455185093 332.7050556572333 319.14223093960027 292.23576695383053 359.6414679237678 251.77720909062776 Oyster-Closed 0
21.48874100001194 287.4236909999967 86.19234959703317 276.5530354203107 97.79655900002035 345.6114899999982 33.093002317556966 356.4819325910741 Oyster-Closed 0
181.8653597079974 312.4520203284735 198.29270256904056 285.11652409082427 263.8145911104293 324.48517283592594 247.3879200724914 351.820084312017 Oyster-Open 0
288.08878588832886 286.877655352662 308.52476465893415 316.8560457800026 264.02392985341066 347.1858867508038 243.5884540000152 317.20794400000574 Oyster-Closed 0
309.263165645556 64.21516710035569 253.5061674052995 56.33950689479564 259.3529765704079 14.946745145903256 315.10982659818546 22.822395267008908 Oyster-Closed 0
129.739310365032 337.35731284904705 156.46187868480047 301.15407642288426 221.8248472468149 349.3906720024493 195.1032573873381 385.593021538564 Oyster-Closed 0
278.2916544029722 359.77006633016475 302.5552540631179 297.8167469502128 373.0061042870584 325.4032044601617 348.7441761012087 387.35510657261284 Oyster-Closed 0
235.9621246363604 339.0507911047563 263.5134404805067 383.95735564679467 226.3809325823495 406.73278466117574 198.8303440491909 361.82685440275657 Oyster-Closed 0
239.62465300002077 345.0226149999964 263.54659378663564 321.9332673139726 321.4164571577421 381.8765232887407 297.4951224810211 404.9652540870856 Oyster-Closed 0
143.36659268683798 414.25339266475544 75.06142927315886 436.3139169722724 50.12416780231797 359.1170235373329 118.4258922349436 337.0570937096107 Oyster-Closed 0
142.267069221165 415.99996763680207 142.26785121268404 383.2819926886026 194.4036114879018 383.2830301369137 194.40343031387238 416.00040595468596 Oyster-Closed 0
333.2850682966855 415.99994438371306 333.28647374756474 367.04461962785297 412.69714784089956 367.0465985303901 412.69708605292544 416.0005705021552 Oyster-Closed 0
237.16089000003922 416.0000000000158 237.161321708365 398.99199501240275 284.4956829255607 398.99298443943906 284.4955405244873 416.0006989077706 Oyster-Closed 0
186.69240538750455 415.99999985558685 186.69269736708884 403.0587129186969 228.45626280448414 403.05948226769084 228.4561659957908 416.00057314003243 Oyster-Closed 0
2.9547030000067025 63.43865299999988 33.85878095160297 61.9992903285666 35.35588744523193 94.14284972303935 4.451809660629806 95.58220915553153 Oyster-Closed 0
142.44560401828494 72.50935207826578 129.08154436758196 107.34867767803067 43.659139630992286 74.58138597407395 57.023285562238016 39.74226366644528 Oyster-Closed 0
197.18858922437357 113.12438396835906 216.58684550148973 61.34135665928766 268.8601614686486 80.92304902399077 249.4622034323329 132.705819816599 Oyster-Closed 0
324.6638500442168 79.79898685261524 383.7219704453273 87.527280724064 375.90730905165765 147.2441563988805 316.8491956573962 139.51590926080533 Oyster-Closed 0
140.06105625374403 164.98891897727574 92.94348944639933 157.0288886741902 102.72921219858836 99.10832522478347 149.8461555823742 107.06830210610286 Oyster-Closed 0
141.9467190960131 167.59461391558125 141.45585190585916 120.49636149612812 173.7802066106815 120.15950073009328 174.27126363481875 167.25756358736655 Oyster-Closed 0
265.08207509109707 158.53311664166424 229.57029510072243 164.9293647762153 224.40124538205055 136.2313762999642 259.9127655640659 129.8351520007659 Oyster-Closed 0
220.7363980013979 129.93892449658682 236.27712711143977 148.99679290021916 185.14398225749028 190.69122545986158 169.603446000001 171.6335349999983 Oyster-Closed 0
55.35683744571361 190.1858531084534 8.983421999997518 192.87767099999968 6.113004159302363 143.42453562105595 52.48576982745726 140.73273619464646 Oyster-Open 0
398.22440769523746 147.87174453520583 396.3670379077921 176.4081714127789 296.58169356885264 169.91270161809712 298.4394345854562 141.3766633437343 Oyster-Closed 0
178.58060729671342 191.04293500073632 156.75893972492122 235.75235501449075 28.13755957198373 172.97730254158003 49.95938249476967 128.26895835928474 Oyster-Closed 0
124.5049304669119 12.270499708028654 132.5433632692875 44.11519553664162 53.19232486105102 64.14528437902615 45.15398899993306 32.300669000011276 Oyster-Closed 0
366.7303877445411 169.49806788672595 361.1568622418563 208.39154384405714 291.1674089045191 198.36192050658116 296.7412999999906 159.46889299998674 Oyster-Closed 0
114.24885533177076 234.78720838684424 86.99246250501892 249.80725756222222 59.26724259251205 199.49892324484222 86.52315306181845 184.47903873274328 Oyster-Closed 0
280.3961461694962 191.33327332096914 284.600162560233 218.56271550398003 205.4849891856029 230.7757338891253 201.28142219000438 203.54669066973943 Oyster-Closed 0
192.1254660206978 207.30064533751823 190.06061775837225 243.87464249580148 79.51321554798778 237.63226898334625 81.57880975668377 201.05903975348346 Oyster-Closed 0
