135.93197266876814 253.7666739403869 108.11726295127664 242.36350626226167 124.54357073552819 202.3006774469833 152.35785126095652 213.70374557406097 Oyster-Closed 0
221.57012454723008 242.3953083185851 230.64706528677198 201.75863659697876 322.57869628238404 222.29089244974946 313.502652406798 262.9267899248922 Oyster-SemiOpen 0
334.6008566893579 278.39247819849203 352.4013045870597 231.2936391888095 415.5643992148325 255.16262843144864 397.76483814895255 302.26071301149096 Oyster-Closed 0
182.07552926111384 231.65684180357215 183.485352490261 290.3409427677933 128.75490393998916 291.6549126590071 127.34583847662361 232.97155414173747 Oyster-Open 0
66.50570545431765 289.31693471208615 58.71902806545404 242.7258077854215 120.0290553805753 232.48024334512382 127.81626141618472 279.0707109856994 Oyster-SemiOpen 0
183.35188853416912 310.49724171803825 172.11490746610798 268.1919829549872 288.636318807683 237.24483253674794 299.874078951274 279.5488800957313 Oyster-Closed 0
362.6506547170793 295.81745140141254 311.33122791694404 330.47518581561604 281.6280802506735 286.4977176737259 332.946514676325 251.84044109169503 Oyster-Closed 0
0 253.052037 47.980218 253.052037 47.980218 316.771386 0 316.771386 Oyster-Closed 0
140.4852657949632 292.64519844369556 162.35614692787567 266.25295280477366 217.9257173881233 312.2955984098035 196.05537764510882 338.68733782018484 Oyster-Open 0
251.20360641610023 279.0992916948113 265.88326223980766 309.6163548198115 214.5172629687404 334.32022584892934 199.83815512162255 303.80362880244587 Oyster-Closed 0
346.60596205558613 25.741491573248567 331.11201819491544 65.41127476418349 280.03765067589484 45.46298685748733 295.5316211300633 5.793271593622137 Oyster-Closed 0
82.0739528534832 311.55415315585867 116.99935507099144 277.7506370767647 169.64313442448838 332.132370755021 134.71844382841664 365.9351631179164 Oyster-Closed 0
226.5103601384726 350.4520591802617 260.3478404742782 288.72024755148743 322.18786639193786 322.6110506543657 288.3518856189221 384.341573840729 Oyster-Closed 0
143.19257635367467 340.6307248927042 187.12992832919917 325.18253810998954 203.8596169194352 372.75472752177916 159.92238656629706 388.2026704551734 Oyster-Closed 0
189.16716700002144 330.42844199999985 219.3584405933725 310.90866697801687 261.2398207942606 375.6732775112966 231.04891773886993 395.1925831883125 Oyster-Closed 0
76.00951983361665 397.64552627046754 2.631669858637906 402.0662301615681 0 319.16398425272627 71.01197430085449 314.7433930507597 Oyster-Closed 0
115.06170844398002 352.04267765175933 134.96739723682913 383.8155736730861 88.63902721677732 412.832135889987 68.73400765391852 381.05982541945025 Oyster-Closed 0
336.0296390228541 352.54851484309785 358.7807180523996 390.98331712804776 284.0322417954776 435.21619455516156 261.28248869737945 396.78254316461323 Oyster-Closed 0
162.6346990000202 413.5318369999988 163.2484409622666 385.68113491413357 218.39520458596962 386.8957518457969 217.78201578342123 414.74591415634353 Oyster-Closed 0
114.32872899999711 409.1026810000149 116.93657584093307 381.5778998615527 162.21904451360388 385.866906284872 159.61167162847778 413.3912488480047 Oyster-Closed 0
8.966622977775842 20.65686648020572 55.83439042572354 24.70213861927449 52.27840509327507 65.90100457620812 5.41063899996152 61.85573899999805 Oyster-Closed 0
66.8403345619663 48.88076812777865 82.07231604473054 12.8244317432612 163.68669686238718 47.30226206247426 148.45487730165405 83.35846030170639 Oyster-Closed 0
208.36385826016704 99.06462453540342 235.58525365479363 47.3907775226663 282.7494589706221 72.23632240830068 255.5283131638971 123.90995309030666 Oyster-Closed 0
396.79668826152556 93.93753883048113 379.76648012471196 153.56931934011988 322.2689298169935 137.14870478610163 339.29935986679266 77.51728335242436 Oyster-Closed 0
136.03091228032645 145.51821409214608 93.89971950163454 126.79309262612335 118.31508820028466 71.86070460104986 160.44586473777963 90.58571990286437 Oyster-Closed 0
142.62641984044967 146.5455644545148 147.09150611909718 99.6001869499411 180.04024409456542 102.73396196622248 175.57534096966265 149.67917160903616 Oyster-Closed 0
262.7882612800786 152.61519959369116 226.25736482926368 149.65670056339033 228.55969014763832 121.23058070302974 265.09033878931587 124.18906970535218 Oyster-Closed 0
225.9646254613108 117.67115715916644 237.3699972391987 137.47509494415533 176.04020163209498 172.79423917682914 164.63503900001524 152.9904819999822 Oyster-Closed 0
51.40963904669843 106.27093232478754 60.5199602238863 145.28586692123287 0.5561571982179885 159.28711778909567 0 120.27245946273027 Oyster-Open 0
396.7716898200197 153.46128514363681 391.8388346883148 182.00751304971524 294.13042192245484 165.12310206604138 299.0635906369971 136.57725799712767 Oyster-Closed 0
167.2890085981271 172.14945165143482 137.64600692030945 216.19298047997367 26.400896050261508 141.32294262006732 56.043664523149346 97.280275697126 Oyster-Closed 0
159.71565600000395 0 159.71567090301323 28.198436170354526 77.12175928042416 28.198425468400444 77.12177152320874 0.000006929468065151294 Oyster-Closed 0
360.8626064847631 171.51557912975272 350.8500160248659 210.5303671527702 284.21190332117476 193.42911638583527 294.22477200002686 154.4147579999784 Oyster-Closed 0
83.19225114487926 213.96778656447387 49.19588463875334 206.80682753506525 59.50482090239166 157.87029069627212 93.50064246057082 165.03118989178535 Oyster-Closed 0
268.8063208562344 183.99344202290277 270.01534021351836 210.9608790243973 187.69970980377911 214.6502380177248 186.4910932481398 187.6831854668544 Oyster-Closed 0
176.3135575972592 190.10770424027834 170.3240824190325 226.6801819394789 60.06607980207991 208.62293397057147 66.0561323520742 172.05114386640972 Oyster-Closed 0
