144.0168882499056 258.2011567743107 114.8694008706625 250.8784286083821 125.54866550471706 208.37580111595116 154.69565097462691 215.6984631248188 Oyster-Closed 0
228.35646172487031 231.89780078144776 230.3867680898329 190.55252950637126 325.2506163722974 195.21001762830738 323.2210799304412 236.5545616592852 Oyster-SemiOpen 0
347.5295710371538 251.05075027503807 353.91438534528424 199.9020849476542 412.85308042779434 207.25867574162 406.46894299998166 258.4067230000102 Oyster-Closed 0
186.84059980452002 228.02735879060756 197.84019023332803 285.00879484369136 143.00341476070753 295.5923336725795 132.004660189883 238.61163305954867 Oyster-Open 0
80.31677705524635 303.8212204010201 65.2654477831893 259.7192834586387 124.77606167526028 239.41169073913542 139.82772341222153 283.51297239421234 Oyster-SemiOpen 0
199.84379061757136 304.86718144337203 182.23611970132697 265.4801536149241 293.680889043997 215.6646716794033 311.2888771423677 255.05061578770858 Oyster-Closed 0
375.9305136913317 260.2291947634755 330.3608838314867 303.30963229574616 294.41390725644305 265.2895175091759 339.9829603783037 222.20958410445948 Oyster-Closed 0
0 279.531816 65.672306 279.531816 65.672306 339.809682 0 339.809682 Oyster-Closed 0
154.5285561492674 294.7479215522773 171.7577511251984 264.8300484085625 234.0875401335834 300.71923984927383 216.85899531914401 330.6365502704736 Oyster-Open 0
262.76727143829703 262.76733985113384 281.7129056925005 290.2355201729853 234.13969815843302 323.04269300082495 215.19451949115683 295.5749193236532 Oyster-Closed 0
320.6482860000069 0 320.6483040609128 35.236477696384824 263.96006130349633 35.236464961028936 263.9600742267903 0.0000016373210436997316 Oyster-Closed 0
99.10497563368699 323.0942901484963 128.1863133510451 283.56032515986504 188.6565898718618 328.03467407462585 159.5761883203486 367.5677909029752 Oyster-Closed 0
249.27327209567375 337.05849317891585 272.1264569539235 270.3177910440389 338.33060189562093 292.9837496706072 315.47894309509866 359.7231550474325 Oyster-Closed 0
204.06972641373068 318.53617420528633 230.0174822433146 359.6370682849465 189.18386255568112 385.4097484534465 163.23680027050068 344.3094620886648 Oyster-Closed 0
208.3699320000087 323.4649170000064 235.34167467335647 298.99836466401854 286.5055410317873 355.39017252020244 259.53433173172016 379.8561667127061 Oyster-Closed 0
105.47414493182805 408.48364880110023 31.890727223446447 424.0706216902367 14.965043412408704 344.1786922478917 88.54463916078384 328.5921358746652 Oyster-Closed 0
137.80484963545314 356.98019253183986 161.96249185400666 384.9684811272458 120.05415134822033 421.13084967404063 95.89707130463648 393.1430917330039 Oyster-Closed 0
358.0306834689218 320.2824272369501 385.9747715715348 354.3118001955488 317.87292523365613 410.22105332057987 289.9298684330388 376.1926426128214 Oyster-Closed 0
194.2159132031593 409.2152431522855 190.21578689085436 381.942019366857 245.5378320095224 373.82997326271715 249.5383906986499 401.10266804053697 Oyster-Closed 0
145.53802500001984 410.4104049999797 144.6401476294559 384.6880429469281 189.96179595765716 383.10631518745646 190.86006599808388 408.82826900197057 Oyster-Closed 0
0 55.562613 32.885453 55.562613 32.885453 88.466752 0 88.466752 Oyster-Closed 0
46.265215112813166 68.65191712707119 55.10523207523147 30.55436608176492 141.47411694041875 50.59491734473595 132.63430647323185 88.69228703058536 Oyster-Closed 0
244.15334897290813 111.31785300955126 193.9971393663509 93.68909210523708 213.53957822298253 38.089478807212934 263.6954112102685 55.7181648948363 Oyster-Closed 0
380.2833824398731 57.09126436649375 373.69016449934134 118.49041826008941 313.59154442426006 112.03667272843136 320.18500795254295 50.6377934520331 Oyster-Closed 0
128.4737049181058 151.9084895561956 84.15376538952842 139.39063182092153 100.44441107219973 81.71545280488844 144.76383896998232 94.23323424772167 Oyster-Closed 0
132.740569378464 104.38894324659324 166.08683943070355 102.33929991411682 168.97177106194067 149.27393973238264 135.6255020596691 151.32357236512453 Oyster-Closed 0
255.90497527419575 137.46753941792505 219.03662592615 139.86470160094106 217.20557917892074 111.7023068306972 254.07370301752962 109.30515196078625 Oyster-Closed 0
214.18816520623295 109.04006281666159 228.28188914774728 126.6154140138557 172.2706064766753 171.5293008520678 158.17705299999943 153.9541059999842 Oyster-Closed 0
0 132.730439 43.485135 132.730439 43.485135 184.139129 0 184.139129 Oyster-Open 0
389.2110498616821 115.40164506094496 389.1819745171997 144.16560110798807 289.38667311958125 144.06393026455612 289.416075616984 115.30029103720247 Oyster-Closed 0
163.16914277916658 172.06210326994093 141.34171549072198 220.72733014170873 19.79097287460536 166.21054552416038 41.61863346393875 117.54632186107919 Oyster-Closed 0
130.52588070564525 0 139.72055588747753 27.150628209166012 58.47096564777894 52.084455572732956 49.27634999994916 22.12277699999742 Oyster-Closed 0
356.235587658819 139.0985011885276 353.02397943977485 179.0476694959679 284.23970685847235 173.5176669242106 287.45165899998756 133.56887500000485 Oyster-Closed 0
85.88204561150633 227.82314002249498 51.042028045667394 225.60261938842393 54.197233499970025 176.10677989166376 89.0366328369455 178.32728063432876 Oyster-Closed 0
266.3297234451529 166.80666976534687 271.91722034197664 192.89243986411083 190.4155154871587 210.3480433642985 184.82842867256477 184.26262812292077 Oyster-Closed 0
174.95474781256416 188.31463170086062 175.2366767449821 225.1025557796994 62.47269158291601 225.9649429681789 62.191523960187624 189.17775090130147 Oyster-Closed 0
