46.410380821740546 17.040586094094696 57.869908690365264 0 148.28836648086508 15.592313402564544 136.82888965914753 48.51386818231726 Oyster-Closed 0
179.85899192701982 257.9926745481366 175.83427657124048 213.96391087375247 295.49400431992035 203.0256472167438 299.51968278827917 247.05335111348165 Oyster-Closed 0
331.50415393456933 211.4974194532055 366.13134837647885 256.9834131453272 320.230449609051 291.92198744024745 285.6038980381163 246.43657828708032 Oyster-Closed 0
10.65584875454806 203.3252757411946 57.30081774048449 200.88097276998352 60.96485763394958 270.795981798806 14.319893176529149 273.24024900271206 Oyster-Closed 0
218.50188914029422 268.4892928994814 204.2402759843244 289.4693942428154 148.18286403015736 251.36751084405205 162.4444007429156 230.3877360056719 Oyster-Open 0
202.68567898632318 277.1782413010466 208.55034767436882 243.9178419871272 280.189839995237 256.54794822221425 274.3258124108943 289.8077802648098 Oyster-Closed 0
257.43060058260016 341.7353032666551 243.98444879133967 274.0456003013122 306.3808862434562 261.652748151467 319.8278861841027 329.34133447920294 Oyster-Closed 0
184.36980383218906 293.0332519769105 153.8886944916121 339.702480419491 67.92761805278133 283.56580862951876 98.40850075327035 236.8978209633038 Oyster-Closed 0
186.2491041345893 281.4068490001163 217.11003442852598 319.7611271317364 180.9863905889688 348.82164211017243 150.1259891061709 310.46785336213355 Oyster-Closed 0
318.6848865219072 336.6645823114968 324.7833364245489 299.69411713329345 389.47991077091865 310.3639734304377 383.3822369975496 347.3337491856392 Oyster-SemiOpen 0
197.30617030451322 293.0620823858924 224.3589235377076 270.72968568799257 280.62369728514386 338.8758924253041 253.57145059497998 361.2077381638586 Oyster-Closed 0
91.83677479053222 353.82911709015076 23.467080067865027 360.7308106579343 14.868117000256461 275.54774608398776 83.23468766813312 268.64620829257444 Oyster-Closed 0
153.3490905060571 343.2519624742149 107.54060063128054 372.78192728952985 84.17820203588053 336.54740727551604 129.98581821216067 307.0178188695307 Oyster-Closed 0
180.0597465269093 341.1904567152932 236.63712170217696 342.95515804279603 234.31279084321795 417.4566172132808 177.73541838582605 415.6919597160551 Oyster-Closed 0
416.00106327397225 415.99999999999994 350.6236300062483 415.99999999999994 350.6248162613556 365.044612 415.9999657086446 365.044612 Oyster-Closed 0
61.83616793350302 415.99945400375896 61.83828301016547 373.5727768932805 174.9626813296927 373.57755226843017 174.96223597566132 416.00252352815454 Oyster-Closed 0
242.37429851142952 22.869716967829124 274.66113090332146 59.36841235012617 228.2136492194877 100.45556212949374 195.9269480000512 63.95699100001661 Oyster-Closed 0
380.6614261570212 61.05832999844269 374.5487176680108 116.33596479968213 295.4846360371339 107.59262253354937 301.59762692595905 52.315303129490964 Oyster-Closed 0
128.96310653338878 104.18418555853854 81.77312196437197 93.85162089871642 94.48028826279551 35.81792238840809 141.66995328816847 46.15045172032221 Oyster-Closed 0
124.40867871742739 81.92603137944829 155.40828944687019 64.43460580601416 174.3503311011591 98.00472273952556 143.35075820267593 115.49609551368576 Oyster-Closed 0
216.94753903270248 86.43312730175894 261.72448729610915 93.3433187303587 257.65374858132054 119.72058324357641 212.87680433806963 112.81040857317824 Oyster-SemiOpen 0
212.45046447330606 80.3358007035811 224.29553188508362 106.03660197509657 148.84321916398403 140.8102618443716 136.99840100001893 115.1096730000101 Oyster-Closed 0
389.2936498002091 124.85746544098599 383.4222493552952 153.06061816455787 285.8147444332899 132.74026288206667 291.6863810682189 104.53740623816323 Oyster-SemiOpen 0
159.842980298592 130.30362156238442 133.86778482759837 172.52621884438886 28.47177470049428 107.6878698629875 54.44691325443637 65.46582857671686 Oyster-Closed 0
169.0250147882507 152.51120834434477 160.97433147965057 188.7417167659501 53.937695838591026 164.95736167266466 61.98877771391926 128.72739508896763 Oyster-Closed 0
299.9236806381341 50.71458676268517 301.4573612332788 17.797346189165584 372.0800311298226 21.087749860433835 370.5464288039948 54.004916052168404 Oyster-Closed 0
148.55685075853398 256.19878905378476 121.71400464619364 219.18952910139834 201.88076847754928 161.04936128305155 228.72335977636249 198.0579145081744 Oyster-Closed 0
335.2216060529936 225.05931799926756 362.638181555405 189.5585201563069 427.93769948635236 239.98369718597064 400.5217773035656 275.48389832111815 Oyster-Closed 0
70.55354368076587 241.74135628802443 66.88945440480165 198.13057116964958 123.17507813436896 193.40189380865365 126.83959446665904 237.01220486298993 Oyster-Closed 0
