18.20375474017783 39.07690950214362 23.675371116278257 2.3580526720888733 117.49763046668158 16.338773869107012 112.02610901991648 53.05755511681598 Oyster-Closed 0
165.94556307297535 252.57106653882374 153.8626038277871 211.13801059786786 270.27011144351127 177.192354325855 282.35363522726766 218.62447926792592 Oyster-Closed 0
310.45031863236363 177.87307870436172 348.0152937824787 215.4563236357782 304.0445054091033 259.40164172550476 266.4799854992525 221.81884803509138 Oyster-Closed 0
0 236.34866399999999 44.899222 236.34866399999999 44.899222 296.038541 0 296.038541 Oyster-Closed 0
131.11836766764827 253.4933814684628 142.3376835451454 228.8421129098117 200.60704480023924 255.35871231772572 189.38814679609277 280.0096250563473 Oyster-Open 0
249.20053584264315 214.29314225542942 266.5757563636871 242.24974957864862 203.62911685245126 281.36654918273473 186.25440586742116 253.41038825206408 Oyster-Closed 0
286.6763076523421 234.3675377362896 309.44111205757144 296.89945988737 247.95196574368674 319.28046978028385 225.188322738868 256.7495247542638 Oyster-Closed 0
55.67283979814238 312.28273478357846 70.88700874537244 253.88076786718327 162.01414066406142 277.61633517805524 146.8016326724828 336.0168743781517 Oyster-Closed 0
194.78922193063772 328.94862850402603 149.72639477429402 334.74678697792825 143.36183848802102 285.2857720880994 188.42347202359088 279.4876910936967 Oyster-Closed 0
306.5896650138893 304.6799492025897 305.35884630029614 266.7248184568879 369.9044720783277 264.631769657657 371.1358840262401 302.58628823059155 Oyster-SemiOpen 0
181.5482826482439 285.0983878871114 207.81225331008318 257.86184800034323 266.79035717827355 314.72555291487095 240.52698995309765 341.9615005663657 Oyster-Closed 0
10.056245555762871 376.3700201088632 0 298.77432906547716 68.76372275257745 289.0490760029657 79.61598900001991 366.643199000001 Oyster-Closed 0
122.29051391773828 315.5617993818037 142.95428568613715 349.23567168132524 92.625621963507 380.1122070336498 71.96254243675867 346.43893848298757 Oyster-Closed 0
223.43422958096926 332.24079460954835 223.03085409515188 411.1291895299551 166.50860838201334 410.8390556915206 166.91343261474321 331.9521252636328 Oyster-Closed 0
399.78214645409025 393.2095517379571 338.18915944715627 390.70035675683124 341.35995026465025 312.9221290441275 402.9499219999743 315.43126199999955 Oyster-Closed 0
55.112216999994416 415.1614720000181 54.76108621905951 384.84096211629947 166.38790795942987 383.54707053801263 166.74021148110114 413.8663908358811 Oyster-Closed 0
213.74555855289145 6.329936333868753 247.6956568793612 36.24368884154167 203.4584409544077 86.44969090985664 169.5084220000026 56.53602100001233 Oyster-Closed 0
347.7954231758231 17.654357320374373 352.6330930650147 73.3580874050062 275.6077953385429 80.04720578479694 270.77032063409933 24.343651298365312 Oyster-Closed 0
104.45761850204144 112.27777237643451 58.15695810624675 104.6874230992706 67.9575754705329 44.90619646821972 114.2578672921918 52.496515529748436 Oyster-Closed 0
98.19255005726882 87.00843953531327 129.61008789568587 65.50891450013218 150.40200602001642 95.89206213548965 118.98451965150161 117.39152414837923 Oyster-Closed 0
233.64769084252475 72.63678379775048 235.76066416779577 99.31370495317255 189.8931741069391 102.94651127882206 187.78030229272917 76.2696857999609 Oyster-SemiOpen 0
186.13666096035377 70.01661603575998 201.04012667732604 92.04902974685464 128.24171027786724 141.29114665912888 113.33845199996722 119.25891499998755 Oyster-Closed 0
266.67088178957056 109.47759196402738 263.09012758933386 80.7522983491527 362.82734356904984 68.31950911625745 366.4082875577733 97.04455700677897 Oyster-SemiOpen 0
135.1231124697115 129.26771326576167 115.16908236024028 178.15626206257025 8.604499138858955 134.66201095009623 28.558762763081177 85.77411707450202 Oyster-Closed 0
146.91326695202224 150.3060966044526 145.97881985645654 188.22018237990363 35.200780858085636 185.4887305466971 36.135835908378795 147.57525352210908 Oyster-Closed 0
342.56959661579094 0 342.5696015674912 19.275394622606346 273.208423926706 19.27538749251902 273.20843000002424 0 Oyster-Closed 0
131.70935087517137 257.6468222773053 102.25505185220754 226.9764244865012 179.24248994221853 153.04789872299153 208.69622151067233 183.71767337224045 Oyster-Closed 0
321.7158396522791 204.37863784359257 331.4185356136404 155.35118399104388 402.213309223931 169.360880023138 392.51127949721194 218.38774398439193 Oyster-Closed 0
56.3166979574562 257.98898369494384 44.63089462109201 216.85114778461357 98.83725409984254 201.45439855019245 110.52333850096693 242.59176436714904 Oyster-Closed 0
