88.25469020969103 6.123477943007412 96.9146175788992 0 159.46960310989743 2.4470826300967374 150.80968258976645 27.63266648963145 Oyster-Closed 0
163.22211495200463 235.52317818732192 158.33183097161964 192.3364611523503 277.37452933711756 178.8565934547857 282.2656342353039 222.04238405615558 Oyster-Closed 0
316.9717926562298 186.66680556229977 347.1315727587098 229.64980486718082 295.1356901865438 266.12977901293266 264.97652390344956 223.14732732701998 Oyster-Closed 0
0 186.49811 37.944523 186.49811 37.944523 252.94753000000003 0 252.94753000000003 Oyster-Closed 0
128.40092152931174 230.44742972904413 144.4727070727822 208.00738271921747 195.46760870553408 244.5269664074944 179.3961526148305 266.96671724519854 Oyster-Open 0
244.50306617024034 208.26651756110058 260.4447653569987 237.50266455101894 196.5190107964154 272.3554218433013 180.57783036964975 243.1197210233929 Oyster-Closed 0
282.0351427780006 238.6711239451016 293.933134511346 304.45236705092896 229.60817874059285 316.0842066575579 217.71136463943185 250.30399172763757 Oyster-Closed 0
43.620978044058575 275.94707121459237 69.96216831159836 220.33298972992753 153.30572509385456 259.80331162017245 126.9659565360198 315.4161808634219 Oyster-Closed 0
130.51763131647385 314.2457891780473 133.5302297513299 263.9791167057896 178.3241673725861 266.6633544712868 175.31217580304656 316.9294535661542 Oyster-Closed 0
288.3456852001909 312.0602983277219 293.89733748876097 273.9099597707771 357.0210136430178 283.09415343897786 351.4700710930265 321.2438560686966 Oyster-SemiOpen 0
170.7992111570129 270.63830057014263 202.42594252846902 249.09230756989018 247.8112396884535 315.7028129319096 216.1848797463026 337.24835621741795 Oyster-Closed 0
0 253.66903799999997 57.86901900000001 253.66903799999997 57.86901900000001 334.194659 0 334.194659 Oyster-Closed 0
106.24691633122711 291.1854273604205 120.870970234173 327.7424850711041 65.93167567716227 349.7152641746708 51.308337629245216 313.1588111426712 Oyster-Closed 0
146.94714064765503 314.69290694688664 201.52306257334567 324.9299309876915 186.73643514354626 403.74355172811505 132.16058870880806 393.50678744414967 Oyster-Closed 0
307.85589400000754 395.8063720000184 304.39263656106414 341.74269419068065 389.50795272827236 336.290912283172 392.9725973968634 390.3531232942435 Oyster-Closed 0
17.185034820922738 395.990293215343 19.10776376222202 351.8819185332479 135.66616997327583 356.96044380491173 133.74521399524747 401.0670999861458 Oyster-Closed 0
258.16921685905254 0 286.0085193732957 33.850046368723326 233.33341110371111 75.89393814846913 205.4941909999652 41.01541399998392 Oyster-Closed 0
385.8362172577981 33.32197028662677 380.8181453363577 89.77879381024869 304.4177719398467 82.98785534295723 309.4360410013942 26.53124264048438 Oyster-Closed 0
131.1672871597002 85.37259597838201 88.05958282267602 69.2756113316146 109.63503891218716 11.49715562735918 152.74254930270763 27.594101217778526 Oyster-Closed 0
129.85588304870907 57.91049600914217 165.1881294195009 43.33508623290405 179.32091744241188 77.5941654348053 143.9886885959786 92.16954341360062 Oyster-Closed 0
263.9217282356185 68.17728501503441 261.308630230571 95.18410472560673 216.0364747188396 90.80365004523453 218.6496489048077 63.79691748073952 Oyster-SemiOpen 0
218.59187564577587 57.45749650319647 229.4924145467303 81.57133156537607 149.3149578414923 117.81441103924894 138.41461599996182 93.70074399998568 Oyster-Closed 0
289.3746805202718 110.68185910925249 290.8470689019741 81.40733569158714 389.8876698056956 86.388390723836 388.41554676779924 115.66264635491939 Oyster-SemiOpen 0
157.60246403267593 107.54348579784424 128.08529140687097 152.5600473601186 33.63708244211739 90.63130280232522 63.154169857731176 45.615187779502506 Oyster-Closed 0
164.63042918974315 130.46563356951793 156.84207212627734 168.22445431743247 49.665021992008406 146.1172469554323 57.45375482043164 108.35891209563239 Oyster-Closed 0
383.78740095458124 0 383.78741217615243 26.71451906472099 316.72978733710625 26.71450975666912 316.7297971156986 0.0000017014603592784524 Oyster-Closed 0
128.49731496143067 234.49924784266284 105.02401486085 199.6146665122717 194.56834681752298 139.36558255046253 218.041487750128 174.24951021864555 Oyster-Closed 0
323.1970669366856 214.865018461116 342.1158618132067 167.56764513994247 407.60008616120103 193.75939242868054 388.68200285518105 241.0561615219425 Oyster-Closed 0
55.92122361432121 221.8465906090137 51.377888999621064 179.00937213747156 107.0466962908722 173.10544913347553 111.59039653084983 215.94224937525388 Oyster-Closed 0
