278.50594576005824 264.8550228249574 219.08602218794113 270.6195429270939 213.3469184518799 211.46039220550813 272.7653713299587 205.69594396961537 Oyster-Closed 0
284.2273907321578 223.74516367456616 305.0516532717993 195.83629283657487 368.55176166686215 243.21290613547228 347.72801026824163 271.121317009945 Oyster-Closed 0
192.14701942386455 263.3194133125944 161.97292351618307 293.9581054960195 128.3044067743649 260.8037471059498 158.47818123383695 230.16538731083278 Oyster-Closed 0
175.47501700959037 244.685075159794 199.8203778998395 221.65695206142675 243.6292761249788 267.96685579038245 219.2842426808238 290.994646546237 Oyster-Closed 0
406.92172816936 238.04781145111798 392.18250903603257 279.65248730110164 337.8786599129089 260.415878852765 352.6181280115634 218.81171850878883 Oyster-Closed 0
50.8367383432269 233.78085886596577 97.14952958682625 299.50986248308817 51.72740108870494 331.50890001339195 5.415599935255159 265.7807836057096 Oyster-Closed 0
312.84218047695686 226.4145761022362 344.08680545149764 258.2453855092318 281.07273997370066 320.090390346473 249.82879742036312 288.2602513625657 Oyster-Closed 0
84.99485133708367 308.10637604078283 87.04170451667233 276.46640498627823 133.344679653208 279.4612864674815 131.29822678789787 311.10088109308106 Oyster-Closed 0
117.9992575512697 302.1658922292846 147.3228966750321 288.8838514159574 162.9453887507152 323.36902419943846 133.62183378022382 336.6509268422712 Oyster-Closed 0
385.7056434744627 263.50099427320185 414.2102123338191 262.30414537489037 416.59719241498897 319.14521016551964 388.0926246152012 320.34204160076354 Oyster-Closed 0
324.1085838482759 340.65482995195543 300.4848961199132 298.3179662353811 363.13493320532143 263.3653467660627 386.7586581786745 305.70140223589624 Oyster-Closed 0
165.59950076262248 289.552319050926 211.08068975346396 290.901865093001 209.252587604562 352.5001609363138 163.77139957312102 351.1506385032107 Oyster-Closed 0
170.878306327686 320.8059286478549 171.4044649912721 363.30519480227423 63.80020940173199 364.63449406654337 63.27544690933428 322.13659321650783 Oyster-Closed 0
303.3006512835673 391.91419741851314 247.91942667303374 401.87584118520095 238.47220863225812 349.3621163549707 293.85156458426354 339.40064393995914 Oyster-Closed 0
394.0583479704219 356.41785183696226 386.24849731578433 389.3496644667787 323.7176080546087 374.5230231320254 331.527923000016 341.59189800001917 Oyster-Closed 0
126.36403852262083 364.56255352214396 126.80877950783906 415.8192622662393 18.66215479433231 416.7544357547142 18.219331002826948 365.49962992606186 Oyster-Closed 0
342.2673191659669 358.5829548401625 343.5439750711739 383.51830685040136 312.90875687163134 385.08611126350894 311.6323630000006 360.1510089999802 Oyster-Closed 0
143.1776912631285 415.99997808748697 143.17821885962258 381.3466408630157 188.90087493432293 381.3473649389872 188.9009045578823 416.00013847292877 Oyster-Closed 0
0 61.740847 21.615763 61.740847 21.615763 107.616604 0 107.616604 Oyster-Closed 0
174.84346660635856 59.217692761113774 174.50883460750265 94.93705459015223 115.27017301968954 94.3819179022192 115.60494653934074 58.66270518046332 Oyster-Closed 0
243.20687454817016 91.25204781462133 239.73643621345764 63.271800072137125 323.7639230243585 52.8496943197612 327.23448999663015 80.82978146977557 Oyster-SemiOpen 0
127.08962916979726 105.32027034184375 106.56469368665785 145.11224807694805 11.24693549616859 95.9470874196977 31.771932861538517 56.15546170706619 Oyster-Closed 0
135.27376440201988 119.81291606635624 133.3944316897032 154.56123373548837 34.18211128971598 149.19472225115163 36.06182985511987 114.4467947969415 Oyster-Closed 0
388.2290046012786 96.19728685265709 389.71399541254505 126.13523568408301 311.49588384971867 130.01453303631126 310.0111377100766 100.07682015243051 Oyster-Closed 0
180.50767588643066 139.31382764706578 195.10450389857579 180.48993874713102 118.40002498752438 207.67926058708787 103.80379440044271 166.5036532056097 Oyster-Closed 0
360.9749013061992 188.13811427361074 293.46358403955674 179.95487350362296 299.2270808637404 132.41201068069805 366.73748111551686 140.5951947417677 Oyster-Closed 0
60.52177245740677 212.92463053977463 52.098903794129 174.78711712843688 99.56809036712366 164.30391258692796 107.99117571312672 202.44111719899996 Oyster-Closed 0
156.19293733451923 214.04946125462945 145.3861933498738 175.15801029443497 244.36522234322183 147.65592300628535 255.17235005216935 186.54672736714767 Oyster-Closed 0
286.6862965935179 151.21209319096096 318.92727009983355 189.42786058964526 278.10211430858544 223.86778570941024 245.86150022535367 185.65235522238572 Oyster-Closed 0
187.10578468421227 222.60679757469302 172.37057879896747 246.16343434973626 123.5615142767274 215.6345567695216 138.29669061171808 192.07818208349013 Oyster-SemiOpen 0
