267.6494946864477 267.9370145472868 207.84585225882984 267.12083514393584 208.647036664599 208.47521458543508 268.4492057279749 209.2913839205659 Oyster-Closed 0
277.9264452432508 227.16141666755067 301.5576801408206 200.77478562977961 359.6004843444607 252.7517921093235 335.9697125516286 279.13798518633234 Oyster-Closed 0
149.31580222204138 288.02756458422425 118.21708293111442 254.37023136413117 150.79852864454006 224.26934212264408 181.8969786628295 257.92634331294954 Oyster-Closed 0
167.23655089805834 239.75717010196013 194.12636543460758 218.79199809289713 232.62038644462882 268.1591011282659 205.7308355300629 289.1239791935518 Oyster-Closed 0
397.99330785775237 250.3952181761057 379.7495456001998 291.1649814366292 328.12405873520765 268.0656468546883 346.36797254663543 227.29639955233375 Oyster-Closed 0
65.45469965595112 298.73954534419636 0 295.67707215684885 3.1063961064028263 229.038672843091 68.57138682908408 232.101099264018 Oyster-Closed 0
306.0504153271431 231.991137039133 333.7761013878808 265.9530697120441 264.21060762981506 322.73625965568914 236.48572407945176 288.7750671930811 Oyster-Closed 0
75.10202355842921 265.0728972060035 120.72682631292628 270.7568495784105 116.7856366979504 302.38819596606527 71.16084215000228 296.70428865870576 Oyster-Closed 0
103.45915274296931 292.110647662539 134.3920491299359 281.87091678065707 146.20286008619223 317.5442930698137 115.27001176360136 327.7839209014744 Oyster-Closed 0
374.6458086524872 273.68807459291935 408.01008980646293 275.97625480938 404.10122355172643 332.9631184181653 370.73694589999286 330.6749731216906 Oyster-Closed 0
304.93876752624783 346.4411424352123 285.1859935073553 302.9080677789655 351.66221672884785 272.7500472700457 371.4152262994321 316.2822549658924 Oyster-Closed 0
152.49788264014205 283.32824455175466 197.4405543252542 289.65707253116693 188.89911395854506 350.30165100373233 143.9564643659869 343.97293155964365 Oyster-Closed 0
153.30243162400438 315.1375138166286 150.61067886768797 357.58376178148563 43.28876738746476 350.77673375304556 45.98176645245985 308.3318081567312 Oyster-Closed 0
278.42389169005037 397.31317036684567 222.02380335215275 401.16229004288454 218.4007536521167 348.0732260148146 274.7988951679181 344.2241726511935 Oyster-Closed 0
371.9074441815683 367.27681668385617 361.4615528444665 399.7852563998133 301.56183005915955 380.5417815513187 312.0080799999814 348.0340210000114 Oyster-Closed 0
104.34162228204514 355.34930307917216 100.59617571007038 411.13072439584636 0 404.15533423782676 0.4738934129854897 348.37582719151385 Oyster-Closed 0
320.18902044260176 365.7464735870551 319.5761077782736 390.6903930951645 289.52650340802575 389.9519278055744 290.1396590000222 365.00825700001553 Oyster-Closed 0
121.90923275450768 373.5264791956734 167.19252045545363 383.5410776449321 159.72945844024434 417.2777631649352 114.44620772213966 407.26328488798384 Oyster-Closed 0
0 45.805581 33.915968 45.805581 33.915968 93.628225 0 93.628225 Oyster-Closed 0
182.95921142500083 91.41162087246606 123.90325446883799 85.09501677284464 127.75243706901892 49.109561026501325 186.80813192317146 55.42615093889552 Oyster-Closed 0
251.98424191102094 92.09968284010424 250.65231253736783 64.0253477104884 335.58450736668965 59.99582189873365 336.9165898258725 88.06998722619156 Oyster-SemiOpen 0
134.23226870854342 97.2337698897373 110.08545980471536 135.73403442060243 20.63733090338792 79.63378162870818 44.7841175253925 41.13380784330325 Oyster-Closed 0
140.96679770105402 112.39470160411467 136.44352465334305 147.00340534412814 37.71356672176262 134.09920092846303 42.23715866916609 99.49084995106553 Oyster-Closed 0
395.1112727834043 107.98720700796531 394.32830595171254 137.93349950148897 316.25997746363646 135.89196149498247 317.0431887819868 105.94592239007576 Oyster-Closed 0
124.78209307932048 208.3014571639795 98.77886703684271 180.2083318077294 167.03559816773122 117.03267278288794 193.03850850411982 145.12541402929355 Oyster-Closed 0
358.0900412614392 198.27577551041634 292.2461275214555 182.85068988403444 303.1541138177963 136.2927886659727 368.99712241624 151.7177630258358 Oyster-Closed 0
56.51940476298114 199.40721402160526 51.08556366684934 160.97706771343803 99.23540295313433 154.16923509673262 104.6694842286488 192.5990905524049 Oyster-Closed 0
152.0978793880422 207.66439265889844 144.40286767288853 168.36552152477495 245.53717544209576 148.56330721744052 253.23265856936632 187.86153424745237 Oyster-Closed 0
288.1483665646774 155.23592961997434 316.3900970997129 195.48283373761757 271.870826481565 226.72013441089277 243.62950806721346 186.4735984750074 Oyster-Closed 0
181.11709215507653 218.54755195807462 164.1270673823601 241.10505034089115 118.84188444702886 206.99928571005614 135.8318105251201 184.4420274593093 Oyster-SemiOpen 0
