264.03982317947884 244.77959680361937 203.97313972933262 246.42273632849577 202.42991308601995 189.99001448862623 262.4952909767744 188.34689291071805 Oyster-Closed 0
272.8108553842976 201.98764037267813 294.454497531111 171.91065907061554 354.7324750817643 215.28422030310122 333.0892990829925 245.3607853542477 Oyster-Closed 0
146.25428000649117 280.1223367980724 114.12467849737368 250.7414521651449 145.41949625532288 216.52291927032405 177.54873921851322 245.90351068575697 Oyster-Closed 0
162.3299572170872 229.74966909898876 188.4875160925294 205.3565672024477 229.00117655008216 248.79677596431804 202.84391780610167 273.1895714951146 Oyster-Closed 0
329.6648374521719 238.12690736023086 339.7917892416881 192.44758753180474 390.9610596379789 203.7907211660003 380.83464128284686 249.46957829751636 Oyster-Closed 0
0 239.885839 63.036207 239.885839 63.036207 303.823353 0 303.823353 Oyster-Closed 0
300.99738237305064 202.71024205183105 330.119342490143 232.4698225990215 262.7831866841552 298.3555488366079 233.66185256396784 268.5965812864782 Oyster-Closed 0
68.50730699998894 299.0012989999854 68.52787900582916 267.2119507416165 115.77826474278481 267.24239806398504 115.75806594335882 299.0313759475885 Oyster-Closed 0
120.03447247093573 324.1040805924005 99.38693022224106 298.49706109404616 128.3529463083978 275.1448822935566 149.00035419292544 300.7516510411075 Oyster-Closed 0
397.6295199207998 291.18464791369996 368.41443217815686 289.48326186097586 371.7713891331259 231.8543272045069 400.9857006540842 233.5556905595307 Oyster-Closed 0
305.01106041915045 315.8362712765817 281.5536253820501 276.6568797494607 347.31718190820175 237.28836907757602 370.7745849359162 276.467030409045 Oyster-Closed 0
191.80595653970158 276.0623431917172 189.63418629176522 336.82657793099395 144.21323354126798 335.2028697760812 146.3857218995763 274.43938817469507 Oyster-Closed 0
148.74702043331854 306.4839400744531 151.95852964848382 348.53878021205634 44.30058167338575 356.75593881249614 41.090486232275 314.7024130495936 Oyster-Closed 0
218.79377644119086 327.35424766183723 275.6668594220391 322.3425883471635 280.2898984653184 374.79475773833957 223.41682603484878 379.80633583878307 Oyster-Closed 0
307.37047750320926 351.8385385834062 311.6851160000042 316.70748300000054 368.96518118749736 323.740909000839 364.65121004842877 358.87135238934104 Oyster-Closed 0
101.97145428609656 353.04122798625895 105.9667015401792 408.0074632535174 0.6253534299903549 415.6594811281808 0 360.6952111433309 Oyster-Closed 0
290.45738913508103 335.26804853391013 320.55105402976915 334.6483977501576 321.0528451061982 359.0130754517178 290.9591803673429 359.63272162265935 Oyster-Closed 0
166.97887313882165 374.73677551221436 162.18260294064385 408.5996885910109 116.98612799262992 402.1992094500644 121.78283708527306 368.33681957940234 Oyster-Closed 0
0 56.728643 21.037951 56.728643 21.037951 101.587073 0 101.587073 Oyster-Closed 0
174.0299100962402 44.26744379180278 175.971840526483 79.76472361116964 112.68310771116376 83.22683897414343 110.74131031376965 47.72969157398328 Oyster-Closed 0
242.06415886478499 71.67012396897857 237.00884497418156 44.55821629525809 322.06664154986356 28.69822634252117 327.12203406637855 55.810019957137044 Oyster-SemiOpen 0
122.79621052270522 93.0127278823337 102.79413220325296 135.69162582706724 11.273606451439264 92.7993531004528 31.275779249281186 50.12077850132204 Oyster-Closed 0
130.8359799873797 107.39337302714131 131.18408733740216 142.23268293647513 29.224361750828393 143.250555333383 28.876649398465815 108.41161836221201 Oyster-Closed 0
383.80890701620956 67.75752877532086 387.139776545082 97.16917021815749 309.6840311876949 105.94060484799243 306.3533539678283 76.52914006806803 Oyster-Closed 0
118.41178107328233 204.68870635917915 91.55229588217117 180.16619416896606 157.33106383039194 108.12244480782945 184.19013384739446 132.64461837426822 Oyster-Closed 0
286.3795734272753 152.98414926064547 294.28967404428477 106.01308943300283 359.93629767037055 117.06790733915665 352.0266221892307 164.03858028973173 Oyster-Closed 0
50.5993297998466 205.04407576644823 40.39466937985708 168.67386539937237 87.56327619625517 155.44011779414814 97.76810771425153 191.8100469528279 Oyster-Closed 0
147.57958882042294 199.53131259365804 135.2385296396278 162.73745740986664 234.42384882919214 129.47081551677599 246.76518498019868 166.2641042455096 Oyster-Closed 0
279.65428508304467 129.50981122231525 310.0578672263 164.977641737038 266.69264607833975 202.14889164216865 236.28937801512075 166.68135678429164 Oyster-Closed 0
174.7740826348163 206.48487267153044 159.8703724741281 231.8684154396355 113.0227477823064 204.36404754256435 127.926451491232 178.9807546533402 Oyster-SemiOpen 0
