310.77477351361085 196.33510184480284 269.0837759506285 266.7384643190228 193.22150765323022 221.8175073639154 234.91241628149874 151.41535452736267 Oyster-Closed 0
293.5766722008775 196.9491023376849 324.6177131371842 159.4683369315285 400.1172604394196 221.99182223926996 369.07696004026366 259.4719034076902 Oyster-SemiOpen 0
240.17964166740057 251.06967474992857 210.01210496751446 275.8061221385797 152.0077319503398 205.07264020854717 182.17457321544498 180.33665097343012 Oyster-Closed 0
114.14911931834285 261.6725505693308 111.4797931175417 212.79012002821887 168.3281468444875 209.68601667040747 170.99801649553774 258.56787331771295 Oyster-Closed 0
9.397334999954182 201.76454500000102 41.67760935840124 200.26124021567955 45.69788202394557 286.5796283804644 13.417609424494003 288.08290501295374 Oyster-Closed 0
324.6318012608426 218.6356356465003 350.78938098875005 262.81578247214065 270.7754140507968 310.1822372872817 244.6189227343275 266.0030341270431 Oyster-Closed 0
191.80741876381217 343.88974409061007 124.29835654509588 339.0373073035382 130.13555685705796 257.86596842460796 197.64169008016688 262.71829874092737 Oyster-Closed 0
365.03872117298306 250.8181841156587 417.3346390492952 290.1116695347213 360.6872848840103 365.4906088973064 308.39222048514785 326.19811687663395 Oyster-Closed 0
136.22925478576872 303.20024830814145 135.17562434261345 353.3906057240924 13.280130303835904 350.82908518231653 14.335484638340859 300.64048004515814 Oyster-Closed 0
307.71204565063454 394.8127590395374 305.2472782054865 343.86688132199885 388.66261515547376 339.8322001345684 391.12869153635984 390.7766524628766 Oyster-Closed 0
18.086952741196 0 103.91619687752973 1.947333633299662 101.14653455441294 61.60094244103901 15.317293285403139 57.615979365711105 Oyster-Closed 0
389.70602185943426 35.18656218403945 338.9950497751597 80.17913179051433 298.58635009011414 34.634603903644425 349.297231885419 0 Oyster-Closed 0
209.97099502817218 45.640400961984064 216.3687333572816 15.620442711014686 277.82827421818365 28.71840830972163 271.4306064565608 58.73830641666427 Oyster-Closed 0
415.99999193348776 35.67116189069553 418.3334119113497 77.9360497732839 348.8272094262793 81.77321347349299 346.4939468992052 39.508469657506105 Oyster-Closed 0
206.14172339780998 86.18311849678645 211.22679134281861 49.44632497760355 288.5895565303872 60.15457601593459 283.5046915505118 96.89119495782563 Oyster-Closed 0
310.15933897370996 125.45757474527827 335.7735759527641 71.2243771676046 428.91383151585615 115.21340048540506 403.3003117705375 169.4459796737123 Oyster-Closed 0
129.3588269586835 183.2404993187008 114.34070973193957 122.88695804021714 258.50910353126164 87.01261828254887 273.5279822658558 147.36523537499576 Oyster-Closed 0
17.739416735686973 167.97690864775853 5.073029646151554 116.08561553869933 64.29029281332623 101.63146602864639 76.95692796502044 153.52237099172063 Oyster-Closed 0
168.38813800000207 4.6683585260518725e-12 168.38814171265403 15.213899351496035 92.05046077058796 15.213895504720128 92.05046449582005 0.0000029601746787262294 Oyster-Closed 0
308.28938985982677 97.55409125851243 350.66295325654573 149.35254071605098 292.6196518563447 196.83230468914385 250.2466286938543 145.03436052837455 Oyster-Closed 0
