298.69141303281503 202.8989966311221 251.95460218938388 271.84378890294107 180.23356227144905 223.22809668423355 226.97005801987325 154.2844912351833 Oyster-Closed 0
281.834581138919 202.89418993994354 315.9662277164789 166.92953017911503 385.519285190956 232.93293051721503 351.38832894688676 268.8969239130257 Oyster-SemiOpen 0
224.3314581274135 254.8114431940757 191.84438910085373 277.5882255265839 140.50804794191936 204.3725219340322 172.9942848684077 181.59615408332658 Oyster-Closed 0
98.66712308968272 259.22534719705766 98.27489071958553 210.27101369935863 155.4472136913646 209.8129049061719 155.84001913900647 258.76666409015536 Oyster-Closed 0
0 194.540043 28.19989 194.540043 28.19989 280.930945 0 280.930945 Oyster-Closed 0
310.42422508631716 226.22653483973292 333.7667650031035 270.96188127920027 250.259366002756 314.5283328417612 226.91798473927702 269.79397620074474 Oyster-Closed 0
167.79607093632512 346.3154583340789 101.5776385422032 335.78752572399077 114.47773797300397 254.67333502668862 180.69331679640163 265.2010345733314 Oyster-Closed 0
348.2197009076408 259.9705370428 396.62863557399396 301.7964605856676 333.75699458191957 374.5496505534768 285.3490918936732 332.72483709383033 Oyster-Closed 0
114.885798560892 301.65569400988795 111.46200796048652 351.8949986908625 0 344.0728354661826 0.12293185273301788 293.8351976712214 Oyster-Closed 0
279.7304633726817 399.5664961752073 276.9597433702511 351.97912582301274 354.0637993460987 347.4908813674565 356.83565238235315 395.07700993342104 Oyster-Closed 0
25.30239491813336 0 109.75395202650907 4.495752065862579 102.39813419094207 59.60975857948454 17.94658682204681 48.338415489714265 Oyster-Closed 0
391.8250158108094 46.31921841756777 336.9834379344393 88.1736157437075 300.79364417344914 40.754311333576965 355.63506107158173 0 Oyster-Closed 0
212.28869677013063 47.90318221260558 220.26747322813753 17.941042576263353 279.899575880514 33.820723733314445 271.9208764293653 63.78279821063427 Oyster-Closed 0
415.5815742063205 47.6916973764957 415.77115935838447 89.8788706556952 347.9491068170064 90.18341892694765 347.7596942578566 47.996411791909864 Oyster-Closed 0
205.8220679246806 88.37593007666109 212.74238618123854 51.653685008893554 288.0271512243853 65.84086901776881 281.1070472854881 102.56293182164164 Oyster-Closed 0
304.81923078098407 132.39782024865463 333.9798987588838 78.85666653520916 424.42781621903487 128.11704055689728 395.26790691046335 181.6575361463712 Oyster-Closed 0
121.22552034169348 181.31272966979753 109.17086281804586 120.7805158645428 255.10906070722194 91.71739216188966 267.164566886393 152.24865904698095 Oyster-Closed 0
10.572674383936828 161.08855832881952 0.4476537253103743 109.04666340066663 60.98168200953296 97.26979215468657 71.1069743918415 149.3113111666938 Oyster-Closed 0
174.78515699998025 0 174.78516000781383 13.616956838834623 97.80208550138559 13.616954239246274 97.8020883424615 0.000001709448906589086 Oyster-Closed 0
304.3284105968669 104.83885524248197 342.786653735282 157.93335786622143 281.0773349047995 202.62912158348476 242.6196988319898 149.53516813161957 Oyster-Closed 0
