317.9910063364405 228.29733214901563 273.1090571648965 290.91942312320253 198.37606987449544 237.36172299084924 243.25757774106023 174.74088079786392 Oyster-Closed 0
299.68047103335994 225.92111551378665 331.1811664412926 192.85796969789203 406.48781753553703 264.59918589048743 374.98789395636413 297.6615849633734 Oyster-SemiOpen 0
245.4451185200778 272.2153538096253 215.9740154461033 294.11813382402914 158.01141876957627 216.13501656601196 187.4816840178646 194.2326972904724 Oyster-Closed 0
175.1171864731332 220.35378145347627 175.5697764577635 269.56226248698016 118.61876734908219 270.08537511905337 118.1667877128566 220.87750198761694 Oyster-Closed 0
14.737472784268903 194.48868198847205 44.31480764207663 192.24768784889872 51.02917495089787 280.8579185192083 21.451844927265483 283.09887087024987 Oyster-Closed 0
332.0324254942461 250.88446187312596 354.3889958740074 299.7179813496091 273.5843787974736 336.7041398746576 251.22911740079144 287.87172864147084 Oyster-Closed 0
197.2920593685376 354.7081939773313 129.0657337966877 349.3099044262323 135.31605027418846 270.3522872564786 203.53938285653567 275.7504568674702 Oyster-Closed 0
421.34656338076456 328.6736083200642 387.3957357485051 397.0959264561746 317.80609661620474 362.5716131387686 351.7572365728629 294.1508661885278 Oyster-Closed 0
145.86402247335354 312.02829110828355 138.62930885958122 360.8421813182926 15.489256375894911 342.59208503569533 22.725401602536294 293.77994519085695 Oyster-Closed 0
312.2560872549184 415.9999536305317 312.2574595435799 375.4366263950776 382.68221743848335 375.43900715468044 382.68184398860103 416.00131176441386 Oyster-Closed 0
24.660525718867575 0 111.15351045902935 3.814856821198946 107.94871909070207 64.24719963383625 21.455737859119836 59.660397724717484 Oyster-Closed 0
345.521090944163 116.28110107723714 306.6541541795814 64.91710294240859 357.94441857789207 26.106360734958038 396.81129460966986 77.47017677030058 Oyster-Closed 0
215.98639610517785 64.82320804400253 225.47715023312048 36.826153605713465 287.7412132320278 57.932954884931966 278.2505759192063 85.92991031617066 Oyster-Closed 0
419.5276990229868 82.17166902052384 415.8115791216296 123.25626090723337 351.25428352651215 117.41682884614626 354.9706122939824 76.3324671207375 Oyster-Closed 0
209.3762240587821 103.97405802117257 218.58574822930677 69.18959180569095 298.59858775150497 90.37327242716808 289.3893462373635 125.15750068442375 Oyster-Closed 0
234.66319190170543 5.461833236887703 234.24668906201987 23.35676992688482 183.24381075968995 22.169664027266712 183.66032399997493 4.274740999990604 Oyster-Closed 0
343.95081135553846 108.19530652979111 434.2973443311603 159.9008304894977 406.1202372596308 209.1329365746817 315.7740042882979 157.42782790669287 Oyster-Closed 0
131.51362872615937 191.8899551919467 124.05035356645749 129.20410088183942 269.7402118109894 111.8578616492784 277.2045717053734 174.54260633869734 Oyster-Closed 0
22.246824352776457 162.20148695322644 16.089371602363826 108.36415527696374 75.04648960168197 101.62137152611574 81.20426226987911 155.45831771827199 Oyster-Closed 0
179.38309912581462 4.175176289169319 178.88607707161646 25.529821537501697 98.8130519602746 23.666101564417193 99.31009379549869 2.311480576733424 Oyster-Closed 0
317.18013898050776 127.76858521967387 356.93140830830816 186.21663303936003 298.34598644659854 226.05838633184607 258.5954410366503 167.61098471664462 Oyster-Closed 0
