402.87092717698397 254.00085798556583 348.1210477935674 334.0190332960531 217.77615000590959 244.84196218213577 272.52526079540985 164.82666095861143 Oyster-Closed 0
114.80656859809096 265.86719569996023 147.0188294376203 200.7618850825955 304.467499496448 278.65328880447726 272.25848735933323 343.7558213303766 Oyster-Closed 0
133.1106758603455 277.7923784232745 126.6735967436689 323.8021651601961 25.74505943681288 309.68173213739453 32.18315240490483 263.6731380669826 Oyster-Closed 0
198.72912347567762 415.9994925743991 198.73721300874968 308.65943346343613 371.2821130107004 308.67067146162293 371.2799010674098 416.0048499766199 Oyster-Closed 0
0 395.1047454877245 7.10126599997966 305.0993239999984 103.88952867026092 319.2817063318834 90.70127965922438 409.2843448912704 Oyster-Closed 0
416.00034095729643 153.50102800000005 378.618666274353 153.50102800000005 378.61904563718053 53.683168 416 53.683168 Oyster-Closed 0
350.0243726687404 27.51623265065097 361.6860600993059 134.05183560062937 141.52456139364585 158.1481996769853 129.86489306029762 51.61440227131146 Oyster-Closed 0
37.83521370199378 131.3537129994702 74.9292340963184 35.47967731722852 179.60265439697469 75.97781094171455 142.5098098275048 171.85084267367077 Oyster-Closed 0
441.00725146979676 197.89854338222253 377.91209816229457 257.0227337691867 288.8643387034099 161.9984361513671 351.95799850351614 102.87552128884809 Oyster-Closed 0
195.67485037960068 143.22175891404527 266.2642066111366 105.76316837401484 303.80611000001227 176.50711599999548 233.2170594484851 213.96527924108415 Oyster-Closed 0
171.30203084494497 126.56600476874998 196.4461016190362 228.83937111718333 28.89853712144395 270.0244850594819 3.7580870115052676 167.7543082912679 Oyster-SemiOpen 0
