397.51185995070773 226.88592096211883 355.5202288699402 315.4762978011415 214.28551000662264 248.53521045889983 256.2777357220293 159.94782811781658 Oyster-Closed 0
117.46695071078284 287.1287757534849 139.1237575255982 216.851926283164 305.1432638656297 268.0057479500798 283.4899883019716 338.27956278503086 Oyster-Closed 0
137.0113752085781 295.95627327126607 138.374212691102 342.93606248491176 37.44280070084642 345.86115787560607 36.08134175566738 298.88269458953573 Oyster-Closed 0
214.77014304485056 415.9994240519839 214.77813983596934 301.27438593220927 382.40885457458353 301.28464062110896 382.4069317135218 416.00361103894215 Oyster-Closed 0
10.226856256806059 415.999803926332 10.230830000014976 344.09047700000195 116.04549463424337 344.09566169290207 116.04407431010259 416.0024426283808 Oyster-Closed 0
402.85107316734866 125.4910023117725 355.32742537377635 129.90320325116988 345.80890664073013 27.37761665868267 393.3319013334112 22.965446204385728 Oyster-Closed 0
308.9200754092926 10.000181969486441 338.9374740620624 113.77478096327536 127.81892408635758 174.83866568384158 97.80359536995093 71.0657774786953 Oyster-Closed 0
21.14948034376721 165.88843359208596 42.496785884475685 63.9971130720583 151.13558985609052 86.75768741846308 129.78973739033245 188.6477193691997 Oyster-Closed 0
426.4659940183228 164.9389208817089 372.74881709680267 233.54488326745965 271.032505750929 153.90536073527244 324.74902291898616 85.30070266747946 Oyster-Closed 0
176.93808746889772 150.61024845009865 241.18865856740013 102.84129769408625 288.23420200002874 166.11679899999746 223.98410098360182 213.88521592307362 Oyster-Closed 0
150.0677265151462 138.985268215087 192.77106714042748 235.86520032242643 35.58321975934814 305.1414654509161 0 208.26485964678773 Oyster-SemiOpen 0
