393.13024344580117 198.8309770534851 351.6395376730361 291.88169558242464 213.5973993262378 230.3320525597392 255.08881485143866 137.2840721372057 Oyster-Closed 0
111.1169685035311 271.43140897532726 130.95188557325673 198.5669302735064 295.34922422543605 243.31279171703497 275.51761199360044 316.1744111977073 Oyster-Closed 0
127.115339535987 279.52822483685117 130.35444963299597 326.09813183444345 28.371277160866157 333.1880333992904 25.133531434745237 286.619398168607 Oyster-Closed 0
207.65112318836327 409.25605579473097 197.56853047249024 285.3387127249457 370.04214253813916 271.3066809586991 380.1305602033717 395.21761362361286 Oyster-Closed 0
2.18092960568174 415.6547895830651 0 332.6437704943458 99.76647579862038 329.7387534389679 102.18095155281844 412.74706195943565 Oyster-Closed 0
406.853951789406 98.09509132462347 358.83241129013186 99.49621330898344 355.9561789518011 0.910937684657639 403.9772979640111 0 Oyster-Closed 0
318.3242369127547 0 350.5637031655169 86.73443992227591 133.20210366856554 157.04259009449484 100.96422619394798 57.37716755381138 Oyster-Closed 0
154.61841820741392 73.27387609317337 129.45373966571788 179.4892846128245 22.25323799999387 154.090729000005 47.41872563265497 47.87644613974618 Oyster-Closed 0
426.88101249518513 135.70871231825726 370.5594089220467 207.93500359392286 273.4825701527443 132.23655498278714 329.80361457444815 60.0113735188364 Oyster-Closed 0
218.056213613203 190.86457377189677 178.2448703036789 130.99150955167778 249.65622104277645 83.5098615913387 289.46741664633737 143.38227610471247 Oyster-Closed 0
150.28745260442884 123.08160632633098 193.33882966752208 215.16072317774038 31.894091064183158 290.6344252891686 0 198.55836151575076 Oyster-SemiOpen 0
