104.88271588343196 217.58635468970215 121.86551735942703 174.5728265555761 202.3302611434301 206.339701028729 185.34827763278372 249.3525357545955 Oyster-Closed 0
373.6563348510972 179.4051168332413 377.893250249228 217.5731703053404 238.0570196043409 233.0921650610324 233.8211661156165 194.9250528345844 Oyster-Closed 0
0 263.8887051510066 25.61058998307999 188.4632281672121 202.25969572778195 252.15075440161596 175.06633508767482 327.5731136611179 Oyster-Closed 0
0 259.8571126460481 24.726019480971445 256.22066245611256 31.93482322149066 311.82165838962646 3.8833236880054756 315.4580571962573 Oyster-Closed 0
304.7518906711193 247.0022936470524 280.11037429809585 310.7786378795382 186.86382244574634 274.7532421551389 211.50594852577706 210.97831771852555 Oyster-Closed 0
404.4112258932437 310.1124369660164 302.16522624742356 306.542366743679 304.5517599439372 238.23952457163767 406.7944949999619 241.8095389999993 Oyster-Closed 0
36.03367916627758 343.5906802382537 43.77663834589475 297.36322963880434 149.58767845940383 315.08223468788697 141.84634713129708 361.30823226241046 Oyster-Open 0
126.45122348435325 407.75982338046435 70.14337752267966 426.173965702588 42.0283741256826 340.2200001944789 98.33308988286808 321.8064149757139 Oyster-Open 0
394.37540399908175 0 394.375430927892 43.76552670201154 334.15841791294224 43.765503659182016 334.1584404908717 0.0000024508226934322222 Oyster-Closed 0
363.2502623462933 27.593404399862823 347.6044250614068 21.76119867783827 354.2390949376204 3.9626431667261954 369.88492478921034 9.794847342234618 Oyster-Closed 0
0 116.06303 45.574288 116.06303 45.574288 166.568658 0 166.568658 Oyster-Closed 0
151.0060837844867 94.11291811466238 170.84971208802745 167.96112939313957 60.80937505261318 197.52722206282886 40.96696618328133 123.68002178611704 Oyster-SemiOpen 0
140.9954690000195 98.81871400000003 177.82459873018888 65.18750908930562 256.8496951822963 151.7250156178535 220.02097789251638 185.35578640183715 Oyster-Closed 0
404.7998467198777 129.88230415607802 387.68558227345056 131.70329096039976 383.4705742534752 92.08942693174802 400.5847089999843 90.26844700000022 Oyster-Closed 0
