120.52255618297568 212.2204836150736 139.88502736796363 171.93465921979592 222.05535109095945 211.424826984212 202.69368243758072 251.70996606748304 Oyster-Closed 0
391.4374801432714 198.09790198408686 392.3615653431334 236.84296431955775 253.33383169573426 240.15581226318497 252.4108115384879 201.41175175779932 Oyster-Closed 0
14.975035979594395 249.6352673791042 46.64497649031546 178.73215878540933 221.72263763207957 256.92328168503735 190.05618981895532 327.8234368925382 Oyster-Closed 0
14.276454573646333 247.32917868942843 41.95344204441426 243.46858490975788 49.90461817415053 300.46425366014216 22.227641599714843 304.3247938075741 Oyster-Closed 0
322.7742939706295 260.052624987109 294.5410827741289 319.8369270502517 203.11805029388051 276.66613457823064 231.35160700745473 216.88321953857252 Oyster-Closed 0
416.00870908866636 263.6829682830312 416 327.84716000000213 321.3997812636444 327.83190679806034 321.41004442669873 263.6691882108456 Oyster-Closed 0
53.058203882803355 332.90876104682246 64.42444230879119 288.27448598242006 171.58117675705216 315.556672909124 160.2165839060399 360.1895227352201 Oyster-Open 0
59.78943818273183 331.7012058941108 112.95699238762973 312.294946835914 148.40957168204477 409.40328837406935 95.24235179445168 428.80889156637596 Oyster-Open 0
410.0181061594667 54.9333064254864 351.78484452095654 61.734231755100254 344.71115678521164 1.1647788469844145 402.9442299907678 0 Oyster-Closed 0
378.65703061369277 44.3858348457762 362.4774318451564 38.35679010369283 369.0442103433197 20.73418694394103 385.2237932682219 26.763228393459176 Oyster-Closed 0
4.9352425279030285 105.9615803051024 61.19476281365132 103.34133341197652 63.4559609835851 151.89047073770178 7.196441943269747 154.51070346838165 Oyster-Closed 0
169.07175138765524 92.64938912479323 183.11798530313536 169.67864915799623 74.5633793144516 189.4713456144811 60.51830924390015 112.44306354683378 Oyster-SemiOpen 0
156.71406000000934 96.92908700000801 192.8604174752727 66.01656116523525 273.0084884973512 159.73237405773432 236.86252650829192 190.64446928953458 Oyster-Closed 0
416.0000507182158 150.056224 402.1942220717283 150.056224 402.19429352318184 111.124126 416 111.124126 Oyster-Closed 0
