113.3890952751135 191.9080366588408 141.5445084259227 156.30105376851523 211.70103401560846 211.77203673378236 183.54623414153684 247.37845029465242 Oyster-Closed 0
379.7012284380435 234.221878952888 372.48483425692393 272.4552404276145 236.4764854358109 246.7840132014693 243.6937478732434 208.55171848215645 Oyster-Closed 0
1.673692679105443 206.4228253186174 48.76631133046976 143.1982338431872 200.44374349196733 256.16452239859166 153.35373051564238 319.3867048480141 Oyster-Closed 0
2.387808809624403 205.20777561957163 23.918298670359945 204.95727106780552 24.589701936230995 262.6581211220128 3.0592121146073623 262.90862269207946 Oyster-Closed 0
298.18442263920224 280.41397013290486 256.9116652653938 333.3704242048792 178.12859075624874 271.9759519696907 219.4007732542159 219.02074609339155 Oyster-Closed 0
409.5950745280461 307.8086484048718 393.8909670000103 382.44896700000976 279.63448183078435 358.4106398377075 295.340431700708 283.77268753185064 Oyster-Closed 0
18.744219642579992 295.64862264494445 39.62655584285676 253.9790120580032 136.97110758673807 302.75473339182315 116.09018298472074 344.4231338117376 Oyster-Open 0
25.221807367168367 295.39538708681664 81.79324054976314 289.3120082071156 93.1296965034926 394.71344316202055 36.55829630008884 400.7966268145169 Oyster-Open 0
377.12243 11.033112 416 11.033112 416 95.045733 377.12243 95.045733 Oyster-Closed 0
404.6344568363129 81.7452531443007 390.52629062064443 72.25828316734717 401.1234582517791 56.499294796277255 415.23160067837307 65.9862537242321 Oyster-Closed 0
19.186592129037308 63.99437105442962 81.75735065284971 70.17391497155974 77.026885422536 118.07146136192758 14.45613099998809 111.89194099999976 Oyster-Closed 0
188.34211112119738 85.14112214729734 186.04171080080414 163.2983250803347 75.20914107232966 160.03503399415155 77.51043762010522 81.87867049733438 Oyster-SemiOpen 0
176.2477620000318 86.77667299999328 219.2132071949236 64.8158108618206 274.4664140242312 172.91372074401556 231.5011698042108 194.8742770847588 Oyster-Closed 0
416.0000485884375 192.74422899999996 405.71775459879063 192.74422899999996 405.71781912105143 156.97959799999998 416 156.97959799999998 Oyster-Closed 0
