102.77887623574497 207.17814758728008 128.66003435556195 261.75255174039694 40.50188565237113 303.5541113080169 14.622154070239048 248.98092627627656 Oyster-Closed 0
223.83373948952794 273.7673760995525 206.1817071243604 313.886208328527 98.84348312668953 266.66244456169045 116.49583461080329 226.5447385762377 Oyster-Closed 0
414.95423121002386 276.3119720284331 398.68027292947954 332.110911001228 224.94066577294143 281.4424357271456 241.21601301157716 225.646164142443 Oyster-Closed 0
190.37747117418985 337.58154931836344 187.06068040836544 281.4600951921189 339.04606518930086 272.477782790334 342.3650038598753 328.59686011150455 Oyster-Closed 0
103.42329917383177 386.9379690330881 21.97573645096054 391.9055896224847 15.627522387512727 287.8080005451504 97.07004557490654 282.8405343114038 Oyster-Closed 0
253.15471204493224 411.9187118018832 247.71603657279047 369.5139824237021 367.1855308605518 354.1936442702119 372.62566565689485 396.5966471818469 Oyster-Closed 0
339.61567298647424 3.9516889049411055 338.615898826225 89.89420666708476 173.69457463047365 87.97488286582632 174.69488684050157 2.032953296252101 Oyster-Closed 0
392.1393118320957 89.71042644543967 362.44354711239794 93.31358361756763 356.8671690201918 47.35492923824073 386.5627510000122 43.75178399999954 Oyster-Closed 0
394.59449039538595 95.35715725204281 398.92777452261 198.7670529815641 289.02683292620713 203.37068340490424 284.69512748303896 99.96237148270745 Oyster-Closed 0
85.27420058912685 191.69017281121927 84.23758184324834 177.62122408430554 137.33235430607238 173.70921800634483 138.36908369680168 187.77804461551958 Oyster-Closed 0
178.71864744622508 135.65040850463478 206.76393732347424 168.72106248786608 130.89827446990967 233.0538171652211 102.85354770466074 199.9836940189452 Oyster-Closed 0
118.72399576651878 263.11656837335465 103.54493005996119 196.94713949116868 237.24809145157997 166.27746465648366 252.42837549513206 232.44520817457044 Oyster-Closed 0
