121.31644092301576 190.01603682997504 143.71215159881467 247.12790094302642 54.95944389845681 281.9264164410196 32.56508747992484 224.81570882072094 Oyster-Closed 0
239.93089899902043 265.87884827284176 219.9006656723359 304.12397401339496 114.47742292987823 248.9152750517202 134.5077619317417 210.6711910372527 Oyster-Closed 0
428.69839550918186 282.04861735953705 408.7042120825463 335.92562496930134 239.88942737235993 273.282193960596 259.88458461121263 219.40770702809974 Oyster-Closed 0
202.61615129539496 327.01923642235596 203.5452470213313 270.7160163124471 356.7926042629915 273.2431146899867 355.86583462961426 329.54397744619223 Oyster-Closed 0
115.4736433190701 369.4967328156801 33.99191966014405 371.6070213298846 31.222969336529786 264.6302974244789 112.6998249715216 262.5200720252436 Oyster-Closed 0
263.25951969047674 406.135471002373 261.0131915581587 363.25389745418886 381.68221476810504 356.9327709136333 383.93018524187937 399.81259935499037 Oyster-Closed 0
364.64859017160416 0 364.64878535649405 83.96964375775995 196.87031340368048 83.9693182877931 196.87059777436662 0.0001420394149424889 Oyster-Closed 0
414.34820961180594 93.99421479899944 384.6474540307645 96.53554316721771 380.72965258642216 50.74703863805464 410.43021700003374 48.205718999999114 Oyster-Closed 0
417.7250107265936 100.42535219600593 414.23844544417807 203.9633736208459 305.40437620854937 200.29724998384918 308.8923933813967 96.76083008520493 Oyster-Closed 0
103.92994295641984 173.28979889001045 103.95736314147507 159.1514713315831 157.16650443796607 159.25453413250585 157.1391947758384 173.39275001327715 Oyster-Closed 0
199.7017379612589 124.20134411244389 226.26303117826683 159.60531937378786 148.06833847478265 218.26600280403926 121.50761503270405 182.8625458282336 Oyster-Closed 0
133.15813286074626 247.50120902314592 122.8350364783546 179.8350571907978 257.71264912089464 159.25867464166882 268.0371131376778 226.923201948066 Oyster-Closed 0
