124.37210450812927 254.3662913289692 35.084141675790306 262.0829035568145 29.64138235970313 199.09603098129224 118.92706121690935 191.37951912409133 Oyster-Closed 0
223.92888344197127 291.9501529359742 197.85140454014982 324.0750602691587 101.8821573616151 246.18049737727327 127.95909568297066 214.0565475628587 Oyster-Closed 0
413.5627629656883 354.51472800765515 384.01330457711447 401.18664602768513 222.03459058997396 298.6492072489491 251.58361314545255 251.98001042621425 Oyster-Closed 0
175.10080472864502 341.9978049920462 188.47822697243828 288.52413650235036 341.6567691660566 326.83614555702826 328.2822577799234 380.30727132122195 Oyster-Closed 0
85.01016957122556 363.7707144831137 3.20853036776316 353.30756014767655 17.259257104069547 243.4941910764827 99.0561284243704 253.95703755760186 Oyster-Closed 0
228.25331919653763 415.9999091914083 228.25388985467725 404.5981063110292 328.9801871024101 404.60190328032206 328.9800309556522 416.0032847290594 Oyster-Closed 0
210.18666463363843 87.16444908610258 248.07034467004632 3.314758059152698 388.4549293607488 66.74049680120052 350.57215650102444 150.58945154355214 Oyster-Closed 0
416.0001065051365 164.247521 393.86267396784024 164.247521 393.86279629083583 124.275667 416 124.275667 Oyster-Closed 0
428.46978318766924 173.2440572657889 402.2768274287446 271.0835778915016 295.19986551098555 242.41823239450196 321.394056681027 144.58080195933707 Oyster-Closed 0
102.71547201992144 170.44705046614146 105.888485291689 156.96114186964903 158.57900538690592 169.3576296848321 155.4061187749685 182.84342790739285 Oyster-Closed 0
206.7371281034866 144.37486735031848 225.4701644351735 185.90187997600023 138.27012392241522 225.2349067074974 119.5378446453069 183.7085358481591 Oyster-Closed 0
116.63736560253164 249.02472290146375 122.16968906233888 181.3764861578054 259.91548540809526 192.6394329650666 254.3851209093118 260.285866871784 Oyster-Closed 0
