135.5934896017061 272.5649288570667 117.41877710272092 302.995085573641 14.15935456432635 241.3282331316302 32.334028827801376 210.89890244022305 Oyster-Closed 0
332.9036035945028 312.950471301006 311.7877662218525 376.9797581182274 124.47569621910952 315.21139320305 145.59335750266837 251.18549547019435 Oyster-Closed 0
87.49700180927903 318.8986216708255 103.06644287235031 268.95415491984835 196.3045787877927 298.01470952714953 180.73669765643717 347.9578441078512 Oyster-Closed 0
341.06052793744675 415.99990744763073 341.0630557851291 343.0279801301222 413.91692183128544 343.0304637380803 413.91616599627014 416.00062428546363 Oyster-Closed 0
122.34703570432612 347.4326006939516 141.90772724443013 400.16816540621494 53.589280783915456 432.91651308950526 34.030609727349656 380.18266471546013 Oyster-Closed 0
132.27865401974486 415.99914120306266 132.28062206319737 380.559604822242 264.45081466285774 380.565599718519 264.45048897136076 416.0034423201224 Oyster-Closed 0
256.04213263800557 0 284.4755148428412 72.40445681254053 139.5408795980038 126.25025072788682 111.10823223851912 49.71954518931463 Oyster-Closed 0
269.5985679977639 115.09482517877872 260.81743179871773 63.51349500210668 356.87426136867725 47.16086989441769 365.65568541317407 98.7418609281956 Oyster-Closed 0
426.89507839977887 108.21463114291952 414.3683859693192 144.63951444971633 360.3353693131867 126.05752142691261 372.8621665867395 89.63285237198164 Oyster-Closed 0
368.33291503668806 102.89441357388822 365.55185742577305 144.5344252127261 293.47950280085206 139.72055187359172 296.2608569216645 98.0808626519259 Oyster-Closed 0
216.34785595940411 111.41910496375544 209.00227173748863 166.98558067018254 86.3315437310157 150.76855134306138 93.67778199998065 95.20291100001037 Oyster-Closed 0
245.8462182742951 117.43685746252548 333.16239387452515 171.67935700768325 278.4290927433394 259.7795196290924 191.11365009879228 205.5379510899847 Oyster-Closed 0
107.87685764189519 120.07119356986279 129.91382141434224 157.87232654619723 47.3532182201634 205.9998837530271 25.316865793971374 168.19927993089374 Oyster-Closed 0
123.46183891475812 159.50369973745893 128.96658575355104 170.8980083016151 105.61660286353072 182.17805476867596 100.11190785955841 170.78379030102002 Oyster-SemiOpen 0
164.19688095231322 170.0026299141802 169.55281171988463 228.4521455683481 29.710017477209476 241.26300306780337 24.355693999965297 182.81499000000963 Oyster-Closed 0
