120.74737796165573 265.27929426177934 107.65759108246493 301.47475796066954 3.8419780401454773 263.93374314257403 16.932190168994566 227.7392024222032 Oyster-Closed 0
313.17214844721093 259.6618350961619 306.3216189356099 329.9235856065995 121.39250996944611 311.88930792196675 128.24594823801453 241.63073607396154 Oyster-Closed 0
80.76433544307656 323.69791444087775 85.09278072749294 269.2644289766001 179.20477135087276 276.746452905733 174.87778520474603 331.178570205029 Oyster-Closed 0
335.5363908111758 370.4972071619118 327.2055591160788 285.8133089800313 398.9365133549145 278.7581402889949 407.2688923859896 363.44028880314875 Oyster-Closed 0
108.3997236774594 345.2348954490314 135.69234142613277 389.65660516637246 50.594418987293466 441.9246858006413 23.303573959368805 397.50451907795133 Oyster-Closed 0
123.9518320954121 408.28425272446185 120.05234551079775 362.6791170171627 252.23820972075555 351.37799898309476 256.1395216925048 396.9810573771405 Oyster-Closed 0
227.75474692981516 0 267.39370896979017 28.37817156250319 127.95615217031809 114.12662188688701 88.3175982574976 49.669614996210605 Oyster-Closed 0
254.481145271704 75.0655453856633 235.67665430345733 28.913634824244483 330.6567685963746 0 349.4613239157261 36.365956634197374 Oyster-Closed 0
344.9400425379936 66.87573586462577 349.5643465229223 26.704382827127944 408.3540752117224 33.47187071538703 403.72988269327834 73.6431282623176 Oyster-Closed 0
284.7387750852613 99.63181747036 269.77394908224596 63.11878201436032 340.68113654783156 34.05771709047623 355.64602246726645 70.57058739782019 Oyster-Closed 0
196.3449808165533 85.51924625872888 201.98395612173044 141.76895985073122 77.15420041111793 154.28157308947343 71.51603140023872 98.03261958501011 Oyster-Closed 0
244.38034491509097 222.97400193087955 171.8117641013887 166.2805478841487 244.27630549986497 73.5298901638208 316.8434829328762 130.2225022561962 Oyster-Closed 0
87.82013043767074 120.93835021131463 113.40026598856639 151.54866862987063 33.834274681841634 218.03579375198527 8.254657432898966 187.42595433895556 Oyster-Closed 0
105.93011910144196 155.55351940381553 112.7823629860577 164.926073006552 90.18674384929909 181.44477408173572 83.33454272629751 172.07225915816383 Oyster-SemiOpen 0
144.56491195544004 157.1137064637233 162.18161572959434 210.9729633916614 26.178770216341945 255.45231752834218 8.563738999982888 201.594500999984 Oyster-Closed 0
