142.15760624357426 275.90966284384456 125.71773663124986 307.4684321275507 19.40233702668047 252.091008880787 35.84231546389856 220.53311710432246 Oyster-Closed 0
340.3464692398593 303.8076595665893 323.0291245485241 369.40603273927917 133.38565308455873 319.3437424558191 150.7052520742618 253.74879604927423 Oyster-Closed 0
97.18447150132124 325.4887539270895 109.7780545799651 274.3658507951113 203.97805167996194 297.56677176574215 191.38604942409074 348.68830767480983 Oyster-Closed 0
350.74314474933635 416.0000648468951 350.74519184708697 332.1307727536433 416.0002398560355 332.1325020925123 415.99999770119393 415.99999826879434 Oyster-Closed 0
133.5319876972826 352.0892457034645 156.84178709012122 403.5945657024304 71.65182752646433 442.13650473722174 48.34402690716888 390.63288509921915 Oyster-Closed 0
146.40270260896432 415.999309561151 146.40487018615386 380.599756920486 279.58205950755655 380.6061621066991 279.5815460442245 416.0040301228113 Oyster-Closed 0
243.02401042595375 0 276.9047749158235 64.87538482367503 137.09048290612918 128.2384910403046 103.21040558887398 53.48060727802845 Oyster-Closed 0
264.77040962215324 108.85603362701207 252.4471354800371 57.63284784845267 346.5315022288305 34.99803864271125 358.854995974958 86.2209316474328 Oyster-Closed 0
355.0003886544728 113.82079129638 365.48935388076643 76.52794172284786 422.3138188784542 92.5100151616496 411.8250817254848 129.80267416223487 Oyster-Closed 0
361.6618702942724 90.25728341127004 361.5489685553548 132.30273249724584 289.8504333562196 132.1098178944693 289.96362845366457 90.06466470985595 Oyster-Closed 0
211.66374072528197 108.62912262732314 207.80499511901144 164.95975956850108 85.2436381679654 156.56320684054768 89.10312099997464 100.23341500000373 Oyster-Closed 0
240.81815371335688 113.60318623868197 331.41764570805753 161.3357883019255 283.02608718295596 253.18024537500187 192.42715478458194 205.44843920206296 Oyster-Closed 0
104.39785264422972 124.57552733356614 129.1506651579657 160.82745156600103 50.69362268535406 214.39463572563093 25.941400961419276 178.1432338907484 Oyster-Closed 0
122.68516734624063 162.99979887071933 129.00777330336132 174.0232609094665 106.64565032844257 186.84850007455117 100.32309462156627 175.82508148705026 Oyster-SemiOpen 0
163.71855670946024 170.90114306217228 173.00639373829836 229.28881935271264 35.37758327179472 251.17749160235502 26.09144700001343 192.79134200001172 Oyster-Closed 0
