316.8029128131857 8.877881855938046 314.20052828468033 57.88897170788479 181.52667870719233 50.843933204524006 184.12923025760028 1.8329661501112777 Oyster-Closed 0
0 306.63351190392245 2.737242200815672 243.68519531363063 101.8816685151869 272.31004627054165 83.70655872134375 335.25670736340203 Oyster-Closed 0
0 321.701479 36.941636 321.701479 36.941636 349.831814 0 349.831814 Oyster-Closed 0
335.74931202739754 398.49539672519 340.752873684989 355.0248631071581 411.1109193706943 363.12101935106557 406.1084894227024 406.5905156554288 Oyster-Closed 0
64.54880775931088 347.5455297441047 67.47764946168536 399.6018250814929 0 403.39598600001085 0 351.34084365783656 Oyster-Closed 0
263.0433745089176 427.7437914091971 229.3468909593321 388.3917144355262 290.0148369680828 336.45691167365635 323.7106163618773 375.80791992843155 Oyster-Closed 0
158.6184007995762 11.726492717484316 208.23423023932992 5.262624081211905 217.02753900000243 72.75881999999947 167.41171453616334 79.22267230945646 Oyster-Closed 0
188.04454800001986 414.9114200000126 183.7898505894882 380.6615351648331 232.0412407630829 374.66899086632105 236.2964327759728 408.9182975582422 Oyster-Closed 0
284.0981799973779 415.9999924416403 284.0993058222193 384.4855820067905 347.2417051084558 384.48737859232256 347.24128155711514 416.0010922774564 Oyster-Closed 0
352.15399096889087 58.71148727477328 315.4382945135112 95.67811441867278 275.86491465631843 56.37347260057241 312.58050853321765 19.406948002280252 Oyster-Closed 0
50.61450102258095 98.35345761150575 0 90.68503884546638 9.834471591268084 14.88201667849155 61.800354844152025 22.55041931354985 Oyster-Closed 0
72.18648717701217 85.18186148600921 66.26860919149476 43.39416503327598 146.20235469594627 32.07409714649787 152.12037891034925 73.86162303846092 Oyster-Closed 0
150.38367410115825 97.23902528728915 157.36354535720966 57.75826076935733 231.83629374184238 70.92421179893815 224.856673058679 110.40475306708501 Oyster-Closed 0
92.56826320568871 111.56353163501446 94.3419698200305 73.47901555163685 160.63688600341993 76.56643466553066 158.86339804641102 114.65074295104787 Oyster-Closed 0
389.0637530673557 58.75327212798936 453.36921700523453 112.70205776573131 373.6366201727469 207.7373896775114 309.33181806400535 153.7893640209785 Oyster-Closed 0
336.76464638698235 193.68714021693592 285.4776552701551 222.0685613491277 232.8954599226854 127.05261013325106 284.18121598565267 98.67161017709495 Oyster-Closed 0
33.45842953104875 103.53469028000855 111.35157154619083 132.41215686164844 78.07956982879477 222.1548079056774 0.18664370676196995 193.27773883458244 Oyster-Closed 0
160.42830597810098 140.8847400560477 228.63276862274142 142.18859014966694 227.0279157930745 226.134036369819 158.8234543600047 224.83020399061468 Oyster-Open 0
416.58129291387377 12.901965443467999 414.6537144181166 54.29804365972325 330.89222004527255 50.39760496742402 332.8198914481327 9.001616264632167 Oyster-Closed 0
