272.63773576062886 0 277.4925522722151 48.9247029394825 153.1007296066673 61.23641537618164 148.24609400000918 12.186985000012681 Oyster-Closed 0
117.55131115442055 301.0485765377945 102.67019464384066 363.7586942072339 0 338.84527083109725 12.55642809451092 276.1370559526035 Oyster-Closed 0
22.860775000001013 386.00595600000275 16.524831167760567 357.6263922047502 59.31485464458456 348.0753438948933 65.65108168295046 376.45450684399634 Oyster-Closed 0
416.00051373910173 381.146716 367.54211334787396 381.146716 367.54289167559546 337.0960210000001 415.9999429296695 337.0960210000001 Oyster-Closed 0
24.164751239542966 415.9999370365507 24.166222176103474 379.01330960672493 99.46874415316051 379.0156283252078 99.46824579936947 416.00129372061826 Oyster-Closed 0
306.09500829497483 425.04905061096895 261.07451996752206 392.5629524794164 307.4329690738232 328.33583742980187 352.45178179407594 360.82106182623124 Oyster-Closed 0
193.36908634383508 77.43578677668117 148.12398422836122 94.78641068106974 122.79612758828807 28.739227729995296 168.04097559150614 11.38865688015463 Oyster-Closed 0
226.75102699998024 415.9999999999965 226.75146869716627 381.02018717315474 272.6001192635231 381.0207567864785 272.6002409026041 416.0000019244068 Oyster-Closed 0
377.1695165137171 365.8848897444065 384.1009684394994 404.4409700645997 322.31707039464527 415.5442026914002 315.38656199999605 376.9889589999974 Oyster-Closed 0
323.7704909920394 43.2479011855347 293.8153050273504 85.0187665274206 247.95712354615534 52.13248052322716 277.9122775106807 10.361711603655863 Oyster-Closed 0
0 51.653031 32.796415 51.653031 32.796415 114.364235 0 114.364235 Oyster-Closed 0
52.73668629210442 111.73208076841512 40.348267693185335 70.97438637411423 117.26246271363561 47.596238965677465 129.65101414071614 88.35370795818852 Oyster-Closed 0
131.6959830443484 111.70581728758178 132.654575767785 71.59588844044993 208.41605554642229 73.40640213702437 207.4577163275644 113.51608018197018 Oyster-Closed 0
77.71778977434587 134.64990535414216 73.6955637613064 96.5664509076826 138.93848899931982 89.67579069910745 142.9609323732766 127.75900065455855 Oyster-Closed 0
359.7697219323709 37.892444716543764 433.3374056580724 80.39898398252042 371.98244540399173 186.58568103084338 298.4150883700495 144.07964555051342 Oyster-Closed 0
332.688489373053 179.05156921185224 287.53202775519094 215.07431133437552 218.74755676659333 128.85215342534102 263.90317647415213 92.8299318120653 Oyster-Closed 0
90.37703217098533 242.38039653543618 6.912934844189294 237.28735791641654 12.688928680225217 142.66115375505916 96.15039780167717 147.7541128525289 Oyster-Closed 0
150.05800339908455 153.97499566140135 217.02091921996544 143.14584853037675 230.50434622929606 226.51709783733622 163.54146112048693 237.3460922169318 Oyster-Open 0
365.7593497934213 12.77254664089098 364.9512915083651 35.91327343381107 298.7726138814687 33.602294854763365 299.5807023959169 10.461592334700045 Oyster-Closed 0
