322.77822999997807 0 322.7782672030662 34.74876950711102 202.74488429256962 34.748749604844164 202.74491099999796 0 Oyster-Closed 0
0 232.455985 67.167577 232.455985 67.167577 304.350127 0 304.350127 Oyster-Closed 0
365.9016146705799 345.16877161085506 360.23233194136265 389.5286121037577 292.5708941424091 380.8821704469322 298.2409974167058 336.523295079367 Oyster-Closed 0
0 332.394265 26.839473999999996 332.394265 26.839473999999996 382.698449 0 382.698449 Oyster-Closed 0
213.12370627590644 408.34173163288045 185.71828197440846 370.5218287249963 254.98577090942854 320.3406304185088 282.3908318718277 358.15948489427564 Oyster-Closed 0
175.47595758425086 0 225.46256420117788 0.69654647039613 223.9841100000085 54.19191400000024 173.99750315659185 52.810434108088295 Oyster-Closed 0
141.5747339999907 397.302187000023 137.42299736630594 363.61020394359315 186.20046383314184 357.60084988274974 190.35267192902757 391.2922861759588 Oyster-Closed 0
237.45289800000683 395.6182559999854 235.38471678428687 368.3195987331983 300.91372819251774 363.3557975629417 302.9824589605596 390.6538585215214 Oyster-Closed 0
314.91215529455076 75.4320580269997 284.5050083581991 34.894676792630754 329.82799741501367 0.8979542736531512 360.23511841510845 41.43526258188471 Oyster-Closed 0
76.70906394754638 6.6694465812569526 57.81495422636726 84.59882567462292 7.880817402183311 72.49215981022353 26.775015419563715 0 Oyster-Closed 0
82.08009078552277 66.13938743179024 76.33531570486957 25.136059476519677 154.62438437006494 14.16731964073885 160.36925687413532 55.170538347018834 Oyster-Closed 0
156.80205795590518 79.24287609149584 164.276295199983 38.61423942093467 235.02199892034696 51.628830913628995 227.54795305462903 92.25729786696805 Oyster-Closed 0
163.66123380818317 55.83656107200155 168.22012269607876 92.43623917506991 99.04385956936312 101.05254796195109 94.48516317737813 64.45304393592394 Oyster-Closed 0
396.78484946225944 40.10227818840193 451.8707673841127 94.40934983123323 357.92746621300466 189.69696366841595 302.84222770683846 135.39060002303907 Oyster-Closed 0
324.3134796847007 176.97111937128736 266.69027176892996 199.48309167120783 230.49480414032223 106.83657710953909 288.11675922844734 84.32487487026374 Oyster-Closed 0
0 176.0937930628433 33.379041262152896 82.68828250642004 106.3956079288655 113.04475343209901 67.56259469066572 206.44934370325217 Oyster-Closed 0
157.72969282319536 119.39251971223068 223.35600283166423 130.89871735313014 208.6190581850242 214.9479620387317 142.99279176519485 203.44190909509626 Oyster-Open 0
413.6113610000248 0 413.61137912042614 33.25702529308648 343.56302520795 33.25700995938632 343.56304095955056 0.000005816903858552748 Oyster-Closed 0
