10.214906000041083 292.5166459999993 24.154896919670136 292.0299333612164 25.13279145438355 320.0333882994785 11.192800729178998 320.52009725385784 Oyster-Closed 0
405.81391720807005 364.23955646408643 406.73073700527675 408.23882594153275 272.21886424752665 411.03682512607656 271.3041069965657 367.03957803702787 Oyster-Closed 0
416.00017212901 409.3583239999999 395.0284029999857 409.3583239999999 395.02869345070576 377.637951 416 377.637951 Oyster-Closed 0
172.9363019999946 411.1047820000214 173.6355730484247 371.09506519822884 268.8310822021922 372.75781403572904 268.1331477652202 412.7661975169328 Oyster-Closed 0
215.67631499998242 410.5503569999877 216.2000842330308 392.60908264483254 288.5804596527596 394.7207819135517 288.05716414751805 412.661596648395 Oyster-Closed 0
108.7359589011794 2.69958959651518 231.28052748877963 0 234.08824554535386 73.22843218870527 111.54367745972922 77.80932724684561 Oyster-Closed 0
267.53953099094724 104.83450442489008 245.34035764518558 34.736576000666126 332.0297862690386 7.283180318372394 354.22913120007433 77.38079356321079 Oyster-Closed 0
263.127742763445 94.16491856866239 222.1763409187879 109.08360491683875 203.083366421135 56.67405758098966 244.03449834943967 41.755424632791126 Oyster-Closed 0
82.986245495802 118.29508549441734 89.68669606410549 83.5560973135872 158.42502166656777 96.81402668486776 151.72483595130325 131.5527782450983 Oyster-Closed 0
11.656185045310849 127.94334639026921 19.492170829806128 84.64908778473567 94.4673094415848 98.21870244152755 86.63169104926055 141.51264307520833 Oyster-Closed 0
294.87622656618623 227.49765290937486 231.17273931368618 171.86843353840425 324.4006799325689 65.11441238743743 388.1027814835288 120.74261277456964 Oyster-Closed 0
261.14355192813673 208.19233884175873 207.19680427531785 240.18311843928453 153.6063424708591 149.81644994160425 207.5517276423161 117.82618598112775 Oyster-Closed 0
392.20244765612733 0 392.71476062822694 35.03031645112933 338.3738199101681 35.819623582878506 337.86153633650974 0.5504839062829365 Oyster-Closed 0
10.41277601227921 147.61965063565657 30.20631444242099 148.55125822301642 26.951769884719397 217.69570547158145 7.158232033121749 216.76410821264852 Oyster-Closed 0
155.94682516953253 241.52208984884052 85.87194257067313 240.52765954053223 87.02919292615115 159.0529606265543 157.10204783234803 160.04737647536737 Oyster-Open 0
351.13519592166267 177.41235735041772 388.677516435655 192.0515267816008 366.2054975088613 249.67671008419623 328.6632670896979 235.03771021880863 Oyster-Closed 0
