23.225977999998577 284.5299669999996 32.46685044582409 283.77576099849693 34.49310226298621 308.59854203912386 25.252230422189314 309.3527431269341 Oyster-Closed 0
280.6712393834132 415.9995986210658 280.6735203489625 379.5477040778453 415.29792147009357 379.5539480468527 415.29736191354095 416.00411326168637 Oyster-Closed 0
181.32643499998449 413.5769540000116 185.43441905503278 374.1720678105467 278.68773046019123 383.89071154158586 274.58116272516054 423.2942758339557 Oyster-Closed 0
224.95534500000576 415.99999999998613 224.95590775451274 400.7682311662363 289.2681239883095 400.76997032177115 289.26791398099886 416.0013881336288 Oyster-Closed 0
243.11893592125853 4.935999032303032 243.73748164278732 79.76274742415268 120.36258640313827 80.7821491302191 119.74438591600847 5.955730126044534 Oyster-Closed 0
272.6780404615056 116.70429838791175 258.69893946799493 44.228717871540304 349.678339682152 26.680680571055106 363.6577599835 99.1558357508909 Oyster-Closed 0
273.26054282049154 105.15611209143904 233.0875957746648 119.22599152011419 214.3374036320747 65.68987361527549 254.51004429666864 51.62005199147824 Oyster-Closed 0
91.39254514596178 114.08828945234487 100.67102742175484 80.77444507950312 169.9103088826887 100.0583736095529 160.63209319641828 133.37198674660186 Oyster-Closed 0
20.265075385916134 117.60956996458879 31.35588742424443 76.02343230992413 105.2932778053837 95.74169742009212 94.202808459464 137.32754537783842 Oyster-Closed 0
304.64808725758485 241.6051489506766 241.14577876124895 180.6646554156278 335.2696047780373 82.58982693396757 398.7705987172558 143.5291370459651 Oyster-Closed 0
270.59829514204466 218.77892179759965 217.77906027036443 248.50278867051165 163.9802780174432 152.9072304748324 216.79803239260946 123.18388228014625 Oyster-Closed 0
403.7420916865849 23.53856833136896 401.21141117619845 58.45882763743155 347.3042639280029 54.55208491671554 349.83500512399405 19.631884497171775 Oyster-Closed 0
19.8858569540389 137.334764337803 39.81420184538001 138.40172485592532 36.153517647253466 206.77154963971546 16.225173469811125 205.70460015589944 Oyster-Closed 0
97.01800046231074 156.22706632248554 167.49513527269664 158.22494444933568 165.1565102855202 240.7170553278332 94.67937628272193 238.7192061024205 Oyster-Open 0
361.1306112812017 197.2794623906921 399.50975934461894 213.1337711115917 376.34434912026336 269.2058496791133 337.9653109835417 253.35173771321737 Oyster-Closed 0
