217.69636699998955 415.9999999999814 217.69747084242408 390.61557096227955 300.9363727926284 390.61848141099875 300.9360189707295 416.00215454441235 Oyster-Closed 0
116.96852600000784 415.99999999999267 116.96965052053565 380.67675968139747 216.1346651598251 380.67919983782696 216.1347725179512 416.0011858710164 Oyster-Closed 0
167.43377899999905 415.9999999999966 167.43397271230424 407.58491104100045 208.0101107617229 407.5856024047454 208.01004099529746 416.0005675142359 Oyster-Closed 0
127.13330505962585 1.5388249598138484 248.62366437234596 19.020716039833424 237.87286480200055 93.7332228971467 116.38251655667409 76.2513866021698 Oyster-Closed 0
266.35919607285905 128.7885076668351 255.57089826932497 56.40109559052175 345.5257022337355 42.99472042101264 356.31440857488633 115.3816338894174 Oyster-Closed 0
263.02790180822194 118.01788414883875 219.7460315651988 125.49619400732689 210.28638576155572 70.74677171883117 253.56786996411392 63.2684956416341 Oyster-Closed 0
81.08550331285733 113.45973737416145 93.25723244007895 79.99968358580519 158.6743189012086 103.79591511787258 146.50285609814455 137.25574106352875 Oyster-Closed 0
8.744377442351833 111.75300809460926 23.39382136356653 69.97933157407657 95.37143746925358 95.22037505739934 80.72232948822784 136.99376992909163 Oyster-Closed 0
270.3467401091111 254.20594952282744 217.47190819733441 189.31722773940808 328.77541322226534 98.62670724876176 381.6494314730371 163.51398201336784 Oyster-Closed 0
240.5991470654335 230.0460187283659 181.2647076480971 252.3829859112004 144.67066849598632 155.18139609871807 204.00325546254317 132.8448123951794 Oyster-Closed 0
407.5945174742592 44.848202277926845 402.5717182954395 79.8255549387749 348.0583417368798 71.99726655487679 353.0812248783768 37.020004481098205 Oyster-Closed 0
12.9037655687207 191.73449330556912 0 189.85111500252867 1.7401694687978306 130.65167096060176 19.265688451359892 132.5350340891285 Oyster-Closed 0
77.78741352885481 153.8636568854546 146.4705819674091 167.95725965094275 130.10071777382836 247.72806468161798 61.417607378200046 233.6346646177364 Oyster-Open 0
335.06987132343784 213.42406517170446 369.20685648089056 234.26936266621587 336.76736558337143 287.38741029474465 302.63059605834496 266.54239763396725 Oyster-Closed 0
