78.99952188275347 275.25848189728526 12.787012823693658 259.39917993772593 31.58691272402939 180.92184338544524 97.79735694309784 196.78088672584536 Oyster-Open 0
302.53021067606824 284.88395606440935 262.5616255101122 275.58623480043934 276.17892603512155 217.05792822532317 316.1464983882797 226.35552732846992 Oyster-Closed 0
320.4160102095011 267.02115681055574 326.5449961835111 290.3254461140886 255.4994388772393 309.0068072276275 249.37096134855528 285.70295835190086 Oyster-Closed 0
315.79034400001547 416.00000000001023 315.79112693088246 389.98427571141093 372.1123495445099 389.9857278132426 372.11208699084455 416.0009292654951 Oyster-Closed 0
191.63868300001195 416.0000000000166 191.6391594723209 396.18275806045665 233.60455395388271 396.1835661411873 233.6043749954224 416.0005117148464 Oyster-Closed 0
335.6807986554304 44.290255503571366 313.9689785286573 86.21898824691233 276.0585780379952 66.58800831400845 297.7704099008006 24.65936252528306 Oyster-Closed 0
166.61819719836785 8.955921809726544 194.0803032474505 86.97038425632059 77.31984700440444 128.07051623022934 49.858429547410196 50.056639508777316 Oyster-Closed 0
411.9007523114087 110.29238098264693 351.8539983862538 107.84568530932741 354.4805172839333 43.39245160144866 414.52672999999413 45.839136000000124 Oyster-Closed 0
279.16024862307677 57.78805417508538 287.5074991805741 125.21268162921199 196.03079668082137 136.53673630472528 187.684122290284 69.11261265981406 Oyster-Closed 0
101.1296371071403 123.07960154660316 74.05838559132462 148.37509811136889 26.079377022258996 97.02876141588682 53.150450704353716 71.73341650953972 Oyster-Closed 0
162.1862234208238 85.34985235600077 202.547535597354 89.37045082937074 197.39254892181634 141.11841721408905 157.03123964396582 137.09783935427117 Oyster-Closed 0
426.5469275257674 142.05480509400792 370.60251821210477 205.83785137844427 277.163389901325 123.88362040471978 333.10708682294717 60.101550829684854 Oyster-Closed 0
101.9108533921717 131.55742495561375 93.63257541943676 164.71051373282586 26.829315293060063 148.03000347659793 35.10778015588585 114.87718970784292 Oyster-Closed 0
257.41617338667857 113.0107452632452 315.5600832480741 170.23063950735167 221.07882050068656 266.2304654888142 162.93619020430197 209.01184332492977 Oyster-Closed 0
82.66200721759014 44.279487324966865 70.88900031291269 8.95790685636167 123.17431510039751 0 134.94733525025003 26.852282316317886 Oyster-Closed 0
189.0887489018678 243.02074022734485 127.61189317232856 271.9305317007548 87.8040649888826 187.2841185872113 149.27912648144047 158.37481508107044 Oyster-Closed 0
