87.01931286227045 286.79945750851743 19.588004435041512 279.1341068968676 28.699595590187528 198.99941237363663 96.12859658653542 206.66463040918208 Oyster-Open 0
310.6533329786216 257.7452103191232 269.9701993962226 253.38810528580595 276.3898461560566 193.45682805553457 317.0720211209082 197.8138815541586 Oyster-Closed 0
326.10983837066306 236.2387731752015 335.6760361039742 257.83708519423305 267.09126727874536 288.20995604249237 257.5255143413051 266.6120229939518 Oyster-Closed 0
338.5980730000192 392.78686500001334 333.284489417998 357.70648903658775 393.2224940659362 348.6296850853691 398.53664264877443 383.70936641957724 Oyster-Closed 0
215.4137239999909 408.12552000001017 212.64495695611186 384.43690021971383 258.641519437846 379.06196841471626 261.41061475579045 402.75021039403595 Oyster-Closed 0
313.7221539721977 14.423028259357661 299.06806914683693 59.867453523476726 258.4433461986773 46.76751857348736 273.0974588108984 1.323145207858821 Oyster-Closed 0
141.50985098677484 8.515104255862305 179.94952801750333 79.71484879668529 68.83383979590872 139.7032512306557 30.394846694816806 68.50409464718662 Oyster-Closed 0
397.7472616231498 67.74821017987684 337.08451874913226 70.06989683148784 334.581308839337 4.661716964098676 395.24377299999105 2.3400359999997766 Oyster-Closed 0
191.08185082230557 130.35773460895746 167.7020678701192 66.88017328778011 253.803042948839 35.16816117823472 277.18300384229224 98.6452880301698 Oyster-Closed 0
90.65810106068602 131.4117520324685 67.272849369514 161.17673436866573 13.332354683057929 118.79851547411833 36.71751614078312 89.03373477035109 Oyster-Closed 0
146.81960183835326 83.36711118807665 187.49954470933517 82.43643482248973 188.68840198911494 134.4005479589606 148.00845933213714 135.33121974002984 Oyster-Closed 0
416.20943348413493 95.02140292730586 370.18068471029983 168.3111641037738 266.9127511688421 103.45538993139458 312.94139964091664 30.166423617704755 Oyster-Closed 0
91.69136724717828 139.58899077332833 89.11138987770755 173.68561671223458 20.501189944003272 168.4938358508166 23.08145870874432 134.39752301336458 Oyster-Closed 0
245.49351741255305 94.57058155826607 309.39657945251747 142.2687235876595 227.00783139551277 252.64173016954632 163.1056363775897 204.94457657482187 Oyster-Closed 0
95.63086607617515 0 113.26576450823268 30.32182465156048 64.55795235427286 56.99670149914442 46.92310300000099 24.795870000006264 Oyster-Closed 0
192.82492847085086 234.57291483129424 134.67909921592218 272.5055717949891 85.00342529168847 196.36425848361137 143.14782147880396 158.43222793602786 Oyster-Closed 0
