97.3467729440199 268.8453205872809 28.999107678941073 253.64703193321697 46.05575219268576 176.95416537539558 114.40136556055222 192.15221596914785 Oyster-Open 0
320.51412867151885 305.65257037174206 279.2910467240945 296.78535361329045 291.4798426797861 240.13088234172562 332.70182168122847 248.99797672044048 Oyster-Closed 0
338.66796125981637 292.2752727956995 342.40274076651986 316.680234495928 272.71457208389256 327.34226385811553 268.9803201605355 302.93777855950236 Oyster-Closed 0
348.49025583722687 72.30293238268578 325.0413502397023 110.098200587389 286.795161692924 86.36970382913437 310.2440554537279 48.57455462412248 Oyster-Closed 0
181.25635878182584 16.8001673539517 201.46749088935394 99.9663832211613 84.32978831327273 128.43224950439162 64.11940242145283 45.26668472302718 Oyster-Closed 0
416.00035893562745 144.041387 365.5317298043956 144.041387 365.5319731710915 81.409561 415.9999979130225 81.40956100000001 Oyster-Closed 0
207.9222689773669 151.66943846127748 202.15738819990293 81.95115210491588 293.922844571578 74.3633101905582 299.6882987711688 144.08094822529603 Oyster-Closed 0
114.74848493894751 124.3916773416776 88.63148836057735 147.08216545870752 39.49696345978009 90.52867670495752 65.61376695778381 67.83832857917106 Oyster-Closed 0
174.79691056744196 95.61596940048838 215.65969011136258 98.77326046660356 211.7614287807337 149.22473128528515 170.8986510626346 146.067457301255 Oyster-Closed 0
439.1632835174569 182.01720376753815 383.1077232874959 236.35861163192027 291.23770895186317 141.59403534980697 347.29215266547544 87.2536655088912 Oyster-Closed 0
117.59399073729219 133.6452907823857 106.52407935267911 164.56926706908246 39.622360822337214 140.62074624695902 50.69239771210414 109.69702844730496 Oyster-Closed 0
242.57003308743515 279.8598949717803 177.4270417549742 220.70858495279256 261.0132941847369 128.66376453928692 326.15475185766627 187.81383065452619 Oyster-Closed 0
140.94281438245525 11.505021038095235 138.41676128203835 42.4508761145114 79.60631991207265 37.65023492013435 82.1324081784951 6.70441238578085 Oyster-Closed 0
205.53117484012182 253.96968909499634 147.223328035514 281.35093940452157 103.4978358295266 188.24461343689953 161.803766526049 160.86388236240174 Oyster-Closed 0
