158.47258430454895 244.94345706626467 93.47912665648255 265.8411075444437 67.08091615246303 183.7447046536786 132.07240788529452 162.8473962972766 Oyster-Closed 0
0 253.39714748820586 16.242263210104284 181.3500043693142 81.03333913225651 210.9295477154718 48.139718218691996 282.9756574446976 Oyster-Open 0
415.6618800000033 0 415.6619119807292 46.98599633497671 352.4220152146845 46.985966644010624 352.42204487995696 0.00001818664866684534 Oyster-Closed 0
201.5466604594876 0 201.54668518847757 45.557347222555045 135.62665795773864 45.55731362022847 135.6266899999937 5.656815285650456e-12 Oyster-Closed 0
280.59341699999277 405.86334100002256 279.8298291880019 383.98488494416785 334.0068889181821 382.0942026007764 334.770872807454 403.97224894322636 Oyster-Closed 0
69.41503700000612 405.24580499998115 70.27057279485962 382.1641068960066 137.0204473643098 384.63693709500234 136.1654651152603 407.7181046960956 Oyster-Closed 0
306.27459604203614 58.30391648152294 272.8048592769628 92.90767103426678 243.82048388410476 64.8732618300128 277.2901518701037 30.269580932302897 Oyster-Closed 0
143.83321700726447 20.536802066435108 171.88981609503753 92.25077210908412 59.49870592350999 136.2202147148608 31.442797034724208 64.50682281652514 Oyster-Closed 0
414.72923450727467 54.10382018250724 412.997724638848 111.27973740526215 315.2372670995828 108.31864276664167 316.9691655007591 51.14311197749634 Oyster-Closed 0
170.43697160936426 140.49548680407838 162.88190154977565 76.88397955501377 252.68139230491943 66.2186769602981 260.2369109006031 129.82965415784525 Oyster-Closed 0
130.71029341669782 95.18927012140409 167.89475913860588 91.10242439174546 173.18333799998072 139.21992800000086 135.9988751837991 143.3067534816229 Oyster-Closed 0
385.1484576967123 152.05893417257124 329.4216503403877 205.46269489193784 246.95588803677674 119.41184346395072 302.6818957528412 66.00882383371822 Oyster-Closed 0
80.48086424650683 140.75477519816664 67.10745881229741 173.76137161360666 3.593657842018729 148.02785420371904 16.967165500620467 115.02154947003264 Oyster-Closed 0
181.33313776272553 262.2178833751509 129.3350794747348 205.2256196645011 237.23132019834156 106.79091296391526 289.2283234796814 163.78184906532337 Oyster-Closed 0
89.07701987690598 186.51717338420409 83.59260851919316 213.75220147311782 21.58698529497633 201.26634991618684 27.07161216073291 174.03162258514413 Oyster-Closed 0
