157.9183849303663 251.71838924321196 94.9126058026377 279.5940375686861 60.33783143996334 201.45201473509024 123.34174096456627 173.57684470017315 Oyster-Closed 0
0 279.75222336004146 8.770576604743837 204.5480404787317 76.70903089746207 226.6240434387204 52.271088414905535 301.82704979233233 Oyster-Open 0
391.6604509999888 0 391.66046848603946 34.06595198422701 331.8253908332299 34.065939127875026 331.82540408918794 0.000004316381059481565 Oyster-Closed 0
175.7665219821538 0 182.87122243306294 49.23626753417481 116.85046080598113 58.74045313946465 109.74585200000001 9.388358000006999 Oyster-Closed 0
294.1955480000179 400.3431720000095 291.2785401675792 374.9105450604751 350.8074143806807 368.0842232716958 353.72486827125977 393.5163370981031 Oyster-Closed 0
86.94635699997889 413.52533100002336 86.52517358366458 395.40722180287577 151.03238510231677 393.9074746631857 151.45397357755792 412.0251710744192 Oyster-Closed 0
287.1907985813268 50.920923364117094 257.7022299246346 89.24966593340432 225.88817390451368 64.77330495845024 255.3767082818158 26.444638361037214 Oyster-Closed 0
121.12289638919174 31.797378281169955 156.09820822148686 99.604797723847 47.888978536379 155.41778848484782 12.91444594883069 87.6110326240151 Oyster-Closed 0
300.8571328648977 97.69180247043532 297.9558789979674 41.22443783512006 402.15826014117556 35.87053550578601 405.0598406640638 92.33752447759535 Oyster-Closed 0
159.7552423478919 147.26675124319152 145.52067494485163 85.39389033828645 234.34117580824022 64.95999184623243 248.57610523192488 126.83231849047192 Oyster-Closed 0
115.27131237460344 106.85102451198335 152.16378105374315 98.94109698523884 162.19916600000215 145.74570700000032 125.30670970954816 153.6555927916588 Oyster-Closed 0
375.53665619223466 134.78651687019763 325.9096636538852 194.41725356242114 234.45731505699223 118.308577088429 284.0838714262718 58.67861371856916 Oyster-Closed 0
0 176.78756905905897 2.163825384381198 142.1332949472588 67.56047670534463 149.58029125034804 63.61436605513518 184.23423515166013 Oyster-Closed 0
182.01410684658185 266.83776965131307 125.04353868730686 215.48725085877157 223.7430763586417 105.99367793573099 280.7120848803206 157.34297327274817 Oyster-Closed 0
82.24745518884811 201.69505903035767 79.86884672208907 229.2221209874266 16.741998005192727 223.76731222314154 19.120900507914484 196.24058295680766 Oyster-Closed 0
