188.56714064153493 239.8846318841473 129.38031952258825 272.01315581039677 86.92180394655588 193.80181967050166 146.10699390049922 161.67384405373753 Oyster-Closed 0
84.14585122948483 292.2270427161026 14.178363765924587 271.835240283019 35.93199234034546 197.2074039806434 105.89733310150405 217.59887782728944 Oyster-Open 0
399.1191919999874 0 399.1191959171374 18.41893879035225 342.6220909330732 18.418934956009668 342.6220947584261 2.3204801568081376e-7 Oyster-Closed 0
186.2537559659504 0 186.2537736949962 41.010081040945735 118.30947484276476 41.01004879070136 118.30950400000802 0 Oyster-Closed 0
339.71465899998657 386.19089299999877 336.14903480217254 360.5551036516828 395.30264305176024 352.32917505601864 398.8686811439147 377.9644680509697 Oyster-Closed 0
131.71714199997587 408.01997300000926 130.00838370249767 387.08353520782293 195.9742330117151 381.70049636981554 197.68342848774773 402.63645636181565 Oyster-Closed 0
300.3932407498978 36.78827809151458 273.63517014572426 75.34979300324733 239.40116786363433 51.594638231121316 266.1592223612679 13.033183226859203 Oyster-Closed 0
132.25383346738818 20.803918552781614 170.98485927199363 89.41604951353062 67.75074148393105 147.6894644269653 29.02039869799046 79.07792071530923 Oyster-Closed 0
316.370563019118 83.16640165062434 312.1223012678165 26.406803751315238 414.9545816289974 18.710081851321608 419.20308299229873 75.46941248051627 Oyster-Closed 0
179.12503834846575 136.4573437404278 162.96132424467214 73.83520727027391 251.04600609678891 51.09948727421899 267.21001973803504 113.7211435316769 Oyster-Closed 0
132.9415526448829 97.74146537418218 168.55712501568632 86.70033051011819 183.3404679999876 134.38625099999717 147.72491940321925 145.42733020367922 Oyster-Closed 0
396.82257287269385 118.59700839483293 351.7364947521892 178.84795486545977 253.0650981936633 105.01264326628537 298.1509200351502 44.76241068786849 Oyster-Closed 0
91.96484104744741 148.48418686584816 83.56065601888986 182.47062202471477 15.950322334214434 165.75219618861584 24.354722126554407 131.76609122188015 Oyster-Closed 0
214.83526694245666 254.80870219964527 152.4150919773274 205.23296406671165 241.12508898495435 93.54707096736355 303.54351644961207 143.12174240444136 Oyster-Closed 0
110.0029390326672 192.37747491228646 108.2885543942175 219.87348157681947 43.386249270039116 215.8266251551613 45.10093277271517 188.33094551168932 Oyster-Closed 0
