278.2916910409949 257.93572990548586 244.16976225455437 233.1379233464042 305.82231769334976 148.31106207495074 339.94336863510034 173.10840588091418 Oyster-Closed 0
334.8412241150472 189.64021498789097 351.90813233581866 213.3992567071004 290.96084050476566 257.1753763589881 273.8943219620087 233.41668557521356 Oyster-Closed 0
299.31561452033566 255.40926169976927 275.50346170253033 300.8774037204505 195.99676381612517 259.2427932366033 219.80902333841004 213.7755799956127 Oyster-Closed 0
342.9886575871751 246.3582130014941 363.809032158013 211.37604490349554 430.80680847213443 251.24711022477908 409.98712447929574 286.22867873788454 Oyster-Closed 0
20.010319 0 90.604007 0 90.604007 40.370286 20.010319 40.370286 Oyster-Closed 0
119.5200730000688 282.25329200000766 140.71653945391154 244.15053367123267 195.67546384087836 274.7199634462573 174.47967025561593 312.822141372036 Oyster-Closed 0
314.6325723391965 351.78676196762257 272.18167176282805 307.97930709937015 338.5052530955327 243.72028436363817 380.95516842822326 287.5266828452687 Oyster-Closed 0
398.6441204633884 347.6207896266898 333.11522790064555 337.4049115602366 339.2483065875931 298.0770336579614 404.775750000008 308.2927969999986 Oyster-Closed 0
319.044637363957 379.93014454624074 330.6612586608753 334.1454695845669 388.3407861510641 348.776750808231 376.72517933314884 394.56055127858343 Oyster-Closed 0
186.098206007704 47.68427320312126 182.52381750504355 3.123131763446728 276.95402093945086 0 280.52848597310003 40.10959686301835 Oyster-Closed 0
153.9262480000034 397.73089500001953 154.5874191575822 344.1801402441738 221.9248664215811 345.01112781147043 221.2648882341091 398.5607090533483 Oyster-Closed 0
268.98055699998804 394.43844399997863 267.2887289773971 373.7120629941347 313.98460419352705 369.9012082171222 315.6767290839816 390.6272619531542 Oyster-Closed 0
13.22735599999578 398.4296809999883 13.117454129547696 377.7694609189916 71.35884253481709 377.45934238221264 71.46915331716446 398.11915179514637 Oyster-Closed 0
400.534519 11.206637 416 11.206637 416 46.939401 400.534519 46.939401 Oyster-Closed 0
286.7185716420354 22.42695872816195 325.17767698472744 18.30061728608625 330.4758910212804 67.68190403485792 292.01678732152504 71.80823721777277 Oyster-SemiOpen 0
20.21014379420376 26.3631568403425 48.07245799303564 26.980497073355096 46.270503944720986 108.30727330530843 18.408189999998285 107.68993599999985 Oyster-Closed 0
190.2725862626139 97.01418989809343 190.9794856545377 48.24246813930795 276.9410863572157 49.48827097510325 276.234459688716 98.25972987885692 Oyster-Closed 0
373.788212481697 97.86595046369875 385.49765369189845 57.73798861775664 426.9171573782478 69.82419953367487 415.2078691416791 109.95202799910837 Oyster-Closed 0
139.43117251229341 62.27030317828579 147.88974864975899 120.1367802626127 62.31407751382358 132.64496237407332 53.85597892984879 74.77891310570135 Oyster-Closed 0
422.99471858407196 88.7630388842537 413.1875636632467 169.33060292888356 257.2490464112816 150.34735216253387 267.05735989177265 69.78108007170107 Oyster-Closed 0
244.13047901167374 139.49697715287465 189.80239903199617 179.39455275688977 133.06087952282542 102.13176193780481 187.38819811832582 62.23459685293802 Oyster-Closed 0
32.837705006408214 195.2553846342845 126.04315642540678 104.5879338395389 169.45060893634945 149.20900306228157 76.24597675456971 239.87562126930638 Oyster-Closed 0
383.998285735659 220.93296055720373 339.94299061796846 222.7221618301919 337.47905043611536 162.04336607571545 381.5334479999765 160.25418300000078 Oyster-Closed 0
410.94484367562836 237.8655760743445 378.9373885042951 234.97694942800007 386.2898749530723 153.51857735555333 418.2964465545265 156.40716426782316 Oyster-Closed 0
