280.43477956226707 251.9366241189357 244.47176835181017 230.1770620952298 299.02806165736547 140.0171359267985 334.99007086627535 161.77630446061613 Oyster-Closed 0
331.43242355857 178.47035776431048 350.35772159480985 200.45848050348047 293.06338213697745 249.767666578134 274.13841536026666 227.779857504253 Oyster-Closed 0
301.32187035134484 246.9473567043959 282.3183359929353 294.5823862716634 198.83887917768152 261.28178346359437 217.84277715876306 213.647714909121 Oyster-Closed 0
344.5373065480344 233.89343097460556 361.5361686111173 196.9439706002284 431.2673409819763 229.0213367207088 414.26915782716605 265.97022027012696 Oyster-Closed 0
71.28543853606243 0 71.2854900532111 57.124836689201516 0 57.124788065179736 0.0000010619332897476852 0.00003341756069660501 Oyster-Closed 0
123.63073600000644 291.376521000006 140.79874525623381 251.31159587506173 199.1543332672518 276.31368450479715 181.9870651579331 316.37798338103676 Oyster-Closed 0
324.9398622860099 341.0317235728885 279.18431056257396 301.2777180283647 339.9567654286948 231.34179793943554 385.71104633707364 271.0948776585361 Oyster-Closed 0
409.071786636905 328.2381093514944 342.5755825420638 323.6524388858649 345.29764501819955 284.19739016421033 411.7924409999978 288.7830119999986 Oyster-Closed 0
332.2670361979217 368.07637559733894 339.13582559162023 321.5830625894676 398.49744593515425 330.3510525743755 391.6296108469978 376.84351196018844 Oyster-Closed 0
174.16284931483824 56.63290408715954 161.65381482367957 12.127169426198892 252.8980202748171 0 265.4071064711643 30.987166075874498 Oyster-Closed 0
168.16976100001193 402.0251149999779 163.57715745435416 349.1158713872734 231.1777846694131 343.24920169826794 235.77144747848797 396.15727634666206 Oyster-Closed 0
281.6998500000227 391.65829999997953 279.9605969467848 364.5779474163174 332.2640860843894 361.2193576426611 334.0037761086096 388.29923858207417 Oyster-Closed 0
29.667487999984587 413.56853899998026 28.298364687776484 395.49852577368716 83.01187565514556 391.3538228526961 84.381320731296 409.42348489366367 Oyster-Closed 0
409.6540215068417 30.816440736241635 384.23761754578663 31.45448088580833 383.4512934669074 0.13086201416323925 408.8676788979974 0 Oyster-Closed 0
268.55641408228985 18.02862473790681 306.7973957291397 10.412101628197671 316.4023172718371 58.636341288274764 278.16133991755487 66.25285148560407 Oyster-SemiOpen 0
1.815509000021848 48.47685999999976 29.81498588784234 46.64202928940038 35.09092941953713 127.15193243853628 7.09145321397591 128.98675188636238 Oyster-Closed 0
178.75434783439414 101.35355925390655 174.67444613471525 53.1546531676115 260.8100236469545 45.863451687133114 264.890169086666 94.062095796868 Oyster-Closed 0
372.77742489481534 42.99496060117692 417.25712479423237 54.99487050952793 406.3656456070712 95.36565865021424 361.88595411756614 83.36577872180284 Oyster-Closed 0
124.21489841256334 72.16357183181007 138.0621033066127 128.40060358007696 53.47589580609201 149.22713498070752 39.629242823139066 92.99057904731974 Oyster-Closed 0
257.5093448153457 156.88257658688545 245.17876443083514 75.58481755049456 400.965048908045 51.956614747746215 413.29656973119927 133.25302051198216 Oyster-Closed 0
235.90952165252384 137.80013123765144 185.46184884147078 183.1881845478513 121.80310435849242 112.43459547747437 172.25017217795903 67.04702247388362 Oyster-Closed 0
76.08225988069171 254.40101114398482 29.28105308636441 213.94345370523206 115.14430652253941 114.62389997655606 161.94439318950026 155.0806501656193 Oyster-Closed 0
383.3657885737339 204.59084669559672 339.31345644037356 210.31297512354516 331.5553367278226 150.58603699366577 375.6068529999793 144.86396200000172 Oyster-Closed 0
411.8426939679812 218.6057544903171 379.51342091184415 218.49624454532176 379.78795223654015 137.5581982549773 412.11640860184707 137.66770682077996 Oyster-Closed 0
