292.7661905323621 251.01495968182206 255.92035598963776 229.05836913842512 308.8667383435677 140.21551232408098 345.71156009647893 162.17171415284236 Oyster-Closed 0
342.41573240485013 178.89033020009663 361.6348412228799 201.4933362473585 305.05595760916185 249.59751414816822 285.8371848958559 226.99482506957727 Oyster-Closed 0
313.6575954712571 246.9766952720494 294.0542115950084 293.7070899590197 210.05740030144807 258.4733663429782 229.66110337396822 211.74392334354675 Oyster-Closed 0
355.78584250640415 236.9297582819337 370.827086697278 200.44375739045213 431.04064209352146 225.2643883216606 415.99997191523653 261.74990112729813 Oyster-Closed 0
4.642881 0 79.016716 0 79.016716 50.792366 4.642881 50.792366 Oyster-Closed 0
136.06680399998731 287.2471520000066 153.68408597596135 247.97878724439872 211.71793118507776 274.01137004392973 194.10136762546608 313.2791265452478 Oyster-Closed 0
338.83049561138614 341.6154415442272 292.0364161163161 300.95881080801325 351.7692661680194 232.21985405186615 398.5620654018676 272.87555217340395 Oyster-Closed 0
416.00057406428095 330.224615 356.96885530934014 330.224615 356.9695358175595 290.742026 415.9999949551311 290.742026 Oyster-Closed 0
346.1664327767103 368.9719343060771 354.0441143604985 322.8277553621378 413.05805645900546 332.90034418878594 405.1813350618286 379.04367332573645 Oyster-Closed 0
177.41503209535222 49.551943145210195 170.57458250400668 5.841139060900761 264.55595238890237 0 271.39646661804727 34.84435636030617 Oyster-Closed 0
182.64414799999213 399.2250520000143 179.25853690937583 345.9355384728578 246.9147724434224 341.6379894654155 250.30147620375647 394.9263310527013 Oyster-Closed 0
296.2834163193402 391.7736259630381 293.9652621424393 365.2769815558285 345.3219544268868 360.78487032313956 347.64051639212994 387.28105572895015 Oyster-Closed 0
41.617406000012124 410.61547999998584 39.95055019564461 390.0728013433779 98.32542606066272 385.33711486684814 99.99266523174447 405.87937217815227 Oyster-Closed 0
416 0 416.000005812115 32.36078300001124 391.74530083251375 32.360777782487304 391.745305710956 0.000001377393608990741 Oyster-Closed 0
276.6726146345645 17.141506398893938 314.562313866536 8.974195207959033 325.0621565098045 57.68487524437351 287.17246213929684 65.85217272104376 Oyster-SemiOpen 0
9.720707999986189 40.86593900000088 37.6600157851135 38.551931895170604 44.355565643985756 119.39323467337127 16.416258941222623 121.70722873799754 Oyster-Closed 0
186.7591163842335 98.10171374572562 183.7799296692683 49.56295931116426 270.44754216101865 44.24343580939286 273.4269744942394 92.78193414664763 Oyster-Closed 0
371.5721213475299 84.89643148222046 379.9494564196975 44.356877091850684 423.45050478501435 53.34614532252175 415.0732981456713 93.88558398701149 Oyster-Closed 0
53.60938177462231 133.0971873362182 54.38111525993736 75.4654272608052 142.86954322535894 76.65020935245522 142.09828646792812 134.28149919329127 Oyster-Closed 0
418.6009767836913 72.0961054481499 415.0480796511947 152.69818668826082 259.05354836379047 145.8203519998144 262.60760698381273 65.21945116629111 Oyster-Closed 0
131.21631766199425 108.70298824842945 180.01481364806023 63.4341424432197 246.32110690217814 134.90906855120193 197.52308070515573 180.17743417166568 Oyster-Closed 0
87.96987244297634 248.82001242989185 40.102864710413996 207.44940134131656 124.26295204065536 110.0801115910871 172.12886857655758 151.44993695375445 Oyster-Closed 0
394.8712333892581 206.17687654436895 351.0695200689297 212.60917288638433 342.2709100851571 152.69385267976972 386.0718049999741 146.26161700000083 Oyster-Closed 0
416.0003194332603 217.91823000000005 390.79072107708635 217.91823000000002 390.7910112112695 139.396401 415.9999874769528 139.396401 Oyster-Closed 0
