312.8501275087401 200.17870289610408 405.5878965790653 198.62586634347312 407.0279713723103 284.6212320211571 314.2902035653424 286.17403993536846 Oyster-Closed 0
275.74905486093485 233.75854901917847 294.90832713916825 256.3689030062408 242.64445178175083 300.64962260104915 223.48556499996266 278.03963099998333 Oyster-Closed 0
303.34080201121105 46.88862849943527 320.8559611302808 0 371.2882859312049 5.6243035329797175 353.7732222659579 62.43672298365117 Oyster-Closed 0
124.11054231709204 0 180.48159111346467 21.016906754494013 149.08580044424525 70.9406451291771 92.71479481238202 35.49044143669768 Oyster-Closed 0
165.65634578110257 51.813799731338 162.14835633905386 27.70570227483783 227.0162742976463 18.266702831796362 230.52430319524137 42.37474627215535 Oyster-Closed 0
414.4180676608448 354.7825254884342 403.94868616707754 402.8235911164798 284.69586549863016 376.8387718548877 295.1665819747759 328.79963381602624 Oyster-Closed 0
379.5742418708942 65.94928163115328 353.60485357604193 66.25146213073356 352.8625832106445 2.4554697179493834 378.831850999999 2.153290000000099 Oyster-Closed 0
206.89486580950688 47.25013958206882 218.64019686970641 91.58344332601048 133.0491932803925 114.25861300126624 121.30419114345932 69.92559515878722 Oyster-Closed 0
327.7620133318451 102.69687037700858 324.9876442016284 67.00190536820051 377.73614376337355 62.90209716949322 380.510639206379 98.59691699463738 Oyster-Closed 0
248.0761472379818 105.32541262585083 233.98674171194216 108.05873605958496 229.16718526744444 83.21572453203495 243.25653275992227 80.48240691650635 Oyster-SemiOpen 0
401.05437307451575 98.19906712448622 411.1797733529165 136.56555189839568 346.48792858959496 153.63764461802995 336.3628564985229 115.27143888416127 Oyster-Closed 0
129.26923985929898 156.04962405555244 127.24874569867461 113.26610229287718 208.22389133986871 109.44196193715898 210.2447698281685 152.22506501068247 Oyster-Closed 0
15.461837854159967 182.47135799102108 11.91045348625994 131.15959371878608 103.94619528706971 124.78965309387935 107.49817172591065 176.1007676901042 Oyster-Closed 0
195.98169461267025 214.3021792347909 191.8148027973839 131.55381728531614 360.4748959579483 123.06090996729743 364.64377202963806 205.80690763510978 Oyster-Closed 0
186.43365932943198 199.33884466819373 146.9620062261347 235.8653500890585 84.35934254578024 168.2182954382073 123.83037280183999 131.69230990637587 Oyster-Closed 0
