296.40553401609213 224.61226272138143 387.5821012750457 239.60917227603082 373.632270925973 324.40899165026036 282.45577376189976 309.4123940625989 Oyster-Closed 0
253.55251754904748 253.08674506637553 268.7100070893066 278.13825452997526 209.45304710442724 313.98616638466274 194.29605299998366 288.93508800000603 Oyster-Closed 0
314.5772235212062 72.24872542541125 342.6374905063203 15.049294088011566 389.4563511763772 38.01715522469551 361.39627261409623 95.21642036486568 Oyster-Closed 0
172.92240869332818 71.01922978631286 115.29271896717182 62.92279212380951 124.35866823477409 0 181.98810854773183 6.489866936521889 Oyster-Closed 0
178.19186848254685 56.317339372109345 178.3542037675943 31.923334903003852 244.36600357510906 32.36258413364458 244.20373195658976 56.756521100087184 Oyster-Closed 0
246.06154025963042 415.9992432308125 246.06378004407452 367.85758255701825 359.97859622350006 367.8613270142205 359.97824841566035 416.00111662926724 Oyster-Closed 0
386.1003616410271 102.61513215147413 360.59524966858226 98.28678829269431 371.3403276788522 34.971958026740545 396.8452240000006 39.30028200000227 Oyster-Closed 0
218.4165579471337 58.12584022476551 223.33035526222375 103.6321134068682 134.9028137434252 113.18000796444667 129.98935260494545 67.6740477788172 Oyster-Closed 0
328.7345060707994 131.13077581214935 331.3825520720784 95.30776788195888 384.02446119784145 99.19897420015387 381.37662140684915 135.02178382830763 Oyster-Closed 0
249.54995390262775 121.70209985675527 235.18039251389928 121.86163040007897 234.90225067305437 96.80552422211338 249.27174225104318 96.64599406845377 Oyster-SemiOpen 0
401.05917542264797 137.7526411977686 405.27342335254434 177.1294612012825 338.5524680075396 184.26928932154834 334.3386265064328 144.89283640435835 Oyster-Closed 0
124.30753013891444 154.08617557348657 128.78713364451323 111.30986946904329 208.83832579120644 119.69260020870627 204.3591760067029 162.46848051583316 Oyster-Closed 0
7.597700851794798 163.07029572117133 11.840845202048513 111.62813540747588 103.1491485080478 119.15916997201113 98.9066344200728 170.60073623132038 Oyster-Closed 0
179.92140921943428 221.83366723534394 188.32640948742483 139.06720935865712 355.3015059644058 156.02254070947745 346.89908855984686 238.78643612993181 Oyster-Closed 0
172.04513359583143 205.59602484609482 126.2614947209222 235.25418378360132 76.86708630120484 159.00704453690125 122.64976491127891 129.3492985035583 Oyster-Closed 0
