309.20933986104865 199.88894089087768 401.96045875076015 198.3353164228995 403.39671922902926 284.0717792537749 310.64560159874964 285.6253752073381 Oyster-Closed 0
272.09792915130674 234.21723615755099 291.2937189783552 256.5674977988296 239.04990151760285 301.43165867676663 219.85449399997015 279.08175799999015 Oyster-Closed 0
299.76886816285696 47.07119677479568 316.62980220563986 0 367.03187331320805 5.175347551627107 350.17103336039145 62.02085281008895 Oyster-Closed 0
120.56291292189417 0 176.74677598262133 22.785594992928008 145.3998191006176 72.98799234723413 89.21600323462917 37.906291182598984 Oyster-Closed 0
162.09610333308228 53.56789654571005 158.3220047816285 29.54775891102512 223.3505847924971 19.330308130825742 227.12472348624942 43.350389669125015 Oyster-Closed 0
410.545047686006 353.5383078388519 400.59170492077465 401.796927740584 281.3133978663791 377.1988466619777 291.2681133149854 328.9421560175209 Oyster-Closed 0
375.93555348512746 65.24832731079141 349.96396986921536 65.5506256857437 349.22142822176465 1.7508816013639328 375.1928929999922 1.4485840000001857 Oyster-Closed 0
202.9233291073724 48.63045395824037 215.10839459919953 92.69558971592862 129.4976084160444 116.36832648821388 117.31287885627171 72.30348193551549 Oyster-Closed 0
324.22288036577083 102.55557927021778 321.0404693739947 66.9372185037423 373.77226104020156 62.22580792318347 376.95479545303897 97.84402446132682 Oyster-Closed 0
244.44382734338433 106.11941359957942 230.32574918020327 108.86496000598149 225.52442555893504 84.17597733405987 239.64244538592175 81.43043679184039 Oyster-SemiOpen 0
397.2779446329114 97.25222407095964 407.7843337300401 135.3873544602197 343.11201021520174 153.20393625563798 332.6059471020817 115.06908244023955 Oyster-Closed 0
125.99168645231475 158.19431200097318 123.47733588985648 115.47278475753446 204.29805984878476 110.71614950913062 206.8127928726608 153.4372537374964 Oyster-Closed 0
12.22447885771544 185.92398580283538 8.084702554311662 134.71240961665384 99.93188053392805 127.28786165574446 104.07224906916599 178.4987777454933 Oyster-Closed 0
192.85827530739334 215.64696415155203 187.73696677148473 133.02447173000112 356.1346993137413 122.5866999208184 361.2579596857322 205.2068256841005 Oyster-Closed 0
182.81072700078585 200.83608870956616 143.31652158446013 237.78758520535712 80.72344673356201 170.89067889142592 120.21703374731442 133.939711448533 Oyster-Closed 0
