382.6967360622548 272.6985257091201 376.3179402490787 227.33050727857747 416 221.7517470000022 422.37912391878126 267.119373417418 Oyster-Closed 0
396.2942497130098 228.6286854162629 383.76534854780766 324.1653967798983 280.4878253078241 310.6208946268562 293.0187217392195 215.08658468696382 Oyster-Closed 0
183.74453209974308 330.5274760805241 137.68719892069566 289.6630465089533 209.43700988464843 208.80699292797817 255.49303737727314 249.67042185094624 Oyster-Closed 0
232.52852906107728 250.6314889361179 257.5358882722685 278.8159098590303 203.00119290013754 327.1955590109567 177.99438105776426 299.01166068386544 Oyster-Closed 0
216.96270982402348 315.9766560297607 201.62772931977452 360.7805774741161 110.80606007847746 329.6992860828571 126.14163551186357 284.8965905661116 Oyster-Closed 0
226.0311036495732 351.75362005222956 249.4475627965221 271.3812433699237 438.18508430469956 326.35833013072244 414.7742293766096 406.7258432470364 Oyster-Closed 0
413.11730942706345 388.5271992408066 409.95577902066725 425.0299079681592 273.2066999701856 413.18463265546933 276.3698279167875 376.6836506510661 Oyster-Closed 0
232.0692154586868 385.71321997632833 226.4493288376034 421.28703900279675 157.56792989124733 410.40715338079997 163.18851632362566 374.8342058662476 Oyster-Closed 0
310.40672204323346 38.66889850257759 313.3414865928353 59.75263558879933 261.92450548304987 66.90953393715996 258.9897970666061 45.82584720487656 Oyster-Open 0
416.40194632054045 107.78310562725642 382.0274714937077 109.56811201463083 377.31384939079726 18.793822754077947 411.6880052163506 17.008824170682754 Oyster-Closed 0
66.02657369287408 100.46343482968214 52.455596728283126 43.010809697718095 149.35112307977397 20.122999631145554 162.92231054272634 77.57530901994171 Oyster-Closed 0
290.0248866841066 94.81926432300264 289.61140032930416 49.619601037615496 353.01196986693685 49.03956752944134 353.4256357034574 94.2390543338473 Oyster-Closed 0
156.80141833741436 110.3946331932051 144.74202467297073 159.79455405311472 48.615006117695884 136.32810611077508 60.67475774871855 86.92869127252925 Oyster-Closed 0
323.00035950455276 165.29192498341828 309.44879889120057 104.93133795619352 385.13760064048984 87.93886545830102 398.68952053778776 148.29891847245548 Oyster-Closed 0
324.4189960982185 158.38149445105378 293.5087383844184 172.6163672494095 268.2963049421305 117.8704947759966 299.2061594710649 103.63573195317616 Oyster-Closed 0
224.64600651179717 11.0623220180655 224.5126662744333 33.597551352215355 159.66011679696385 33.213766336144324 159.79348532883887 10.678565940082425 Oyster-Closed 0
407.50410269023996 152.27791446177932 416.5233493408232 186.07182703699675 377.0696623900767 196.60078410814054 368.05066049950983 162.80708024631227 Oyster-Closed 0
269.19882483248875 34.81096344629334 273.2715764643872 8.229641960946907 330.87298615861437 17.05523066848521 326.80027532923486 43.63651295804465 Oyster-Closed 0
127.62714631167182 190.55609830950118 93.59102608176181 226.42947282813978 17.508362292894162 154.24658936803266 51.543975938107906 118.37379051901141 Oyster-Closed 0
138.1959958445841 220.52366445071164 139.63440468167028 126.62135128791907 332.40831808750227 129.57354469866237 330.97278366797764 223.47277858772722 Oyster-Closed 0
6.403690909475699 172.71719186050876 40.01046378968749 169.55715317642296 46.02076033956473 233.47199456518612 12.413992711462924 236.63199725842074 Oyster-Closed 0
