380.8890884098946 256.3489088608195 374.94196329154147 211.45934942764845 416 206.020328000011 421.9474430884402 250.90951248484456 Oyster-Closed 0
375.54230116130566 310.6123619396287 274.38255787580056 292.214127879311 291.8313022804141 196.29956203983647 392.9866981185769 214.69738744534158 Oyster-Closed 0
173.50357271425673 313.52234108282886 131.29078503819983 271.97656721215685 210.39476987096714 191.61234255230454 252.6065383750174 233.15712664731782 Oyster-Closed 0
229.61190336514846 233.81951024139937 252.49452186078634 261.9223928095211 193.56212295313162 309.9009352107414 170.68005471591096 281.79856381698437 Oyster-Closed 0
207.8388437509093 298.7413590303856 191.50782302617517 344.47532851400524 101.9134458273802 312.48609623760973 118.24500287203045 266.75329987033535 Oyster-Closed 0
214.5102139299088 334.7754925140752 239.35741677768237 252.89521098465198 438.49320219673973 313.31303147296876 413.6518016246264 395.1882804817057 Oyster-Closed 0
396.9958764332914 372.3744348773809 393.0977800469045 414.41892526018364 256.89171198816985 401.7895226891078 260.79156132463686 359.74694340356876 Oyster-Closed 0
141.13830140442587 390.5481349856966 149.63158363739058 354.77561273811784 218.96275866185897 371.2321357757038 210.47046344211412 407.0038043026408 Oyster-Closed 0
325.41739952770877 22.576964239296657 328.15328502380726 43.44249662061728 275.6610805152959 50.32519021803544 272.9252339130835 29.45969299822481 Oyster-Open 0
416 0 416.00002202189717 82.90078600004435 394.80701928566486 82.9007532090683 394.80705760228375 0.00001997339681726454 Oyster-Closed 0
77.84929402155831 82.26925573630665 65.14557076473284 25.71724767263215 164.02495291115338 3.505174321938098 176.72883117103265 60.056953515286175 Oyster-Closed 0
302.9497040392671 78.4140111656764 302.80135819876523 33.26925933772811 365.4668415790329 33.0633017635773 365.6153254524179 78.20792049021804 Oyster-Closed 0
60.62303565131515 127.89254467476457 62.69061714387499 75.46731778846521 158.52647922907636 79.24670716311002 156.4593709143919 131.6714791475346 Oyster-Closed 0
331.5835306184417 148.24800514756072 318.89505231782096 88.80024927731515 395.31615940795746 72.4892993010956 408.0049549776777 131.9365887334776 Oyster-Closed 0
330.41991390355906 143.19229188842732 297.5019324198074 155.50981582300125 276.94976206705905 100.58623141349382 309.8673552279979 88.26878952711897 Oyster-Closed 0
241.88599463508945 0 241.8859982414724 16.37240229676911 176.39397424762137 16.372398150149603 176.39397807075147 3.2849445512556015e-7 Oyster-Closed 0
410.16226506776366 137.47026023481425 418.31088187035493 169.56595943116042 380.82481396811636 179.08247778489144 372.6763958334086 146.98694813160458 Oyster-Closed 0
342.4453391825773 0 342.4453480000193 27.503357000019886 292.13198113174076 27.50334921449995 292.1319889999977 0 Oyster-Closed 0
129.54522304340207 172.99373750835096 92.43171074261409 208.829481664911 22.381922893586307 136.28453922755523 59.49489442993581 100.44929156053163 Oyster-Closed 0
141.2502825212432 203.1884146865689 143.23164022381025 109.22664768305563 334.83458192885155 113.26627300523718 332.8558284270366 207.2252497169298 Oyster-Closed 0
9.53237000003719 154.25629299999986 43.562755635532085 154.02037265167635 44.00795313657363 218.23441515004413 9.977567489444482 218.47033303126986 Oyster-Closed 0
