376.5300417502731 248.2503878737682 370.11083441686424 203.6094948341897 416 197.0113249999867 422.4195433141758 241.6518149605193 Oyster-Closed 0
367.4153528789211 305.1964529355983 267.9078930933647 283.7212634423132 288.69989737584183 187.40099345494772 388.20320057625213 208.8757148575817 Oyster-Closed 0
166.02588203540654 308.07007864826534 125.21281454269774 267.0461372488564 207.04272686842887 185.64624208955902 247.854841395947 226.66920772629155 Oyster-Closed 0
224.67706100737269 227.75612993674108 246.89703522267155 255.35937639508188 186.40617960517193 304.04645528211336 164.18674732478394 276.44371061618165 Oyster-Closed 0
200.60972318999484 292.85297276034765 184.2876992346064 339.4001107089999 95.18826974142576 308.16039045651894 111.51084113411343 261.6144166040318 Oyster-Closed 0
420.77712190720194 297.73819271758725 407.1984815750875 383.40331601829143 203.1273983905703 351.0533256031094 216.71012208825414 265.39303792272904 Oyster-Closed 0
386.1115787951203 364.36438670537484 382.74730976762294 405.6247644517927 247.1299061881 394.5652269718522 250.49587832925317 353.3066787459265 Oyster-Closed 0
131.25543881821432 385.702177708038 139.5297848048831 349.44637111194737 207.91926157008857 365.0502209784932 199.6458831784512 401.30518876533773 Oyster-Closed 0
327.3104871766045 15.068522966418715 330.26317127216316 35.79729124057815 277.43487541935974 43.322294255186854 274.4822226821889 22.593554238233306 Oyster-Open 0
416 0 416.0000182397707 74.08246300002772 397.38959197989607 74.08244006795415 397.3896172470886 0.00000771350450110913 Oyster-Closed 0
79.6950917190079 77.36271936641762 66.55494602143153 21.446326504061243 166.14365713559164 0 179.28393564799262 53.95951163202272 Oyster-Closed 0
304.58160453319215 71.14847033599683 303.90604618356156 25.971857867511634 365.9320491822218 25.0443070210606 366.60772416229156 70.22080703878777 Oyster-Closed 0
61.04637752691997 123.57560912553686 62.514253073753935 70.98305559628015 157.28370076743522 73.62788648982215 155.8162673268307 126.2200116315059 Oyster-Closed 0
330.731280246222 140.5279311763063 317.56099552502565 81.71745396762623 394.91636849418137 64.39441568768788 408.08694082450165 123.20445700638054 Oyster-Closed 0
328.9479150032239 136.49400532820871 295.20730162610926 147.9635541781247 276.5701409694593 93.13846284118051 310.3103774417432 81.66898516272119 Oyster-Closed 0
241.45057100001213 0 241.4505725422132 10.26162781192682 179.54397190010422 10.261627342468035 179.54397306887404 3.417679434915789e-8 Oyster-Closed 0
408.47925359118744 129.07529511225638 417.0713148206414 161.64350186863493 378.91132812046635 171.7101649247209 370.3194631186343 139.14212553387344 Oyster-Closed 0
296.2122776063734 12.442078533578595 298.9877152572335 0 347.5089956670272 1.2183486167959137 344.73356529490775 19.720543366923664 Oyster-Closed 0
127.06312141462331 168.00763349727342 88.56992035269286 204.15134581007638 21.110221668746817 132.30886086078996 59.60287172544486 96.16562367294893 Oyster-Closed 0
139.65106106407984 198.0219720815903 140.54389120026826 103.86043347893444 331.33580208467174 105.66894989221916 330.4454364238045 199.82780303398377 Oyster-Closed 0
7.719449063439242 150.53441449917318 41.68109526102489 151.48269542836465 39.8855686312927 215.78405817325546 5.923923000002105 214.8357869999997 Oyster-Closed 0
