406.4948556698073 354.15665410335714 346.6391458405342 349.28047348403095 352.3736919291732 278.9141453124189 412.2270776069636 283.7902313282146 Oyster-Closed 0
140.41584623815652 295.4737052218761 155.0911874668709 245.9735673032991 218.04985099998157 264.6366820000058 203.37546422796004 314.1359926407506 Oyster-Closed 0
245.79813546162404 67.93954815393158 261.98874234821415 17.037707721911772 356.09637010011284 46.970922830070094 339.90608405906823 97.87247349697857 Oyster-Closed 0
350.9921617124746 427.8565944333793 190.5369972727749 411.99355259253724 206.16352451869534 254.048857859228 366.60340741708933 269.9111347758982 Oyster-Closed 0
124.97034554095444 286.9336907587715 160.507845174845 336.01500285390495 71.51754160411656 400.4332416021881 35.98184649874747 351.35355861889775 Oyster-Closed 0
224.75736689167024 390.63844008960154 222.81099881043338 420.3032783923778 129.79266426779577 414.1994514052213 131.73994234063866 384.5355658808576 Oyster-Closed 0
406.31252586419214 98.15803555878936 402.08637010085295 180.1123068497821 266.5531867321697 173.12165662886898 270.7806016817485 91.16867998296311 Oyster-SemiOpen 0
285.04641763762993 188.97048991913803 208.6373897145604 180.87046592432512 219.98964132605397 73.79635064981318 296.3967739052059 81.89627291456027 Oyster-Closed 0
140.7212958064847 7.374861563122926 139.61791099969923 28.429009891680142 75.09823724814851 25.047689832291223 76.20163926582973 3.993558886537592 Oyster-Closed 0
22.09343722130143 83.69138426003839 297.41228759696605 127.51315841144216 273.2120839593372 279.5487420431735 0 235.7280515000418 Oyster-Closed 0
