416.00089410115106 301.238682 364.96818357621305 301.238682 364.969048557341 226.80708599999994 415.9999994236787 226.80708599999994 Oyster-Closed 0
158.43725293621173 292.4458579768279 163.11585079538054 240.11477182023177 229.40714400001525 246.04086899997958 224.72944656616164 298.3710962296483 Oyster-Closed 0
228.75199865089235 45.263404120278416 234.3179828500688 0 330.5188937123712 5.2749214660459325 324.9530381300392 55.850427787292034 Oyster-Closed 0
217.54939509203177 234.15616169093988 377.5031331591563 228.4302928078932 383.2858039095008 389.94691672963324 223.3320727766768 395.67253167908376 Oyster-Closed 0
140.9752549783043 287.52337303640826 183.76598606288826 328.1498618547744 106.191320054073 409.8381388867066 63.40195818315988 369.2130548551803 Oyster-Closed 0
163.31234851758563 409.34151168334006 162.50704656896414 378.0076127395819 415.84753594942595 371.4913995783637 416.6554836796313 402.82242272188284 Oyster-Closed 0
387.71115395519155 42.94053346660981 400.21744329814464 124.41133699006271 265.2313480520461 145.1309565651511 252.7260853239968 63.66105315574623 Oyster-SemiOpen 0
284.12957370336153 158.70489710341474 207.89790004966926 161.81104598491095 203.4755691315404 53.259399002327406 279.7056842146303 50.15328210554412 Oyster-Closed 0
116.47364518706308 0 116.47365753271151 30.54654248170493 52.587502142101584 30.54652815612416 52.58751632705025 6.560693482816155e-8 Oyster-Closed 0
11.133598276162957 103.12796851806615 287.1407614928794 106.03124137652003 285.5102517343439 261.0342258837936 9.503077602141275 258.1310265389218 Oyster-Closed 0
