412.5999490406357 321.3644345663348 356.3311686439629 320.7097769362131 357.2042201532604 245.7737628096193 413.47092293292735 246.4284084570527 Oyster-Closed 0
151.82262917362095 313.51701224673883 156.19187301620696 261.25438574100997 220.78305699998236 266.6536830000226 216.41475175886808 318.91541302561893 Oyster-Closed 0
208.91318843166664 65.39057256089059 214.31660648455363 13.504722496341202 311.17496686170125 23.591568122485697 305.77176753770254 75.47718937684814 Oyster-Closed 0
208.54559932100892 257.1970594708131 367.1237959183054 243.26676078153187 381.51578804572637 407.0734909834823 222.93766279962074 421.00312090422443 Oyster-Closed 0
134.57780932371315 308.94685610000664 179.72011801170447 349.0215049237353 106.74611332813947 431.20228441445585 61.60516041923256 391.12907070354385 Oyster-Closed 0
161.87658361091235 415.9999558582658 161.8774082898417 398.02731559117757 255.40425547634368 398.03077290572855 255.40403296622753 416.0027985617021 Oyster-Closed 0
369.5032310166571 61.97227235546863 382.75811955826066 144.10048461870085 250.07065443927786 165.51324184124013 236.81700298407668 83.38611414106046 Oyster-SemiOpen 0
270.6867731150087 177.74587270201775 195.14652122018742 184.7547959312982 185.0722913590762 76.17055087949466 260.61070805988857 69.16171343543333 Oyster-Closed 0
95.36136333155446 17.580224596439646 96.4159460457704 50.91862773768685 32.68251494772994 52.934589536668035 31.628001000008226 19.596256999980803 Oyster-Closed 0
0 124.97765400000002 274.533919 124.97765400000002 274.533919 280.379683 0 280.379683 Oyster-Closed 0
