298.690647823616 291.55324893224224 307.97949743559366 214.38201969200128 392.7076157353731 224.5792842678306 383.420400992396 301.74903358560834 Oyster-Closed 0
416.00019575501574 296.1957550000001 399.53064389642896 296.1957550000001 399.53087234559644 241.90057899999994 416 241.90057899999994 Oyster-Closed 0
0 349.42125778120703 13.588606999979675 227.91798899999372 214.778371199518 265.8346695533647 191.88161639827376 387.3314966110668 Oyster-SemiOpen 0
269.472264917109 304.37777185299484 258.4545620618883 339.92886135785847 207.11545557617137 324.0204452024946 218.13345157378717 288.4698807646196 Oyster-Closed 0
416.00226654446305 416 310.1027807119317 416 310.1050302948788 351.26873599999993 415.9999106638097 351.268736 Oyster-Closed 0
119.2913135356248 415.9980725157757 119.29642549174605 345.3727654246038 296.8611401267881 345.38232451746745 296.86022396160115 416.0034499264948 Oyster-Closed 0
35.63850420495146 406.6661314787561 46.49637435807381 361.8585929215711 121.93165669633527 380.1331668642787 111.07518190198971 424.9394977810353 Oyster-Closed 0
122.72167182519843 98.57704882261216 133.3457643410693 30.47217324259892 262.64240970975516 50.641592744815895 252.01898016710402 118.74587072732086 Oyster-Closed 0
415.98117834294317 147.99161461255684 312.6520187255737 151.664282914002 308.34770219472193 30.538015307090195 411.6748381322068 26.865383689242545 Oyster-Closed 0
337.66484968088844 110.33011927839283 347.6005218950486 235.39732480974837 178.61385841671654 248.8172860914634 168.68180746814323 123.75349947167449 Oyster-Open 0
194.63531220710138 262.5271945218353 85.96929189059301 268.529634695316 77.31472256647612 111.8139379259961 185.97515120694152 105.81165232339774 Oyster-Closed 0
