347.2091587582581 262.0772632538917 268.5640265834736 240.9636874400237 289.1570399498305 164.26821673918457 367.7999806603111 185.38148506087447 Oyster-Closed 0
391.91849212324814 247.33209157194156 369.8951686080436 246.97308801063764 370.8441145569486 188.7807654784503 392.8669440000049 189.139765 Oyster-Closed 0
154.82549475487394 359.54032147210177 0 351.1228753980188 0 222.691637999999 161.51532638295976 231.108800839255 Oyster-SemiOpen 0
230.63722210107153 268.5042649709272 222.5449945293185 307.3254145019734 170.67286138094642 296.5136811796197 178.76546126776884 257.6930403783891 Oyster-Closed 0
259.6319119999971 395.19879899999796 249.03651652303233 316.98451268231133 387.4339298814666 298.23872877421474 398.0320995598813 376.44971396388274 Oyster-Closed 0
67.02098700001443 385.98450399997864 74.12936861358685 310.5534319294343 251.0848008071771 327.2217770100866 243.98092594380432 402.6488053549323 Oyster-Closed 0
0 400.1768977400412 1.9595333873257914 352.2711374428775 65.77688809540996 360.9661088293085 59.24916853521427 408.8708466796954 Oyster-Closed 0
121.94645326958198 78.34891959988948 125.22065542967539 7.695041410275837 256.9877136554387 13.80114741357001 253.71391237563512 84.4546408366025 Oyster-Closed 0
414.58880799985127 0 414.5890390085551 98.7396865715426 311.52192216014737 98.73946955297616 311.5221437552718 0.0000646197857051168 Oyster-Closed 0
155.54396098383222 212.78844329427986 148.77281760974074 88.55546975394458 326.6987605914983 78.85774128481475 333.47259740695154 203.0877520915052 Oyster-Open 0
163.32346889774635 248.7802029044441 55.32620688318639 238.4157851740187 71.02574174823167 74.86223898047406 179.01785480406033 85.22640399100518 Oyster-Closed 0
