336.120022194802 159.05305403309822 341.78842433090176 294.5766385540966 173.1328405294007 301.624480526133 167.4692332095765 166.10533221095727 Oyster-Closed 0
105.94611240289669 280.72232198295274 106.12623000061285 221.52773742646343 171.9586064001378 221.7279529201761 171.77935037731368 280.9216830411821 Oyster-Closed 0
0 384.0483063783655 0.40102494987513637 261.9642869538918 263.6224294791609 279.56578694582896 255.4635572345469 401.64092260679524 Oyster-SemiOpen 0
278.96176567877774 27.98080497223761 269.88488820589555 81.60255531287254 176.8981316476311 65.86191032814314 185.97517090558176 12.240364549231346 Oyster-Closed 0
222.5968099999991 415.99999999997897 222.59851305345 379.96477348612893 311.4615906264007 379.9681795488867 311.46100796421524 416.00228419122334 Oyster-Closed 0
374.1066398220719 111.86000481788318 271.1826407717672 104.15834641495717 278.55671276939756 5.619941397079964 381.4797879999787 13.321567999999113 Oyster-Closed 0
129.74338575768343 6.083111016753434 127.44599008800651 125.93565408966107 1.9447986249906535 123.52909918153276 4.243051000008563 3.677376999999008 Oyster-Closed 0
397.98780176197397 156.7797750148264 367.44784813572187 154.14335193998213 378.59542938239247 25.016632017454743 409.13485848127675 27.65303534929937 Oyster-Closed 0
165.89642668216038 42.3279957604546 110.2685887734915 167.7446157210192 62.61726552178516 146.60916857587347 118.24526602608967 21.193051579619727 Oyster-Closed 0
215.73040978566132 159.5631786410084 216.45730958395143 83.87019193665934 291.0981394561968 84.5870525656439 290.37185461243644 160.2794046214749 Oyster-Closed 0
177.7046832175256 7.788124533757237 176.94254636111145 37.45298798989592 126.27301941929545 36.15117051726619 127.03518387533404 6.486334192314387 Oyster-Closed 0
0 112.811429 64.376176 112.811429 64.376176 222.636466 0 222.636466 Oyster-Closed 0
243.3876981590438 276.8744551422909 244.13253781703315 162.64975244268686 397.28222470741093 163.64846686941345 396.54082445266613 277.8695506878129 Oyster-SemiOpen 0
