344.9446093725055 145.90043677451897 366.17535900925577 281.8299314505176 211.26882228492832 306.0173800107965 190.04277168903354 170.09196858320445 Oyster-Closed 0
135.15533679197324 283.0756332929651 145.49812320648925 225.96905214647435 212.56568279004205 238.11454801688689 202.22390580578212 295.22023637746304 Oyster-Closed 0
25.402878495897312 408.4042924209625 19.99441632529124 285.95592413839825 307.94776355691647 273.22847958453326 313.3663785998142 395.6671253400432 Oyster-SemiOpen 0
261.9478107159084 23.038481835500416 258.915821847153 76.802347035578 160.45427137711886 71.24936568768172 163.4864636722159 17.485714325460847 Oyster-Closed 0
289.01168899999175 413.33843800001887 287.67549231409794 374.74281510455546 383.16475213403464 371.43709447124104 384.50217255602183 410.0314314047756 Oyster-Closed 0
360.8689973326218 16.80746129732957 357.12240039376775 97.25421770284238 250.7189770293262 92.29832774002864 254.46594747221388 11.851963543974499 Oyster-Closed 0
0.7396522022136196 21.18082915810125 107.52024119588168 17.452003641036434 111.84641156361613 141.33751907156338 5.065829023649712 145.06630942456883 Oyster-Closed 0
402.629663211821 137.2130370562923 372.5806143173395 141.43327142131972 355.2709922119393 18.185521543505413 385.3196604850127 13.965308752551744 Oyster-Closed 0
125.82419175179894 178.22437639239376 73.26003559631499 169.49317698087404 95.25482058982743 37.08598776955006 147.8177647377779 45.81708968491399 Oyster-Closed 0
299.9477912534203 148.7967235279637 240.25259560616178 181.40246822564066 200.21391533808855 108.10025476040673 259.9082721301238 75.49478521059771 Oyster-Closed 0
153.12095971888994 13.916599097798578 155.67913952188246 43.673953041826685 107.20950420211375 47.840731380418504 104.65136588895984 18.083415407315965 Oyster-Closed 0
0 140.87083072416664 56.77386851310803 120.63866132209934 92.94522815454184 231.49676753593712 30.93477739440641 251.72854917461694 Oyster-Closed 0
268.3845738585769 274.23586721550043 256.2734393525243 159.65240419423378 407.6213908013633 143.65653272139963 419.73533550823413 258.23657735979504 Oyster-SemiOpen 0
