198.50221478209278 165.90773601694394 353.01806126549855 141.04977246641081 374.8385715413133 276.67617437555003 220.32293288171422 301.53346842245276 Oyster-Closed 0
143.63462691250606 277.12485499201017 154.51923578117203 220.40797212927913 221.7084021020164 233.30094987701972 210.8247832414927 290.0169608837799 Oyster-Closed 0
32.66705829535567 401.0586226239039 28.706583051927737 278.70063589005997 318.3893818630677 269.3148068046566 322.3600136653331 391.663192499188 Oyster-SemiOpen 0
163.63678538399108 45.97535750466174 177.80016700905253 0 277.8035412387653 25.476169091531297 263.64036064159154 74.73118962827685 Oyster-Closed 0
298.7835479999776 408.9947339999977 297.90260100796877 370.4384956899846 393.54082175814983 368.25318535470757 394.4229973286092 406.8081491109117 Oyster-Closed 0
368.24825458838313 8.570880422337721 366.2672756927059 93.69115228955886 259.85431677041197 91.2142191365376 261.8356671358779 6.094329858336329 Oyster-Closed 0
113.80571276821865 11.678382548948893 123.51734645800752 131.98978295772122 10.960701834181236 141.07437014636258 1.2500549121577933 20.763837486605592 Oyster-Closed 0
410.98714671688504 134.70028747553945 380.9882721179856 139.09716010130666 362.15051738060356 10.572125701164321 392.14905934122 6.175270397679761 Oyster-Closed 0
133.97710735781948 172.13577186656954 81.13821783482854 163.620333797759 102.41068825212642 31.630029252135117 155.2484339132061 40.14537850806858 Oyster-Closed 0
308.1375008800387 144.96548279221724 248.93606290300522 177.55662952801885 208.38768555440402 103.90222782694597 267.5883201535544 71.31134700792357 Oyster-Closed 0
160.31763323285486 8.717592639669979 162.52217976541579 38.489773603053706 114.16617949518695 42.07035399710202 111.96166657834328 12.298204057307293 Oyster-Closed 0
2.424780288714828 133.5967875827227 64.09289782091219 113.12074511426083 101.12112891460129 224.6344544401075 39.4532066834945 245.11011641369114 Oyster-Closed 0
275.75999630907245 270.0508327846351 265.0090119450251 155.34331500736374 412.7674052459988 141.4955943234973 423.5211455450517 256.1998453826726 Oyster-SemiOpen 0
