322.713196538567 271.59423725890167 234.46468055005244 417.97169910201427 0 255.44194477936063 53.11264682738329 109.07499082452897 Oyster-SemiOpen 0
141.05988109883765 362.6758236145372 153.83029352595986 306.8352500348432 226.14651445015988 323.370184725575 213.37754677348858 379.2095023788849 Oyster-Closed 0
415.49223999995957 0 415.49230227416047 60.06895909709739 326.2014502161692 60.0688806899276 326.20152699999016 1.1504861421523906e-11 Oyster-Closed 0
207.426835628954 400.98703980571497 201.15605711785247 311.2239196862053 372.1558616764123 299.27748451228183 378.43100520631924 389.0360217557009 Oyster-Closed 0
161.76386505307528 3.4000318950222894 164.6565954326761 63.40498753732978 76.75806593035304 67.64219484874653 73.86551899998813 7.637426000008954 Oyster-Closed 0
268.323680088899 96.60197326089403 269.1450601789038 25.600058441662927 375.0031971598037 26.82460406335756 374.1822274898477 97.82609226985151 Oyster-Closed 0
31.5996929547764 109.17732060772255 68.3456511535187 43.54789008218201 148.88328488007028 88.64052342993425 112.13795627411673 154.26941389117061 Oyster-Closed 0
416.2259582597908 120.33879273694018 392.3252989341163 220.3507935386192 282.58200323252095 194.12416269762304 306.48372460674 94.11364387754202 Oyster-SemiOpen 0
337.75486368942074 0 337.75487329818134 24.599829210382772 257.48509305884363 24.599816983839865 257.4851040000103 0 Oyster-Closed 0
306.16398552317696 214.15245755373377 250.52813421104293 238.16764231226452 216.8524664798315 160.15466246825488 272.4869455017906 136.139816801077 Oyster-Closed 0
