356.42534915494616 292.44316272036605 281.86113576056596 431.77898442133466 0 273.6105053678646 60.848104923588835 134.286246539359 Oyster-SemiOpen 0
185.03967959546208 382.28476870823243 196.51159984926198 328.44148098490734 273.5343908296127 344.8482168846513 262.0640300763989 398.6901415761802 Oyster-Closed 0
402.6791639406729 11.71659719093876 400.66539037975963 80.93149550598365 305.2800658912565 78.15601429694604 307.294085939684 8.941368614508722 Oyster-Closed 0
416.0013998373506 416 257.9406128254341 416.0000000000001 257.94590498502293 324.1050860000001 415.99733910149735 324.105086 Oyster-Closed 0
143.39036659672274 24.72813413487054 146.67557650068193 85.14873894966307 59.49265779303096 89.88874202075081 56.207739999990736 29.468444000016582 Oyster-Closed 0
261.72829654223824 117.03929841468641 262.13037797489596 46.285274943080644 368.7683056266469 46.89119553647036 368.36676893530966 117.64465053563558 Oyster-Closed 0
153.21561153926814 114.83349131720888 121.40569453812714 176.15891952917727 25.822872589349572 126.57994219766601 57.63292920109234 65.25514558786881 Oyster-Closed 0
419.086771327984 137.26440966430096 406.6122655866275 232.7755029975833 295.73687961297037 218.29331290761561 308.21278652914407 122.78382437792663 Oyster-SemiOpen 0
324.3941570481984 9.438876619488758 323.33999731987933 45.66969687121624 224.2003199339124 42.78501409778894 225.25455670290467 6.554272403413088 Oyster-Closed 0
326.37296124855493 233.01077896464625 278.5228930812118 262.7185707265428 229.5131635954458 183.7840224051241 277.36198490394236 154.07673756245444 Oyster-Closed 0
