337.9715561988887 306.0519251508847 256.48004810787097 443.2541448851942 0 272.98676737119087 51.284322279174376 135.7961279069766 Oyster-SemiOpen 0
161.42766095940897 389.00211310052475 175.15934317947176 335.4567763560235 251.0606184385615 354.9169395082813 237.33053525224022 408.460896705374 Oyster-Closed 0
402.67918057642964 28.157761427813707 397.84994785075105 97.22308079096958 302.20497042444913 90.53496779469786 307.03451581627087 21.46998387974175 Oyster-Closed 0
232.64116631201614 415.9998050568036 232.64816735098066 337.04451592857254 401.0880999586989 337.05674316919954 401.0854997623537 416.0076600831443 Oyster-Closed 0
142.07061463130958 30.52879889263646 142.8708213747268 90.90704402762657 55.220697686596395 92.06835362996515 54.42079100001138 31.69043300000447 Oyster-Closed 0
255.43385298067005 127.47273290223286 258.71856595395366 56.84335983224969 365.45605663410606 61.80717712320384 362.17199837613225 132.43589998741254 Oyster-Closed 0
19.171164098257577 129.07402224530097 53.406384600242745 67.57266676705976 144.93902200234515 118.52408305306646 110.70463617817586 180.02472232456697 Oyster-Closed 0
414.77208124499157 157.5375581496814 389.2879519811577 253.30507705019932 279.67901059076394 224.13772050567238 305.164292153946 128.3719561000167 Oyster-SemiOpen 0
323.5699631614916 22.626149104178342 321.04201523403026 58.778640722864644 222.70882142381743 51.90253293579286 225.23687421603245 15.750154680113615 Oyster-Closed 0
312.0639176014047 245.8260298827023 262.01242037711927 273.1234130592874 218.02868499210308 192.48193336121537 268.078741881327 165.18503496079492 Oyster-Closed 0
