187.94916503857166 311.6361922719164 130.94971580939455 245.38957873026803 251.95774456136496 141.28343725276318 308.9558315579925 207.52796008689597 Oyster-Closed 0
315.877705895753 0 315.87772044126905 34.499761785132996 250.66403530814932 34.499742313280734 250.66405345517705 0.000001377473561575539 Oyster-Closed 0
181.98765740513772 302.0071739329299 111.32382179855267 334.6808581700478 73.27223260146638 252.39488983525268 143.93340838273798 219.7219224295265 Oyster-Closed 0
16.813797092258028 282.2379900460584 83.5479728484388 274.9177734027784 90.91268725568443 342.04684527413684 24.17853478773759 349.3669257124178 Oyster-Open 0
114.23815346739866 77.10502952511355 156.66131831781968 150.912904696253 46.51766116590079 214.21726647085558 4.095859147240844 140.41056399398124 Oyster-Closed 0
391.0707967527924 63.77815945658764 403.6946937165085 120.86368326666462 307.1680821933551 142.20847349142585 294.5447727139399 85.12345911233166 Oyster-SemiOpen 0
158.42287228171335 192.18439491736413 146.5241307855831 126.28214093762224 245.42405103945202 108.42610353571285 257.32347451870373 174.32747056957234 Oyster-Closed 0
230.19569368671364 0 234.91578675839628 27.563035375012337 130.4427612382715 42.32869343748681 125.72272800000792 8.93239699997854 Oyster-Closed 0
383.53260059165405 173.93416249469294 339.9893299979485 234.9100355570794 239.32758858960733 163.0292559023186 282.87052684123046 102.05447337334645 Oyster-Closed 0
2.324542991555063 235.27609549383578 7.395495830227446 203.64601821903176 78.3152013118015 215.0146383305905 73.24475180387526 246.64427003851182 Oyster-Closed 0
