183.0026591379792 295.8172139574494 128.55013266894457 231.79633924748595 254.25959005558252 124.88445933858885 308.7109051947082 188.90339959713492 Oyster-Closed 0
324.66632377274436 0 324.66632627552826 16.131741532170995 273.22344403672105 16.131738082908804 273.22344700000394 1.0084843148584241e-11 Oyster-Closed 0
72.20926275955208 237.0106742426072 147.46091464293568 208.6831869720865 177.79542457123898 289.25802344865536 102.54407700367665 317.5849447292238 Oyster-Closed 0
13.566494910039182 269.34058981387653 80.67853721308347 265.5304916158078 84.51561534774373 333.10765024465593 17.40357945030337 336.91767997716386 Oyster-Open 0
120.62093332355289 63.51597128439664 162.14372494123018 134.61034099986435 48.44526713042069 201.01274351877376 6.9237062475513085 129.91943493003467 Oyster-Closed 0
396.9192838329873 43.43448354806706 410.5115536730009 99.3433730716431 311.7666019798744 123.34883121353266 298.174813537149 67.44035561962956 Oyster-SemiOpen 0
161.64265578326376 176.83065591641764 148.48361804251545 112.06544649594187 246.16052314811532 92.21980524413469 259.3201304939139 156.9842440715106 Oyster-Closed 0
229.16078500000003 0 229.1607923970223 18.47799521644036 140.06175521157638 18.47799128022392 140.0617609999972 0 Oyster-Closed 0
384.15023787517566 153.55199375392155 338.7197578286141 216.45677137894836 241.72211684984723 146.40584392532728 287.1522844294195 83.5020326436498 Oyster-Closed 0
2.350268919934024 224.19566048287317 6.814537704420218 192.082117492343 77.86239796451264 201.95780727615895 73.3986069816201 234.07092308817403 Oyster-Closed 0
