178.28561746837295 328.414937508521 128.90800439705345 251.5026927488775 258.19850140500785 168.50766554008743 307.5757589464156 245.41733212719976 Oyster-Closed 0
333.7073014222806 27.24016800477611 330.0652846237426 71.85785202215165 265.0725592882591 66.55255974164547 268.71468408007786 21.935001177370655 Oyster-Closed 0
72.10730707286348 249.19035684455454 145.03747328808458 226.31573005988906 173.4563134835371 316.91110591351116 100.5263961087876 339.78519120369145 Oyster-Closed 0
11.853753718914959 270.5216557359735 78.51528248584873 269.1251612453883 79.93419577301029 336.84644276492304 13.27266801560836 338.24291187305846 Oyster-Open 0
127.29220336726576 80.70825217653442 158.9670333595568 163.28119307110077 45.15771556561231 206.93507634812744 13.484365274685842 124.36337722313098 Oyster-Closed 0
402.8055897677441 115.98418583135434 405.537263675953 175.38819288743989 309.81764663925424 179.78867299644673 307.08674543658344 120.38540537474144 Oyster-SemiOpen 0
157.35026128797108 203.67478446775016 156.94995926462434 135.783050179029 258.68648976580516 135.1830060060403 259.0878232381838 203.0736924200437 Oyster-Closed 0
252.26586663052876 18.62838277684028 251.13896331765864 52.69232532816811 142.52670789503463 49.09899426526239 143.65371400001095 15.035157999990213 Oyster-Closed 0
385.06736519008336 224.97710498742276 335.32118282239753 277.0531992414744 242.45963267023762 188.35167809250152 292.20475702859403 136.2767739326034 Oyster-Closed 0
0.8503523184663209 219.22430994605656 11.067286392451933 189.36442338143138 79.24114913276935 212.68892125076766 69.0246940586112 242.548402581528 Oyster-Closed 0
