402.8785916814959 343.8737683649272 281.4449843689181 338.9264588076848 285.62001171207885 236.54754097467378 407.0474397066828 241.49472674660527 Oyster-SemiOpen 0
0 232.27772099999999 68.108799 232.27772099999999 68.108799 363.966285 0 363.966285 Oyster-Closed 0
219.001897660346 298.85272026611995 314.6570875538564 250.77661344088125 395.19612287869313 410.99331442098924 299.5428437692717 459.06671119105255 Oyster-Closed 0
85.7170742389062 430.4889405036553 11.71511193221886 405.3229827487177 50.28934290091274 291.93157034128376 124.2861697273438 317.0965771390836 Oyster-Closed 0
275.39790914166224 415.99828480204025 221.11635025050782 445.0099907054392 164.58492779544395 339.261915577708 218.863121311133 310.2512944430687 Oyster-Closed 0
125.42598723336778 343.6564229097391 180.57747955392915 360.50492064429363 158.47127955917676 432.8480644837406 103.31997599997703 415.99999999999375 Oyster-Closed 0
0 143.4538359999893 0 34.65562192162344 141.73146380996332 4.655662352719614 161.89324511622544 113.45307904894113 Oyster-Closed 0
256.778914022987 197.78225843816182 229.69663806516837 126.30303121933618 391.8550928059194 64.86543662168958 418.9379529890284 136.34306515507683 Oyster-Closed 0
243.14443095968818 283.8302329214212 80.7056512151612 236.35720650150884 129.4287664313415 69.6659105542204 291.8597369449453 117.13775872169873 Oyster-SemiOpen 0
261.933741000008 227.15006499998918 266.0577545519118 156.12773702231948 390.2392372661416 163.33723348025413 386.1168011470436 234.35812361198396 Oyster-Closed 0
