427.3624138222149 261.72021990216814 416 363.0517749999877 291.8972863310264 349.13432619757197 303.2626404022958 247.80603714847499 Oyster-SemiOpen 0
10.85392328693706 207.10398702679015 79.4223661600372 203.51097008193813 85.79366960338666 325.0864057629722 17.22523461320452 328.6793212033391 Oyster-Closed 0
233.5575884296304 295.15794729268316 330.19489809144943 254.9504843699719 395.50165547262077 411.88464198641793 298.86565095088736 452.08996520415025 Oyster-Closed 0
90.33796089966563 410.70085032100707 16.753371589475137 379.28897377488244 64.00322241359754 268.634720201709 137.58322044683882 300.04547564034795 Oyster-Closed 0
281.44338571456683 415.9986317035612 226.52246751780694 440.41527399287446 176.8906473998395 328.80090740211347 231.8079151458187 304.3851831539481 Oyster-Closed 0
136.8794905536779 326.8017167058105 191.82672262054257 348.1504841020199 162.26002402924496 424.2302781938577 107.3130999999812 402.8820840000004 Oyster-Closed 0
16.0263670000204 113.2096480000151 10.087759460260713 5.4744581522172355 177.7900469244596 0 183.72948265021478 103.96437430970799 Oyster-Closed 0
276.68121012838674 199.44289933565756 258.51398429645633 124.23294796145376 409.60244807693016 87.7376133526181 427.7707109206749 162.94604320564108 Oyster-Closed 0
259.3115173796323 280.0244403987701 97.36769283176181 219.4659160622104 156.7377419837103 60.7198037060493 318.67458433987485 121.27692745769743 Oyster-SemiOpen 0
280.73479699997915 228.9638750000122 293.5521413039023 160.00316804927652 413.81557127130145 182.35362626354615 400.9999302349279 251.31287261638613 Oyster-Closed 0
