416.0023107644265 290.583861 305.76583835070414 290.583861 305.76820642680104 190.50757800000002 416 190.50757800000002 Oyster-SemiOpen 0
11.691151359442301 233.72074959326162 88.01454910731627 227.0375774645914 100.02485669181988 364.17945385107777 23.701489833274536 370.86238741621906 Oyster-Closed 0
243.57446419963162 271.2496375386466 334.9014552984627 212.25553457766398 435.0144648156747 367.21512955995195 343.6899703338786 426.20614623383034 Oyster-Closed 0
123.82963019383897 421.81052989227743 48.31774283589402 404.4105919773063 75.81521769972824 285.1218590994818 151.3216187955113 302.5211404815722 Oyster-Closed 0
318.05182338831946 390.12499217505194 266.42248598168953 425.404530472687 193.34968320797634 318.4882272265455 244.97620057787572 283.2100100877711 Oyster-Closed 0
155.13671828552833 328.48700599039574 211.2693193399391 339.6139962570626 195.47292640628802 419.28360565879916 139.34041100000832 408.1569110000042 Oyster-Closed 0
6.026768000014272 147.9074909999834 0 43.57177676486963 136.6359168402414 0 170.60454871654656 94.32610338204172 Oyster-Closed 0
271.57350751755075 165.89994727870896 236.08487549293568 99.32624499256261 391.822149757616 16.308155883176497 427.3108303687295 82.8807619055259 Oyster-Closed 0
102.35021520841474 227.28211542814174 130.42690650894292 54.419700706716995 296.97510075015816 81.46994180039533 268.9027508807376 254.32861580007136 Oyster-SemiOpen 0
279.32190699999774 194.52791900000844 273.9370539813717 123.62003677965852 400.08344338147435 114.03990096488334 405.4694043166528 184.94665672739546 Oyster-Closed 0
