0 273.30675369675873 12.49658977670697 197.70032932788382 117.56256135363219 217.82578904167113 103.08041827959823 293.4304905732688 Oyster-Closed 0
346.84353574193665 219.9918335595897 366.03019699425204 281.4203141843941 233.5964264937502 322.7760584991779 214.41212741626805 261.34957065461293 Oyster-Closed 0
157.297126313817 7.939161768675147 158.3220115965123 71.78103832572445 22.548283761771017 73.96018399975746 21.52373334758886 10.118672489016088 Oyster-Closed 0
412.1374587164064 295.5660580875303 424.8311191125322 317.2512115572276 356.14834832467386 357.44701912758495 343.4552557788593 335.7623580939182 Oyster-Closed 0
245.06513412187633 388.33817611157906 245.73866868880577 324.4980892474903 405.1411033597615 326.1780450945927 404.4708147295096 390.0148148742743 Oyster-Closed 0
184.78079500002423 416.0000000000062 184.78252039361178 388.6104179208142 298.86523887030853 388.61582028055875 298.8646219050861 416.00429539972345 Oyster-Closed 0
5.008771000004344 95.57304299999986 53.57794704374464 93.02772731309301 57.31014453338503 164.2428801785641 8.74097098367929 166.78817485133922 Oyster-Closed 0
285.36293853940515 166.3114820020107 204.84296528303094 207.10863874303004 150.63289175323007 100.11839112248988 231.15107816619275 59.3217780744257 Oyster-Closed 0
193.44852140570947 172.1062937781661 146.0526548111411 217.22827285463725 50.52992722333147 116.89456086474257 97.92499340088762 71.7733074477147 Oyster-Closed 0
363.37295207454736 129.9817792114362 383.5801487976714 177.3137769257124 305.67694764091357 210.57009312305763 285.4704590770889 163.23869544992488 Oyster-Closed 0
412.0385687461858 147.16112408580216 455.9714291766322 174.91213149223503 400.37686187307554 262.91733636674513 356.4443669999928 235.16684500000474 Oyster-Closed 0
191.97705562246483 259.6670934464641 177.98036783946736 184.97570104462105 329.3437906571635 156.61214144737343 343.3420879069454 231.30142476947702 Oyster-Closed 0
