0 236.92780511740384 17.796853287709382 161.3896979755599 116.12949241347451 188.32561350560192 95.43773338386018 263.8622894902936 Oyster-Closed 0
347.71878560826735 209.5153664360264 361.43606110292967 271.04039157513074 222.61015022774518 301.98520054727567 208.8951174466165 240.46209690370208 Oyster-Closed 0
190.01603499997873 0 190.016098969234 45.0725637582663 52.80146572998274 45.07250624294756 52.801525832030165 0.000001223522858083637 Oyster-Closed 0
410.1918625536928 285.85690394815873 420.3951462891164 307.9370273333568 338.06287595404865 345.97519672238656 327.8602457577872 323.8956282058647 Oyster-Closed 0
227.1595432903341 374.6164347094274 224.64894684271712 310.83501736265436 384.2246877426296 304.55369758711635 386.7382121321971 368.3319252823839 Oyster-Closed 0
269.1242830334595 368.3577199109772 270.5671452010174 400.2567029777952 155.01829214891768 405.4792280514799 153.57674143615077 373.58151763535454 Oyster-Closed 0
20.829047399169212 58.39228302518956 73.87788882066525 61.1724037199974 70.10399571627204 133.18289995961513 17.055154762179882 130.40279634129 Oyster-Closed 0
296.6164759745261 151.0939595795205 208.08325812004114 181.15193425865866 171.72396673373805 74.0595923279559 260.25544831414663 44.001934976997006 Oyster-Closed 0
203.67181028335108 149.9016798582373 148.90432002521993 190.83813060353214 69.1409832515019 84.12736729789212 123.90755813245414 43.191416852546624 Oyster-Closed 0
379.84444197250195 121.13994424519112 395.3612735192437 168.78624747509818 311.62974827166545 196.0528333606938 296.11360474021785 148.4071152058213 Oyster-Closed 0
412.8960534036705 157.96324057642735 451.35055319820094 190.10489660392187 395.4316209631761 257.0010104945971 356.97755800001687 224.8598540000086 Oyster-Closed 0
189.40261357922645 236.59979727817642 181.4284272311961 161.98046875356846 337.788490892337 145.270905651222 345.7644124256949 219.88827196871813 Oyster-Closed 0
