12.258386122197408 286.4654126034907 15.878688972778036 208.27941153699518 118.0439391724176 213.00920415581575 114.42546141712228 291.19347387782 Oyster-Closed 0
348.23398061685293 182.8444443322883 375.21298077721076 239.94904128898673 246.88939007628505 300.5663177938301 219.91238406759658 243.4634112205204 Oyster-Closed 0
146.50954001840364 0 156.79117582332037 60.089018480100776 20.345511628744134 82.32195948673322 10.06423271357562 19.224365171577514 Oyster-Closed 0
413.02991566448327 253.76762254042163 427.90247604981414 273.09292754800674 369.38727889304573 318.1186166692281 354.5151079494499 298.7936685764458 Oyster-Closed 0
267.6288473444001 370.3864899800333 251.15487680314982 308.6468189060046 404.31514938564214 267.78514422899576 420.7908391850651 329.5219613270008 Oyster-Closed 0
203.55014543975994 409.5456418788304 197.99784071520116 376.9693597867704 313.42068265577836 357.3001527438373 318.9740020528661 389.8751445727597 Oyster-Closed 0
7.4682969999958 106.80161700000012 52.44807530251637 103.65644797192125 57.37971337098861 174.1828260237707 12.399938235445006 177.327967850399 Oyster-Closed 0
285.1888198576089 137.12055830900545 205.83202656112553 186.07714120244955 146.20450947167046 89.42467555411302 225.55999562153738 40.46862840490455 Oyster-Closed 0
194.36129513393462 156.33296688813954 150.17786759304363 208.23800433646585 48.47126692209713 121.66370964974163 92.654225730912 69.75945074562489 Oyster-Closed 0
359.57576432915084 89.64608260720458 385.27908970694625 132.79307704294246 309.8508711627801 177.72485104959875 284.1480577003931 134.5783006338519 Oyster-Closed 0
411.108777033598 96.56785451948066 453.3946599246083 118.08485598264953 402.8822507873592 217.34905664848114 360.5965590000269 195.83238000000418 Oyster-Closed 0
199.8976427292182 244.0338054363549 175.68475121697338 172.8905024235715 324.26030569686554 122.32634725281892 348.47410526952444 193.46786584706973 Oyster-Closed 0
