352.8943667947424 292.3014589720977 282.5708612657072 324.2327693635532 238.63118027690507 227.47188870750628 308.9518462879314 195.54131729938132 Oyster-Closed 0
102.9483583169349 252.2175665745666 208.01838825594677 182.5522571915717 279.50150013930033 290.35284771002364 174.4332037677923 360.01598099677 Oyster-Closed 0
18.93350891782029 277.6233083022537 76.27910600148243 241.5001103213872 131.20857827931468 328.68823666321396 73.86376619982912 364.81043320411493 Oyster-Closed 0
123.70812981895142 395.2947097226605 115.29789376132976 318.53127239285425 258.41245167682064 302.8538958367615 266.82564232839286 379.6138483290165 Oyster-Closed 0
70.40658599176095 400.1177662309192 71.55744932255766 349.2577147894464 130.0046956260594 350.5797683175512 128.8548346195421 401.4388475726126 Oyster-SemiOpen 0
254.69846513238008 402.29389190511205 252.57034661748912 365.73994399527714 344.87825400429574 360.3667228805337 347.0074346622714 396.9195133081171 Oyster-Closed 0
416.00020396402397 70.79784800000002 311.9304555565941 70.79784800000002 311.9306216174882 0 416 2.5842006786891074e-14 Oyster-Closed 0
66.08165162972 118.87295327439438 79.1887121632426 37.85989998371293 161.31156340329107 51.14643628047575 148.20508056928156 132.15896045843385 Oyster-Closed 0
14.456812481275847 71.36698525707764 69.95848548575668 73.62615880038338 67.32791905421982 138.25085075805347 11.826246550201176 135.99169069182992 Oyster-Closed 0
416.00023763469653 180.192659 385.2918019417557 180.192659 385.29209425547015 111.06756700000004 415.9999993163219 111.06756700000004 Oyster-Closed 0
144.5185961622119 113.08131796722505 210.42274563730098 96.81851902632607 229.36568662092031 173.58160083212942 163.46159741397423 189.8442385857219 Oyster-Closed 0
143.63845872091042 105.27363110010786 171.08226536225993 184.20387899626786 58.85502578988235 223.2213168166338 31.412818608107045 144.29242782193987 Oyster-Closed 0
428.6157203210423 193.21247360317957 399.49573367728954 242.6413661788713 322.6729458171394 197.38508744171156 351.7929324493052 147.95692670473244 Oyster-Closed 0
