345.40173476955533 287.034962445693 274.796224374717 320.65859276388505 230.33416775118167 227.30235071259003 300.9369693090375 193.67947167005153 Oyster-Closed 0
95.20130426300966 258.6069587356103 200.2198610568921 185.42479863129026 272.7585028181784 289.5090201353612 167.74180880355198 362.68891684439495 Oyster-Closed 0
11.4402137732759 287.68125288467024 68.81444229069893 249.7232103234187 124.77719717341824 334.2991419447685 67.40382806412526 372.25612221657826 Oyster-Closed 0
119.84577616739261 400.1500098738867 107.99790156556264 324.32646890657355 249.21410914951775 302.26438619333067 261.0646746890743 378.08448362895115 Oyster-Closed 0
64.81526215078702 407.78016043868803 63.59737607475836 357.00814076697424 122.48911059937745 355.5956402498828 123.70797569291244 406.3666663752117 Oyster-SemiOpen 0
248.58697020762338 403.0988100072504 246.50572421879406 363.3678331700805 338.7411202151234 358.5369226930229 340.8235254425199 398.2666472079125 Oyster-Closed 0
416.00018152196935 67.12998400000002 301.3537186003887 67.12998399999998 301.3538557900247 1.033680271475643e-14 416 0 Oyster-Closed 0
57.522222278799745 127.36857503572706 66.91344883624333 45.58598373967181 149.45615853966592 55.06443241158308 140.06553939765945 136.84645397688996 Oyster-Closed 0
4.755780452233012 81.58679303872758 60.171982817391836 83.19657934278946 58.29066844996851 147.9587093138549 2.8744663148463587 146.34893353758795 Oyster-Closed 0
416.0003495776182 175.160962 375.93416709087614 175.160962 375.9345029384167 103.24560699999999 416 103.245607 Oyster-Closed 0
134.97009387860453 117.16603929214048 201.13905448356672 99.85307705435017 220.95239680353552 175.5760503954519 154.7835045750835 192.88883917858033 Oyster-Closed 0
132.6064734456486 110.7332962171814 162.94786354264215 187.43848958985842 52.487855523224425 231.12783047932487 22.148084805023245 154.42401161329028 Oyster-Closed 0
425.0640178499234 185.9505370250895 398.1215537369899 237.99674362020104 315.4333776582862 195.19383856605273 342.37597470792025 143.14840632005087 Oyster-Closed 0
