365.5446393183556 289.2358591935037 300.7725369061736 328.39521959728603 243.97514030286038 234.45829856969507 308.7448162237706 195.29988210478257 Oyster-Closed 0
112.13051889445342 269.75609335678485 206.61966816773565 190.7360343132311 291.547695745332 292.2783833694208 197.0609248221408 371.29583033918357 Oyster-Closed 0
32.05082136742931 302.04016022946564 83.80179178679828 260.69128870935396 149.41243035428124 342.7941205128081 97.66258066276714 384.14174863984056 Oyster-Closed 0
148.08823724892136 410.8221355865096 133.27438265437013 334.539032989059 275.5275043575384 306.9192803371733 290.343960055292 383.1987970857564 Oyster-Closed 0
97.62175933758772 414.67653785677845 96.79819435762693 367.42477810515385 153.8574601022956 366.4303663434667 154.6819351326958 413.6812054148502 Oyster-SemiOpen 0
281.7361301936471 409.64488177639413 278.49966210966886 368.2429349646105 368.9343103759238 361.1748479567255 372.17193853821664 402.5754975880494 Oyster-Closed 0
406.33677312641885 0 406.33690487330387 71.0555428179222 290.5142683570921 71.05544764516797 290.5143697917738 0.0000090643193993835 Oyster-Closed 0
57.55392548848977 140.05762789886717 63.93320596860576 58.73833015055203 146.76029266454134 65.2358466918506 140.3816741604096 146.55450631417045 Oyster-Closed 0
5.089436331316392 97.11220992949448 58.16620208608583 94.33066550776024 61.54834168003072 158.86623507925364 8.471578095664881 161.64775921703372 Oyster-Closed 0
416.00031304307413 173.236893 377.60244818125284 173.236893 377.6027748283668 103.55006599999997 416 103.55006599999999 Oyster-Closed 0
135.95427796147123 128.8297920519823 198.44674172358282 104.91526351197564 227.06801861094573 179.70473604226885 164.57569619554124 203.61900549255105 Oyster-Closed 0
162.49885936039936 142.27214136380195 163.65377039384475 219.82232139083953 34.7698704346185 221.7394726368874 33.61659563961075 144.19091356893932 Oyster-Closed 0
427.2229586694375 183.92714312284113 403.3121189021622 234.91965004715408 322.2049414993162 196.88936303168373 346.11597583751427 145.8976023380608 Oyster-Closed 0
