135.86787038361945 218.90757208765345 158.0603525948427 248.1505161404326 104.86047047815737 288.51885014975915 82.66846599999917 259.2763410000121 Oyster-Closed 0
328.6632829378723 195.2325082333389 337.41365823941305 271.1572867930614 205.2871400877375 286.38057228999554 196.53911629468712 210.4579703163613 Oyster-Closed 0
409.17606590698415 0 409.1760843170123 29.676415557062334 320.32812829150134 29.676400300370513 320.3281446709734 0.000003507101810179804 Oyster-Closed 0
416.00181073757267 323.9882210000001 321.2194968914664 323.98822100000007 321.2219220019979 228.98154299999993 415.9999151088996 228.98154299999993 Oyster-Closed 0
155.01063139158214 278.78744855830263 152.30902058841093 338.91528544030325 23.56723212054567 333.128590095111 26.270825063442317 273.0028514070234 Oyster-Closed 0
170.853011909614 315.65178790418196 244.72504920421125 251.68146782292038 303.29018205243847 319.3013791728765 229.41962036546101 383.27010942640925 Oyster-Closed 0
409.8561145444364 313.3307657423056 426.09229882591535 372.89185032614154 211.56045538716353 431.34897958684326 195.32932601777065 371.7922301692122 Oyster-Closed 0
114.6275436276701 91.91629025388599 75.52976651629069 28.22381644969791 213.7445990928063 0 252.84214149441686 7.072657685734471 Oyster-Closed 0
382.09007550562455 108.52067410631116 219.51955514566725 116.72814814737406 215.17992456009597 30.748681349312562 377.74853502177575 22.54125871525224 Oyster-Closed 0
2.9454046284117794 72.28538221623842 73.6621185567019 69.40396207538866 76.41573855751994 136.98313028261057 5.699026478319865 139.86453267318737 Oyster-Closed 0
207.02280275762314 141.71577982220015 143.07203773512447 213.5387484096142 49.926733859974775 130.6042363127719 113.87683138314969 58.78221601283314 Oyster-Closed 0
416.0019462473356 231.151759 312.429323007098 231.151759 312.4308769824056 106.99083799999997 415.9998559982705 106.99083799999997 Oyster-Closed 0
5.801380163644353 142.37529844293456 110.29435460893 138.11781263089446 115.2734994448947 260.3154344185769 10.78053711224129 264.57282760685024 Oyster-Closed 0
247.1827560677848 146.16842205368124 266.02078674896256 213.51622397522584 128.17774551601178 252.06740338287528 109.3416919400479 184.72129867793575 Oyster-SemiOpen 0
263.2035483823165 194.5332282584078 282.11029550066814 152.88053893521135 361.0061660740248 188.69032393766406 342.1001427495685 230.34239633473464 Oyster-Closed 0
