141.78976636740117 205.27244106511034 162.0122710040414 235.8962585326911 106.05414448085503 272.84407851500197 85.83212800001274 242.2206920000085 Oyster-Closed 0
336.02619191664417 193.92858595469534 339.91192048018274 270.4252278879379 206.78325145930648 277.1842267912327 202.89973962281874 200.68973962437374 Oyster-Closed 0
416 0 416.0000170852363 31.932132127383422 340.58833560718267 31.93211541665025 340.58835242662826 0.00000352089224980219 Oyster-Closed 0
416.00176732732507 328.3298240000001 323.7421079521082 328.3298239999999 323.7445533121572 231.521034 415.9999048793143 231.521034 Oyster-Closed 0
156.6313019478257 266.362013196237 150.06177093276347 326.37965122980546 21.677438981158048 312.32587224711443 28.248686560495116 252.31022201936042 Oyster-Closed 0
169.95656006989884 304.16351794623813 248.38951090231785 245.05970505322952 302.2002777982307 316.458229545407 223.76856049496928 375.5606063213368 Oyster-Closed 0
410.4762117483733 316.99553537245595 422.1988677371628 374.2403259181475 202.11867087396604 419.28712901051125 190.40073951836894 362.0464105366457 Oyster-Closed 0
125.9239460416029 75.3421420946098 96.8117030286412 13.5306115368046 238.2641941041038 0 267.3763153366708 8.720082718949907 Oyster-Closed 0
395.66294372365155 110.95328093607864 232.60298962391244 107.79624167413766 234.27526042390673 21.48149726383233 397.3333650225286 24.638517235482922 Oyster-Closed 0
87.167737999971 47.92968877752747 90.58757957598937 115.03662671386697 13.40373299998464 118.96952299997668 9.984285667385848 51.86295175889307 Oyster-Closed 0
218.36514984378664 132.59284254927402 149.38200241211598 200.30886343942885 62.07474167166947 111.36915526805127 131.0570772478677 43.65392058904301 Oyster-Closed 0
416.0017085105319 233.77276699999996 323.82671291309816 233.77276699999996 323.8281889582322 107.710315 415.99988730889163 107.71031500000002 Oyster-Closed 0
14.215979320466431 121.79132467989443 118.90829479636886 120.27387285379633 120.69166182938716 243.3062708488487 15.999348620462115 244.82369262868622 Oyster-Closed 0
257.96470507864797 139.6568692740154 272.46503046909856 208.16218508976192 132.16334391615237 237.8550777680036 117.66489362246648 169.35140195068826 Oyster-SemiOpen 0
270.850804056201 189.04007680483969 292.54668664313795 148.51974349059282 368.9014820313605 189.4001845723332 347.2062877543576 229.91992617786676 Oyster-Closed 0
