111.70405624671548 203.06366931628642 128.2013317558849 233.64622024761434 67.68155474750893 266.28889959164246 51.18478400000458 235.7067820000115 Oyster-Closed 0
301.7212412826593 203.48221654412032 300.6938146753673 280.15652357498976 169.08666703751442 278.3904427908918 170.11620396012586 201.71831335240066 Oyster-Closed 0
411.5767553976657 46.85569449009952 342.40312025987805 42.82679164565683 345.13221172689373 0 414.30572599998777 0 Oyster-Closed 0
272.2324529371581 330.64130602776413 285.65801096538416 234.98269996650376 393.34449989160566 250.0940301316641 379.9218721749821 345.75003012994034 Oyster-Closed 0
0 310.5249798413448 1.082286351465882 249.78805801983077 110.08201844218638 255.31947539645984 107.00085946829131 316.05472422466505 Oyster-Closed 0
163.2517652719289 376.5085010492681 119.2130631584223 304.59511622856996 208.01056811355738 250.22664938030297 252.04912426368537 322.1379798092555 Oyster-Closed 0
352.7136834691628 331.45132478582406 359.94719174660713 383.9456366509952 134.82132081194504 414.9494170656225 127.59216067507441 362.45903073832494 Oyster-Closed 0
126.34569377784646 69.91186729643387 103.60952174421254 10.108140409286005 258.14676291479554 0 280.88284132232 11.159661063981309 Oyster-Closed 0
222.30640058703648 117.10039821904434 224.3899703410534 30.933124966046794 388.3878744377653 34.898085894956466 386.3053028974464 121.06444599118628 Oyster-Closed 0
3.378091591548582 109.51661994400341 0 50.163229829250845 65.94613085138917 24.627259727903507 84.60570479128 83.98035144467711 Oyster-Closed 0
202.03851647633928 135.7129791567472 119.81731502050388 196.02484289585783 50.81826469751468 101.96181939947166 133.03823286690385 41.65059684074698 Oyster-Closed 0
399.7701990263886 249.59867224638484 296.6869610008216 243.5950817996654 304.0743379407286 116.79090624030336 407.1535697039217 122.79438379956574 Oyster-Closed 0
0 112.75694000000001 94.093116 112.75694000000001 94.093116 236.270331 0 236.270331 Oyster-Closed 0
234.0710959566968 145.1076531967198 243.8973026559579 213.17140396068302 104.790700024947 233.25016046428777 94.96626916905007 165.18800391188833 Oyster-SemiOpen 0
242.85080764941813 194.7799686344113 270.0463291106644 154.6885044412948 337.27414418972694 200.2888412610639 310.07926741255505 240.37973370031676 Oyster-Closed 0
