270.59407499635563 195.43760730353176 330.8085993448658 112.08365102889711 417.013373247406 174.35484216278 356.80047212385034 257.70733031397845 Oyster-Closed 0
59.58912484889879 267.23201315962115 111.81568662598875 129.1678598057278 270.7324739854412 189.27850695806325 218.5115732885024 327.33780994930856 Oyster-Closed 0
0 186.625883 114.537575 186.625883 114.537575 378.426484 0 378.426484 Oyster-Closed 0
84.20701099992584 334.5803120000072 113.02275288619785 263.9813580005085 254.12272306658633 321.56168643468015 225.31063220490978 392.15754995325136 Oyster-Closed 0
230.91486768181858 397.1498697985496 222.29601938220367 291.4890238247543 402.8425771476468 276.7626349811252 411.4665379056423 382.41778276218974 Oyster-Closed 0
79.19261700001516 403.0705020000225 78.29410456345431 373.71042900978057 226.199808774938 369.18167989194666 227.0997588306236 398.5402970424127 Oyster-Closed 0
338.18014899989794 0 338.1803437397539 80.83169573886367 238.58478686081799 80.83158698644306 238.58488891027082 0.00004429182941200544 Oyster-Closed 0
363.365954950179 0 459.3757878382603 26.030279810753026 368.9171998239799 176.7645304856274 272.90788720815544 119.14863650418354 Oyster-Closed 0
133.16215269145323 3.3743908275347207 201.91332220745971 40.41663086393709 103.27364427032444 223.48917380466875 34.52291365786368 186.44771973025615 Oyster-Closed 0
8.513469740730216 72.53002319069974 48.370423560398194 75.38073845197309 41.97900027198921 164.73969075494915 2.1220489999868732 161.88900299999972 Oyster-Closed 0
