260.1409502593633 233.66925664418454 323.44427576487215 158.98423445460156 408.5207018330875 231.08987863403385 345.21920697590394 305.77317411251727 Oyster-Closed 0
44.1598820658437 279.15424534192897 107.61211233046197 151.72108174316566 265.885452827617 230.52259269283508 202.43924463690564 357.95058304695465 Oyster-Closed 0
0 196.831454 103.369262 196.831454 103.369262 378.330898 0 378.330898 Oyster-Closed 0
72.83898800001043 351.91236999999626 107.12492600322366 287.0009693076834 246.7570152678527 360.73770445882303 212.47482161938024 425.64588430555847 Oyster-Closed 0
214.9622746868372 415.9993499324126 214.9699890383672 326.8938601555535 396.28406035077205 326.907551854982 396.2816255326834 416.0076549597734 Oyster-Closed 0
78.718406 397.861051 187.963918 397.861051 187.963918 416 78.718406 416 Oyster-Closed 0
284.63549503396644 133.28106777777967 212.57630212653385 92.17307716434561 273.1844754170452 0 345.24262400001317 27.041381999994776 Oyster-Closed 0
367.01330223826153 1.3252060205748593 465.2627300329441 65.83534058631419 361.50161930069953 223.85957723960055 263.25317001516305 159.35072363700976 Oyster-Closed 0
125.65502780073803 25.81605049360246 196.19625113999427 67.17258501395422 93.99735983568462 241.4854081654659 23.456722741964768 200.1298581103556 Oyster-Closed 0
0 80.543974 36.447656 80.543974 36.447656 167.604782 0 167.604782 Oyster-Closed 0
