273.30105367532815 228.47072367647982 336.4275192415953 157.12687118752072 420.9915618726627 231.945000678059 357.86676906741195 303.2872326845019 Oyster-Closed 0
56.332266810502915 265.80788635139896 122.34353385615032 141.99987243993678 280.04009112028143 226.07292845118118 214.0345052072298 349.8760390496701 Oyster-Closed 0
3.174823938305053 181.88415792634777 113.51705314568972 179.95842242843688 116.75449992141512 365.4398868523962 6.412272852463502 367.365538026962 Oyster-Closed 0
85.50821499999802 339.8330240000065 121.01850805060894 276.82199808225096 260.61463335133885 355.47607021812803 225.10790967218782 418.48401161843185 Oyster-Closed 0
227.37637082825677 415.9992202658028 227.38438176090858 321.75691502650756 408.46572175443 321.77038050143227 408.4632431967402 416.0070558954326 Oyster-Closed 0
79.30505658423135 415.99858593412574 79.30636215530467 388.42346874652145 215.13362986369975 388.4274863685725 215.1336530017761 416.0012663668302 Oyster-Closed 0
298.71613595361487 128.76878485093388 226.43465283923433 86.16133176019703 287.2962492409606 0 359.5767700000288 25.521632000004182 Oyster-Closed 0
377.5080630800767 6.4913934565075655 475.89017938029065 73.35647801418513 375.1034435993606 221.64485294242382 276.72232527344386 154.78101192061533 Oyster-Closed 0
140.17474977114398 16.638399122365456 210.91400544742282 59.50435605788068 107.46856934498646 230.2091010662637 36.729906170068716 187.34408199244893 Oyster-Closed 0
14.496621248097654 66.81089344139708 54.720006833355 70.43160364013747 46.77793075361478 158.6603171028747 6.5545490000004065 155.03964000000147 Oyster-Closed 0
