404.3267425243721 271.4446337926872 340.7290011668847 302.2251037071902 294.82121688553525 207.37924510147178 358.4166831269031 176.59941507881177 Oyster-Closed 0
228.303133616766 323.78695249680493 187.24822589673204 232.54802116101905 287.91529500050456 187.25608438638434 328.9708316708893 278.49273557134313 Oyster-Closed 0
188.64556970577905 0 188.64560778961823 48.0756662742474 117.23325506945184 48.07563139706367 117.23329019511584 0.000003159434084854764 Oyster-Closed 0
6.843993000000001 0 95.097636 0 95.097636 50.110367 6.843993000000001 50.110367 Oyster-Closed 0
231.53879062259148 284.5532879151471 220.481491008195 348.7423472281419 11.084764530471148 312.66905109419247 22.14487733810165 248.48344209153112 Oyster-Closed 0
322.93789317114715 383.0950391347617 252.28201869772602 370.3258647672701 266.4801755201406 291.7882621655417 337.1327528339971 304.5571298193644 Oyster-Closed 0
399.65709238755153 311.16730587676216 403.76940278133407 368.44293238862514 300.832171716007 375.8296094032088 296.721762860343 318.5557705040038 Oyster-Closed 0
5.045895445680799 362.31478475773565 12.014660654502222 307.7679592546638 108.75091329514544 320.1237155311142 101.78391378830565 374.66894152856713 Oyster-Closed 0
228.89115274752112 305.6013020447501 285.21192216052077 372.54672658767436 212.29157696651237 433.87729625481455 155.9730425993148 366.9339630424583 Oyster-SemiOpen 0
257.1822942739309 82.85598548849863 253.4836657016167 9.07525147753246 415.3420871321723 0.9610658455147125 419.04112557990084 74.7413272044109 Oyster-Closed 0
193.17021651246614 38.90442814043306 225.00942475077318 124.11628717797397 141.3244148775011 155.38373023329257 109.48594867309657 70.17248708445771 Oyster-Closed 0
300.22258722339393 96.07008528151877 267.16180226665165 142.79499963879226 187.48555602986016 86.4196028995975 220.54618934835526 39.69510182255683 Oyster-Closed 0
118.61668339031894 56.008079123772625 161.3220661947089 85.10619298913464 103.63182636359488 169.77231669153426 60.92669739512348 140.67450165618544 Oyster-Closed 0
416.0001533061077 151.008244 392.8006712794231 151.008244 392.80080153996096 97.20437999999999 416 97.20437999999999 Oyster-Closed 0
280.68265419221643 169.10199048622053 227.35027937845734 205.50405727024372 174.12318358703487 127.52388083703327 227.45458543475615 91.12227852267893 Oyster-Closed 0
334.4083097436778 92.06090284398022 379.71803243428803 125.21664966294979 307.0996024257547 224.4502597154649 261.7903815007521 191.29508924883143 Oyster-Closed 0
416.00049000441504 249.94559599999997 386.5311290715399 249.94559599999997 386.53168843031017 149.34510899999998 415.99998549080556 149.34510899999998 Oyster-Closed 0
