370.049670938879 297.03023706209933 300.490588179724 315.9032073818743 273.3742570534414 215.9689338513035 342.9303694953269 197.0963802112687 Oyster-Closed 0
295.4898583429458 297.928295458802 186.4501591874432 324.9867386078899 162.57846518827864 228.79159717591523 271.6133480771532 201.733781658385 Oyster-Closed 0
207.38528838473576 0 207.3853212287613 43.50664488816234 136.0436298748391 43.506618585281906 136.04365647382292 0.000002819036416357261 Oyster-Closed 0
21.234451 0 113.367379 0 113.367379 29.550514999999997 21.234451 29.550514999999997 Oyster-Closed 0
195.97291057494294 283.722268705034 179.00619953154455 347.8464707280551 0 297.17811683226205 4.475430415131996 233.05698693957595 Oyster-Closed 0
267.3895810699905 399.2742574398581 201.88672770902122 374.43157446257055 230.75085218552704 298.3463736593274 296.25073778942533 323.18843004611665 Oyster-Closed 0
355.3229051073613 334.2670676064337 352.7367035836214 391.8111571045836 249.4296878047062 387.16671729373843 252.0176876782316 329.6245190405059 Oyster-Closed 0
0 295.004973 60.964586999999995 295.004973 60.964586999999995 356.028312 0 356.028312 Oyster-Closed 0
189.2560907464649 309.9032358217733 234.22856336319091 381.4019627876007 151.69961509838322 433.2972902295917 106.72976572248444 361.80086276931587 Oyster-SemiOpen 0
409.7076370645482 100.78429704385258 264.1914098596244 92.30898870710033 268.5049561636115 18.257060303403264 414.0200496919424 26.73233553657802 Oyster-Closed 0
205.55680077566285 40.279328942362056 226.56251479851562 127.13846791735592 139.00462255381353 148.31209140631847 117.99963570299951 61.45355666779411 Oyster-Closed 0
300.6709168406778 109.10446033798449 259.4150853494939 151.82379389834023 191.92534203485775 86.64694870806174 233.18080476088653 43.92800403349942 Oyster-Closed 0
130.16132684895274 48.172095190539345 166.35282471870596 82.25924868830205 93.39017657590011 159.72443787465204 57.199015432972374 125.6376215817632 Oyster-Closed 0
405.30481888416034 176.37013828780758 382.5801777598899 175.04662899058692 385.37911724849255 126.9935275015394 408.1034609999915 128.31702800000082 Oyster-Closed 0
268.1964967421627 180.70896643013626 207.56023760591052 207.8441538748693 169.95183225899382 123.80678508459583 230.58676389501852 96.67194547603681 Oyster-Closed 0
335.1948540051126 109.20312854871543 373.33858281918583 147.44017367740267 283.0329560231439 237.51991433652483 244.88998963233826 199.2836251376647 Oyster-Closed 0
373.35190351944766 171.97897422440477 407.55548020135757 175.902012008934 395.9121396734372 277.4078858900581 361.70857629085367 273.48492759743874 Oyster-Closed 0
