390.5634126612458 287.24791416292527 323.8308720393834 311.95875779471396 287.53635728133304 213.9518870789042 354.2662291973975 189.24157831252964 Oyster-Closed 0
315.24377481340343 288.8900676251783 210.32786435373055 325.23483279864513 177.75524555740776 231.2131758337132 282.6667411126182 194.8692492836669 Oyster-Closed 0
201.56973491391545 0 201.56976842232325 44.49532962637428 130.10679829294168 44.49530102536836 130.1068270691867 0.000002570874824080536 Oyster-Closed 0
16.877844 0 107.71272100000002 0 107.71272100000002 36.124382 16.877844 36.124382 Oyster-Closed 0
216.74585416605623 286.7114882205179 200.68804302999706 350.1945760649694 0 298.31564902359383 11.647980454599747 234.83588417443488 Oyster-Closed 0
298.19490817503174 392.8116456351318 229.56125501656788 373.3772810675076 251.4110719016171 296.2357167413916 320.0415545536307 315.6696033533379 Oyster-Closed 0
381.18342664468946 326.06871194109044 380.955392602511 383.4878612652326 277.6123307750531 383.0749593842118 277.8422091045941 325.65766293628803 Oyster-Closed 0
0 350.2704890053895 2.2517375136594637 295.6379816392453 90.49024090221792 311.3070627719036 80.7884166448348 365.93813751225593 Oyster-Closed 0
212.19183676995453 307.8602398707697 262.18239167518914 378.45131513461246 183.80152735733282 433.9425788975492 133.81346425851007 363.3537351457309 Oyster-SemiOpen 0
416.8659521063382 17.378785732866923 415.7012202427468 91.25841445664554 263.94562242257234 88.86515065166127 265.11086408584015 14.986008931965136 Oyster-Closed 0
203.0432210873878 39.10862414834684 228.04849473334252 125.96685212439566 141.91607810616551 150.76204271806324 116.91154089936026 63.904425809631526 Oyster-Closed 0
304.0330746872387 103.99991881663767 266.6929172671771 148.21898674102718 193.05242322249978 86.03501433135249 230.39230958146436 41.816348734282485 Oyster-Closed 0
127.59858844495466 50.29815838613032 167.06407188410958 82.7070222364975 101.26994685349928 162.8251624117787 61.804763323998486 130.41661782371685 Oyster-Closed 0
416.00016154632976 166.439892 391.794431446353 166.439892 391.7945788618381 116.59177099999997 416 116.59177099999997 Oyster-Closed 0
277.6873239740489 175.75041226826306 220.65548565869904 207.30960538358795 175.34857281685254 125.43620428743283 232.3792458309581 93.87741665459724 Oyster-Closed 0
338.60084063818795 102.65204935857857 380.29489101955187 139.24818542010564 298.3192732548632 232.6379887008665 256.62587290157535 196.0425341113414 Oyster-Closed 0
382.60420646287093 164.7731262417315 416.9440640491812 165.51487498929717 414.7410847213541 267.49599181762795 380.40122758282087 266.75425751004747 Oyster-Closed 0
