164.6992233511737 7.733422795833668 165.4740047789346 52.15691182984441 76.35511952290472 53.71105213643645 75.58044250639796 9.287647778851287 Oyster-Closed 0
403.6489205819271 287.24381803060675 356.5469554210031 320.8678929262481 309.8504609999618 255.46081800001232 356.9511963847217 221.8373655859324 Oyster-Closed 0
247.88967365379358 29.100379685883212 244.88616731639922 61.35695789495886 153.80458083556732 52.875880649788634 156.80818227354757 20.619387041851684 Oyster-Closed 0
59.20691910560345 278.369717943389 91.09585019275255 326.00303724143754 39.760543206684815 360.3633767050334 7.87255585407911 312.73089094029854 Oyster-Closed 0
166.83673458811973 320.8391344830969 195.66454249649905 297.68991501921823 240.5887201404803 353.62362738567606 211.7613572611299 376.7723528999811 Oyster-SemiOpen 0
405.92411637926125 14.175112865329439 403.9080526225298 71.91077670970324 326.80370146611676 69.21819788132976 328.8199235519278 11.482696408447634 Oyster-Closed 0
351.5786904392007 371.8925108761183 290.012920362562 363.43312497413086 299.27138642869613 296.0743350354113 360.83468699999503 304.53354699999716 Oyster-Closed 0
0 306.453665 39.646016 306.453665 39.646016 395.08378 0 395.08378 Oyster-Closed 0
396.155569837083 393.19598012776385 359.4172442665986 391.2709913712317 363.93014117506027 305.1814990849855 400.66655893528514 307.1064383601302 Oyster-Closed 0
226.60499935355983 415.9994553508133 226.6085189250589 360.70573829178994 364.88520813506693 360.71303347387885 364.88430194214016 416.00409624980244 Oyster-Closed 0
0 392.514425 45.513661 392.514425 45.513661 416 0 416 Oyster-Closed 0
260.66383777985175 44.63738328101667 258.8564765057963 111.18452944220559 154.2983289803633 108.34427954927295 156.10613933500645 41.7976142334347 Oyster-Closed 0
65.49088013288565 105.53811446051472 78.43540834525265 62.1809762981224 216.05373514459643 103.26651205706602 203.10986948514983 146.6230926151353 Oyster-Closed 0
0 128.55403016785272 4.565657116596412 91.12314691752137 47.35179302344477 101.06401132985822 38.65517498295958 138.49472492770332 Oyster-Closed 0
129.3430289570424 119.49628641917643 119.12507981742237 176.20606495570897 38.92458856410667 161.75540129282948 49.14297900998281 105.04618134972404 Oyster-Closed 0
307.83124984397364 112.53620999279563 323.9090419075801 163.12995251684202 265.12379282280745 181.8096760660591 249.04647874382135 131.2163425136551 Oyster-Closed 0
310.00175700001273 183.4893130000209 297.10654554272696 138.6934780263757 399.0588043281641 109.3454793692747 411.9543898961201 154.14072472437277 Oyster-Closed 0
121.04024421030044 187.0850814153094 117.01440388626361 146.85385051539143 230.68667806943995 135.47874427662904 234.71309838106026 175.70933859557127 Oyster-Closed 0
125.73033799202312 180.25478953127012 127.48201066840556 236.61554901241496 57.70622660229856 238.7833261206348 55.95530570369738 182.4233262171547 Oyster-Closed 0
231.95506196502902 170.87402185890605 240.45422869019967 224.9506686177787 128.2199554678955 242.58711587443244 119.72201806695011 188.5115306517128 Oyster-Closed 0
