184.41207800001212 0 184.41209130525021 28.163124016184454 106.82735023532587 28.16311121910414 106.8273629999967 0 Oyster-Closed 0
424.98277594733736 272.2537526433278 376.5995169130547 303.9640077739074 333.14374699998734 237.66589799999912 381.52577683665004 205.95618230460255 Oyster-Closed 0
274.4430127957057 0 274.44303476302593 31.173737922300155 183.1432049403229 31.173726811312026 183.1432201131429 0.0000010543487059195976 Oyster-Closed 0
82.05918133782325 251.80057185634126 112.68699547069264 300.7298227204567 60.526836933182494 333.3743985651472 29.899918611321482 284.4459302826704 Oyster-Closed 0
188.61645538923403 298.1802607190436 217.95979850012736 275.96434312458774 261.57799823272217 333.5668961201108 232.23504513279113 355.7823664706567 Oyster-SemiOpen 0
416 0 416.0000429709362 54.94944513573354 356.7953149643872 54.94940804836642 356.7953515220106 0.0000202492164375131 Oyster-Closed 0
372.1583528253468 355.76884925120066 310.6744106475453 345.85840004401337 321.50269957942874 278.6997293157923 382.9843109999965 288.60998499999914 Oyster-Closed 0
17.92135819370742 279.65847990461316 57.93264572661792 277.09493900820576 63.392973013877054 362.30434333784126 23.381691886428598 364.867822414162 Oyster-Closed 0
416.0007255529854 378.590636 383.52781573955144 378.590636 383.5287183734363 291.202368 415.9999913911706 291.202368 Oyster-Closed 0
248.37043442511276 400.49586202641365 244.412874041529 343.8653597030765 382.0664967547127 334.2464372333644 386.0263869431765 390.8743626857151 Oyster-Closed 0
65.25076680398706 365.4578580154069 65.54625477741138 398.73194485100817 23.799858332295116 399.1019671492239 23.504840336616326 365.8283413275043 Oyster-Closed 0
289.4305627991307 24.77258927942128 285.29126287770487 91.3298191440227 180.61992474583894 84.81976511405341 184.7595311515979 18.262885150063134 Oyster-Closed 0
92.15474807019564 78.88875164579056 106.56250736800575 36.056952276437556 243.09923628463002 81.98437492305261 228.69198282465368 124.81575027338162 Oyster-Closed 0
21.344380422997347 99.34686861835281 31.326219651280553 62.26241262916532 74.55019791894301 73.89666745590938 64.56850834725265 110.98099332243186 Oyster-Closed 0
156.0567030342536 95.19959953617052 143.87194109681877 151.51653890647492 63.88983053850461 134.211433333112 76.07492544962952 77.8949461254817 Oyster-Closed 0
289.7272453267178 162.12703191706692 275.68180638687045 110.35314249090422 334.45559299998786 94.40919099998419 348.50125392924747 146.18271858818832 Oyster-Closed 0
334.97241299999587 165.5678829999877 323.23292102037885 120.95789868669866 412.21084718442216 97.54296655949531 423.95065108298877 142.15250418014955 Oyster-Closed 0
145.73806365786004 162.57984449228724 143.10084147917223 122.10490044324254 256.91054170166535 114.68904783054242 259.5482886306163 155.1634438272399 Oyster-Closed 0
151.28417264425298 155.89066952789904 151.0689920867335 212.41323882614248 81.1563200672208 212.146522140661 81.37214131292058 155.62462817181222 Oyster-Closed 0
257.4078301408408 150.1795237082269 264.0654877605666 204.72296568626564 151.34043282361745 218.4797874295755 144.6838591332089 163.9372921948148 Oyster-Closed 0
