201.99131763814512 5.877290699246245 200.96498036201228 41.15174853597868 115.90981435579306 38.67690303436354 116.9362079999919 3.402496000017563 Oyster-Closed 0
336.855511999991 274.53047200000503 380.6358445101614 244.85363375635788 429.84648087271853 317.4409332116725 386.0667011629557 347.1170968928763 Oyster-Closed 0
288.7590527917964 40.48467475188758 280.35842373610285 70.6970914700437 188.08871270151576 45.04113657298928 196.48941399998148 14.828805000017658 Oyster-Closed 0
87.58966148508625 249.55596649547297 112.7306356012632 304.35920068969796 58.906289763050154 329.04667049403696 33.76629796458292 274.24427332854333 Oyster-Closed 0
190.8576056676793 313.2398912674126 219.80243937599153 294.08535632443045 261.68191761165144 357.35859113669096 232.73742919255164 376.51269627173076 Oyster-SemiOpen 0
367.13192 35.981388 416 35.981388 416 104.347543 367.13192 104.347543 Oyster-Closed 0
372.4761274205266 397.02249200573306 309.89133047322684 384.6455438907412 322.688462697457 319.9575182664424 385.27071799998157 332.33420699999937 Oyster-Closed 0
23.759172054156807 271.56835883813676 57.55903028774628 268.61179033782446 64.46979089683009 347.6039794757899 30.669941601896426 350.5604839686802 Oyster-Closed 0
383.50509200630404 416.0001451184088 383.5061509197949 338.51055278568236 416.0002215546883 338.51124565872414 416 416.0000000000083 Oyster-Closed 0
384.56046291101666 374.07376936574474 382.19761913021284 422.11548470901596 245.34685440284738 415.3814467171878 247.71187172571445 367.3419495302879 Oyster-Closed 0
66.27110376960263 360.60821092089293 61.693348555869306 392.9571714736145 26.535897599540476 387.9828441372686 31.113965999978973 355.63426200000146 Oyster-Closed 0
187.09546656457314 74.83333352182039 220.93153925015213 19.607730788007224 312.50995976396734 75.7163670935768 278.67434125979344 130.94157097506508 Oyster-Closed 0
99.35779464607913 81.07396404986206 118.15237930753574 42.466462426393534 252.65437996874243 107.94239670766467 233.86034895155535 146.54942479134635 Oyster-Closed 0
27.312273086783534 90.44736767380265 41.48380844926942 56.62753259637994 85.03235391254566 74.87551064228481 70.86095811838095 108.6952262429347 Oyster-Closed 0
165.72042301878537 107.943841776457 146.7291861276608 159.83633267181182 66.21149400567447 130.36926200528166 85.20294040010049 78.47722848637635 Oyster-Closed 0
344.67506747842344 132.97200734793466 351.44937265871704 186.65819207520641 293.61981318028484 193.9544970951473 286.84600683045574 140.2687678804095 Oyster-Closed 0
340.7861900000062 203.61125500002058 335.51225602458726 157.60948066219987 414.7447872922312 148.5259037012988 420.01921558042886 194.52713355693638 Oyster-Closed 0
265.58746363301907 142.36524670500575 261.91492912523245 182.3049352600628 149.27231329461574 171.94657933326667 152.9454049577107 132.0075328208791 Oyster-Closed 0
162.27638443314936 167.2079331414686 153.83942451517942 221.97684662086107 80.60994514615595 210.6962341083166 89.04744699998264 155.92803799998805 Oyster-Closed 0
266.59525162923455 185.60696211761675 258.2849867900695 239.46942947592586 145.3368919616587 222.0424490555054 153.64804908064616 168.1810211049831 Oyster-Closed 0
