1.3029045124312688 247.2359698459212 0 155.40581438567733 162.51549841888118 149.79416536966792 165.6530325663116 241.62177776151577 Oyster-Closed 0
139.1893100000234 259.72161000001387 125.9981758806789 235.25063732478125 237.6199703813727 175.08504305867746 250.8111578067037 199.55542282007235 Oyster-Closed 0
218.06515630174908 266.13044456909495 209.79115098941838 224.92157674449018 300.0627235802276 206.79789220625057 308.33731769417864 248.00597771833029 Oyster-Closed 0
146.70293001402388 44.544645075423325 135.3145113438659 8.875130406393788 272.04967655047585 0 283.43809620259344 0.8882279680730474 Oyster-Closed 0
78.28729900004691 248.1299954877188 91.77395922295545 312.5797145416288 0.8614215154666454 331.5993364209929 0 267.1511619460466 Oyster-Open 0
43.72274852104965 389.2542269822396 20.859294562633295 274.18910639010136 248.82082031820391 228.8992165841015 271.689658913554 343.95642084121636 Oyster-Closed 0
338.5185583419552 319.2690137839753 385.67168819190556 346.3578586685317 342.1102194170089 422.16627773738026 294.95764600000257 395.0781960000065 Oyster-Closed 0
379.46137119444757 0 379.46193627902176 148.8228270757589 264.9624923173578 148.82227116164722 264.96304987839903 0.0002814488039064312 Oyster-Closed 0
276.77444687663956 68.99236850031886 261.8195831398625 101.24298067246389 184.58739768905798 65.42984997312334 199.54230716931852 33.17939230706796 Oyster-Closed 0
69.4124956900705 0 69.412818893019 147.81007592885004 0 147.8097399993913 0.0002692032576305792 0.000180584586830743 Oyster-SemiOpen 0
284.4134555423552 118.47741969674223 236.7548524279846 177.41192837385012 128.36187127503945 89.7585875598693 176.02011565170687 30.824783926811346 Oyster-Closed 0
37.58617276670702 148.11490369890745 81.24689655463226 29.09310921972484 211.35806008875443 76.82138777994031 167.69934949030358 195.84142969881148 Oyster-Closed 0
303.46221004041945 157.4828250579782 306.184771203767 206.88372145403244 237.82715199415907 210.65014387509643 235.10516499998994 161.24979599998608 Oyster-Closed 0
