0.589012383010413 262.1019184787551 0 170.04378272312212 162.126932926898 167.35391515565243 163.64771352130992 259.40929898949867 Oyster-Closed 0
141.26346911556175 277.27337410945285 127.64372086340518 251.88652931306854 236.66000913475364 193.4056545425074 250.27981848803756 218.79184843969202 Oyster-Closed 0
219.62332472664275 285.16738761813144 211.8854042473904 243.1903482023677 302.12832739635996 226.55656648875788 309.8669164334642 268.53274635724574 Oyster-Closed 0
134.62759437141722 62.08541862091413 120.17072578966327 14.827279319728571 273.75046515505164 0 288.20737196962 15.103094488451914 Oyster-Closed 0
81.12393762586362 264.0470437221494 93.80221419367444 329.74667097394814 1.0173910919656919 347.6467833181605 0 281.9488486776024 Oyster-Open 0
51.0720852000195 405.4465885265656 29.718412087815523 288.2579904786629 255.15816162556803 247.18540425577356 276.51775719392754 364.3656510333087 Oyster-Closed 0
371.4647050258245 423.4997213920909 307.02227500001027 416.00000000000176 315.29672706517886 344.93622094595156 379.7361028214982 352.4357638530394 Oyster-Closed 0
374.9646219114038 165.9988599751593 260.6779216182731 171.97296180877342 252.4404659277534 14.362020469070767 366.7241677452621 8.3879996039993 Oyster-Closed 0
255.71728718569648 118.803512425673 174.0775117875346 85.47034395055636 187.16433877006057 53.41890576035356 268.8037357799294 86.75198778283804 Oyster-Closed 0
0 0.298018 62.32387800000001 0.298018 62.32387800000001 162.52077 0 162.52077 Oyster-SemiOpen 0
279.1799628300505 138.4064578471196 234.26753761200234 195.97880608408266 119.35727241798304 106.33819961326913 164.26931825991414 48.76670646700274 Oyster-Closed 0
26.64112857589862 161.4642963657835 69.81502799437658 45.716353769215736 207.21335579519655 96.96510040779467 164.04182097946978 212.71099471760624 Oyster-Closed 0
301.2019711928042 177.56888345818538 303.05896098624 227.1959994425982 233.900141708742 229.78294440665934 232.04378800000995 180.15644799999814 Oyster-Closed 0
