22.918076120531623 289.6964638191949 7.881357416637911 198.262736932589 176.77833795244078 170.4875274785021 191.8175686179602 261.9181977710111 Oyster-Closed 0
177.52226295263608 282.4064436016856 159.0020753063327 258.79629873910585 252.6864546490724 185.3158731802637 271.2063652934303 208.92543908900444 Oyster-Closed 0
254.81289492794167 279.1390071756897 240.53060196103252 237.95640051448325 325.716435282724 208.4162693373377 339.9991216045455 249.59808995665904 Oyster-Closed 0
119.8123134192756 72.2822803610152 96.60179460323707 24.798277031223563 230.55780845682239 0 253.76833764380717 6.803387437055266 Oyster-Closed 0
117.22218006478215 277.2523012871658 140.18957084405338 341.6562121312752 24.059820156238857 383.0588963812216 1.095152453333867 318.65729715297647 Oyster-Open 0
293.7527532504064 240.15639734238894 325.76524192835495 357.82076884363545 112.52929648139616 415.81310608632157 80.52573398430832 298.15650500225007 Oyster-Closed 0
416.0008315892992 409.59710299999995 369.651665000034 409.59710299999995 369.65340886026024 321.69698799999986 415.99999708226096 321.69698799999986 Oyster-Closed 0
380.29976217371586 135.88962763887545 272.2763029100315 167.85236517803642 227.66257956787013 17.07129025379904 335.68379391744384 0 Oyster-Closed 0
253.41972813781467 106.93132291554114 164.26167248674392 92.83371929666536 169.5551505215917 59.357639372364815 258.71277461534555 73.45520846585455 Oyster-Closed 0
0.6137580000213347 35.16217499999973 64.45396839590467 34.047874662717746 67.17920424921977 190.1785371661313 3.3389951990320696 191.29281958997015 Oyster-SemiOpen 0
281.3646987062348 126.25789151363286 248.54096457822743 187.9910237487304 114.29432546964745 116.61211365634277 147.11819161628955 54.87993923327991 Oyster-Closed 0
30.21631200093907 183.41747781967186 54.56209897009467 65.56032582044536 206.27973326373103 96.8999758344315 181.93658937625514 214.75473226764615 Oyster-Closed 0
313.2919039249573 160.75680862217777 322.4666758966414 209.98521480218 253.36790072698204 222.8617354796797 244.19379199998366 173.63391700001313 Oyster-Closed 0
