145.37043308635475 171.72328487974474 180.5547833387718 245.6428920375666 45.97791276541102 309.6890034834694 10.796232883578341 235.7716508274077 Oyster-Closed 0
222.38514368950928 344.2124635497076 244.19596010941677 170.3469840511992 395.4969363413438 189.3259255100345 373.69297028022993 363.1851348081558 Oyster-Closed 0
271.1615668898885 379.42660278894175 145.02733901527972 401.9463694206617 110.89892035118464 210.79252854935916 237.02173729010974 188.27374732899116 Oyster-Closed 0
364.5020529999056 0 364.50218742385186 58.5079973887454 157.13280370134817 58.507818082807916 157.13295800000924 2.348263156724792e-11 Oyster-Closed 0
0 315.44497391753674 0.2665677797413082 272.7074561105941 162.36794949300747 314.6800328914207 151.30162090450904 357.4156154627589 Oyster-Closed 0
0 393.92949823881474 0.398043561996019 326.9162259607611 190.25651568113244 338.8187601050585 186.05705313492945 405.8280008433251 Oyster-Closed 0
363.30918635027047 386.75249443988065 348.9414087326113 426.1995205513932 246.8768582591838 389.0315696878012 261.2453168496286 349.5859433178885 Oyster-Closed 0
167.04611292815025 0 167.04618772903996 60.6223363354732 85.93021416453121 60.62228836281326 85.93026217026272 0.000008931820706496943 Oyster-Closed 0
63.0640730392588 70.13249101640477 9.233321552001144 61.55271701068035 20.2615797290091 0 74.09210312473442 0.9406742047545071 Oyster-Closed 0
406.2291605963874 95.468890742431 389.6429332079606 94.1149774776607 393.86376353367086 42.40845652273799 410.44989400004124 43.762366000001656 Oyster-Closed 0
102.94972770412642 78.5169211048346 132.20403915725547 0 328.98658508466906 45.52000260523899 299.73356707427956 139.66328709377822 Oyster-SemiOpen 0
0 83.664784 121.593684 83.664784 121.593684 190.253683 0 190.253683 Oyster-Closed 0
330.5273107517896 117.10690212284156 329.7162759205967 203.05992643952837 129.47911720496995 201.16649008851638 130.29250270599368 115.2157566788718 Oyster-Closed 0
267.2992730000042 190.5240450000126 289.73857998779204 124.77778365300134 413.22933077163907 166.9228064414279 390.79159469683873 232.66774479161265 Oyster-Closed 0
