142.7757807259659 198.95625512578712 186.9066821469096 272.790536058207 65.99657645281331 345.045960993865 21.868461262856727 271.2140991214463 Oyster-Closed 0
239.25340205975954 363.40657151581024 247.18802809940098 191.1668501167868 401.2881048458876 198.265499969627 393.36030354314425 370.4986381749216 Oyster-Closed 0
308.4427501336213 392.46044674041326 191.18636381735632 438.08397635913775 117.72611185712594 249.30713456633205 234.97159462540367 203.68585855332793 Oyster-Closed 0
328.0977809213182 19.1092252934602 324.78963119728724 75.91336920895994 108.72723992949614 63.329326190817646 112.035788725163 6.525675465224609 Oyster-Closed 0
0 350.1225881810187 0.19382520150611526 307.8774231951384 188.2081316343283 339.70102265947475 181.05793715601612 381.9437775645677 Oyster-Closed 0
9.266858361097547 415.9999473410811 9.272693462859024 361.7720549098309 225.8292567625722 361.79018173081715 225.8274615730952 416.0139583980233 Oyster-Closed 0
392.51694026215046 392.33585785834674 381.8898996553107 432.8736815694101 284.0362059096842 407.22580453046646 294.66417853650637 366.6893832419404 Oyster-Closed 0
120.11517528413242 12.814810284243604 140.60793051850487 73.23314738940643 61.57510954463578 100.0391380997539 41.082644676658674 39.62104514282797 Oyster-Closed 0
0 18.145604 37.708421 18.145604 37.708421 103.961248 0 103.961248 Oyster-Closed 0
398.44106927432586 109.30540953861131 366.89684037603 109.12128383557965 367.2252275643732 52.883826695910834 398.7692296147725 53.06795178815056 Oyster-Closed 0
78.22139048039753 110.6163826580157 98.27888791806981 17.51194357625421 306.4168987852936 62.35003978884345 286.36117935018046 155.45291726219773 Oyster-SemiOpen 0
0 121.455729 107.84707499999999 121.455729 107.84707499999999 228.993989 0 228.993989 Oyster-Closed 0
319.9363630381631 131.58664447938915 325.6040640587962 217.14473788750064 122.87167904122543 230.56898942182204 117.206869038062 145.01356389830198 Oyster-Closed 0
268.0357849999782 209.0148760000197 282.94998888285045 144.63645419602108 414.59910571153887 175.13244946930797 399.6866028549666 239.5093978604259 Oyster-Closed 0
