146.7023363768567 178.55082493458988 187.29573463221095 250.53874220442037 59.29280205185205 322.7072754499377 18.70203269715421 250.72162004523895 Oyster-Closed 0
238.2187309916626 343.5107760035036 247.27828849849539 170.67409369512043 401.8098057060088 178.77391249491518 392.756673899672 351.6043964718314 Oyster-Closed 0
294.5481487099205 374.07613789796204 171.26867781708643 410.20295638287973 116.44165076560239 223.12430693439876 239.71029645061208 186.99908896350365 Oyster-Closed 0
348.125200999908 0 348.12531716582816 54.2529714896914 136.41874373851897 54.25279468973323 136.4188870000071 1.1112062918363162e-11 Oyster-Closed 0
0 329.67312266700895 0.2004180176409136 286.89854427364304 178.61408467708316 318.82753844425383 170.9593924843757 361.5999286516005 Oyster-Closed 0
0 408.4726770000118 0 341.99820455277217 210.13617217841602 340.73023258032475 210.53938564137206 407.2001518806519 Oyster-Closed 0
391.68158298764683 376.6711615443062 379.2341141904799 421.7132911821546 269.44264514973474 391.3768887849812 281.89119400466006 346.33643003487833 Oyster-Closed 0
139.18267788365483 0 158.374301774169 52.02683140473249 76.60681658726389 78.60528555452572 57.415370893308136 19.563737430272123 Oyster-Closed 0
52.458552116200735 83.71789390263532 0 80.71267906537462 2.5479739539259754 0 57.03004037437131 0.83727607759911 Oyster-Closed 0
409.1674755209315 89.67001166077014 380.22353831066357 87.81520843546218 383.7954363314202 32.078051050190865 412.7392306230795 33.93285030630919 Oyster-Closed 0
93.10228096887658 89.78926025509541 114.57474045195704 0 318.8970442351456 41.670795858039035 297.4259519728257 136.19931169426584 Oyster-SemiOpen 0
0 99.925441 116.785059 99.925441 116.785059 207.511264 0 207.511264 Oyster-Closed 0
327.7817857467526 111.92557456817678 332.92171419362785 196.99870854804266 130.72436865924828 209.210263413753 125.58696474623139 124.13945167111373 Oyster-Closed 0
270.9876839999888 188.87368900000135 287.95216068173613 122.43409888854396 416.8722625513183 155.35002734084622 399.90932223274285 221.7883134089364 Oyster-Closed 0
