0 238.698191 33.172772 238.698191 33.172772 295.469032 0 295.469032 Oyster-Closed 0
54.59314844851542 326.5926960970956 46.14562992075662 241.35704420336492 156.68260428679787 230.40309975565103 165.13216566343908 315.63642277782947 Oyster-Closed 0
354.30692611927225 271.2996388068731 349.45612323378737 332.5203307390698 143.6453674698605 316.2083261571146 148.49913661069877 254.99087583150953 Oyster-Closed 0
0 312.212427 16.500595 312.212427 16.500595 355.95465 0 355.95465 Oyster-SemiOpen 0
400.4178281614659 311.6739126492951 416.25005496263475 343.2804945945474 323.18432924910303 389.8868515897208 307.353289767907 358.28128131920363 Oyster-Closed 0
74.47382020429723 363.07174931420616 106.12814531142067 291.7581473286582 210.0765946903266 337.8887149535016 178.4252241531285 409.1998019552221 Oyster-Closed 0
204.27005965178978 439.8128398818902 175.29231430161235 379.6054959221635 296.7327728906712 321.1707555735209 325.71107200628467 381.3753425439066 Oyster-Closed 0
0 351.937887 154.202787 351.937887 154.202787 416 0 416 Oyster-Closed 0
63.594221495557576 113.49521174924786 56.46474723272695 12.048319695176147 254.8581492381163 0 261.9885367411589 99.55113018809963 Oyster-Closed 0
411.2535979113527 16.206770129266083 435.0835820478205 119.15591148341218 279.25594393772553 155.22377369668249 255.42736461140157 52.27581619684163 Oyster-Closed 0
0 11.615205 44.477359 11.615205 44.477359 141.843198 0 141.843198 Oyster-Closed 0
88.15169162576785 174.3043620202997 84.04603550981483 96.13407886420116 234.2295579313468 88.24598427454467 238.3364963639542 166.41480804534947 Oyster-Closed 0
224.10497336399203 82.05454750249015 305.7634928164516 105.75308739739913 275.7966998858137 209.00658107758292 194.13833768200857 185.3083701947792 Oyster-Closed 0
417.0499729783369 294.7619524545378 323.4524669595885 309.4000595159013 292.9580655301761 114.41255499785215 386.5495443590189 99.7749017269175 Oyster-Closed 0
321.3647084039403 229.20066381909825 298.05030831276963 285.7519756066275 115.77271900621054 210.60664230360632 139.08794217962713 154.05738981283025 Oyster-Closed 0
