15.874948180153297 227.02224472325176 58.64117000648548 224.0321020148131 62.87512274041728 284.5813752737219 20.108906029989157 287.57147749377054 Oyster-Closed 0
85.25709527411163 312.8114283675664 72.78751488945272 227.7477156252769 183.38981926794804 211.53601497045852 195.86118606058517 296.5975198128567 Oyster-Closed 0
382.6756788202474 243.4541740145172 380.6816272995202 304.8734752076856 173.5334486200918 298.14235827935005 175.53041776583268 236.72606503134753 Oyster-Closed 0
54.78885761071797 339.027427805313 34.644531909190846 347.6307384037524 15.959327112137544 303.8876163495113 36.10317556588052 295.2844223392038 Oyster-SemiOpen 0
415.9998392180787 290.1481956626401 433.1862353417564 320.5414868325756 358.1854256174847 362.94271650944904 340.999886558202 332.5501635020081 Oyster-Closed 0
107.75190792716239 348.08813539785507 135.73201249320846 275.6320386883622 242.754126033793 316.9525431115284 214.77689930691486 389.40619588161695 Oyster-Closed 0
242.51370489775582 419.215905294442 210.2792623778405 360.0169995600207 328.4181520685306 295.703522728088 360.6527609074692 354.899882668865 Oyster-Closed 0
27.12608230076512 407.48363546434973 25.322164183609857 339.4597349292186 196.68704973225613 334.9148786219067 198.4946614608707 402.9348065588682 Oyster-Closed 0
80.8990620970144 99.21354229231598 70.34794381387837 9.312077234602222 267.2030825507536 0 277.7547548569819 76.1089175618226 Oyster-Closed 0
281.46999786056404 111.72486603464938 271.96523633329707 9.290786024764675 415.62516112308003 0 425.1305600177511 98.39396390099925 Oyster-Closed 0
7.1667746453713335 0.36084851395717976 58.34806473303979 0 62.93154134586075 129.82798434064028 11.750252669815382 131.61524025085083 Oyster-Closed 0
109.05918580115394 158.90834047719503 101.29232038986447 80.78589009964139 250.84321979320885 65.91764293977103 258.611108542751 144.03882727049472 Oyster-Closed 0
239.6939143037962 61.11302409963247 323.18713063536416 79.74934805202099 299.8832715037752 184.1512163420923 216.39014235364812 165.51510881061733 Oyster-Closed 0
416.0014939643006 264.90263000000004 326.7916675974993 264.90262999999993 326.7938929700322 77.09843599999999 415.99932276819527 77.098436 Oyster-Closed 0
346.7648082957203 202.9236598045696 326.3280348189619 260.3053976328209 139.2707687973998 193.68464358866532 159.70851796625357 136.3047994712301 Oyster-Closed 0
