17.948547193180275 219.878721365865 58.93982005554426 216.53301693514717 63.81326293515667 276.23604573569355 22.821996351696725 279.5817067051878 Oyster-Closed 0
81.59983871690201 311.90352773627336 77.57475338936274 225.92881360056163 191.84957660113287 220.57917805797052 195.87683732327787 306.55156786844105 Oyster-Closed 0
385.71717000026547 272.41584777938107 377.8462224875693 332.6094616534092 169.87313871906736 305.4117585674272 177.74678279020736 245.22133859936332 Oyster-Closed 0
53.46071649371879 334.0860900999269 34.25993635776467 341.5836119766355 16.624273786244885 296.4271174633499 35.82459134398232 288.929696609267 Oyster-SemiOpen 0
415.99985168711646 321.97036914171804 430.9636545333924 354.7461051065317 355.8909875779682 389.01153765705277 340.92816706004305 356.2366318090349 Oyster-Closed 0
104.88495691136995 348.195742156818 137.74839381921265 280.56850397286047 244.1364271698876 332.25763452917187 211.27580653674886 399.8824647310381 Oyster-Closed 0
237.27460890343355 433.9296654773895 209.6377143211721 370.57505913300594 331.41059748381304 317.46731496598477 359.04833022565435 380.8190967198871 Oyster-Closed 0
26.564800080162968 400.1599278065684 31.42090416685096 332.82030934687776 200.88713955768617 345.0370138615176 196.03503994666244 412.372735587299 Oyster-Closed 0
83.55634081513199 99.31705537310161 81.7996087636966 1.4148536495549855 276.0858876272432 0 277.84343043594345 95.829649748217 Oyster-Closed 0
416.00101156481105 132.27822799999996 281.600424783217 132.278228 281.601715435012 22.827366000000033 416 22.827366000000023 Oyster-Closed 0
14.038972074704361 0.09858446062620349 65.24792511306805 0 66.70972372229517 124.464568044358 15.500770963863033 125.06358609421437 Oyster-Closed 0
109.01536177399612 161.31705784736747 109.00068420320531 82.99814177604355 258.15019586741255 82.9698488182357 258.16613704848714 161.28742136509473 Oyster-Closed 0
244.29330303215102 80.75210825385275 328.7421937171712 102.20807366104343 303.2691107885512 202.46467693290947 218.82034115725764 181.00899006328135 Oyster-Closed 0
416.00219204871246 296.57688799999994 330.9850509238422 296.57688799999994 330.98743902485876 105.88791600000002 415.9994932722875 105.88791600000002 Oyster-Closed 0
140.4146873901882 195.06752984390522 166.04175540773213 141.85898549951992 349.184951297455 230.05991000680146 323.56029429147384 283.2663961616239 Oyster-Closed 0
