279.7696389696539 282.18679815626945 213.99901443889394 334.9265854766989 120.19057084948145 217.95110433378932 185.9582737666642 165.2131500520688 Oyster-Closed 0
41.424584988475544 316.8486932972056 0 263.23046423354293 57.05317522378391 201.9236211340624 107.10571408293981 255.54074964667058 Oyster-Open 0
267.0576381686151 307.06509299967627 289.5619993878936 233.17364712670746 411.08221027127365 270.1785015171653 388.5806417798631 344.0675649634965 Oyster-Closed 0
39.48853590512226 344.66008451866253 61.83615146464581 268.98813272096555 169.25538662969848 300.7056299047248 146.91057405425454 376.3751991418262 Oyster-SemiOpen 0
181.67461976614504 12.244013081398759 186.3422775513427 85.18133828053406 95.73501843463237 90.97939377845175 91.06766771912226 18.04230572667008 Oyster-Closed 0
388.36457584423624 415.427517028158 315.4221512552431 419.48919066704764 310.07561339866515 323.447111850662 383.0135385057001 319.3855627304714 Oyster-Closed 0
169.3927062699113 418.5431261300495 160.25104418573756 382.86075113742083 270.5723571041017 354.6032636697605 279.71490981707393 390.2842330449605 Oyster-Closed 0
171.91651180370172 389.5321877452117 165.64730883247466 428.9871489132267 37.22331260957071 408.58335863015174 43.49395467676368 369.1302059554087 Oyster-Closed 0
351.12842646848003 411.98893538682444 294.8633849049111 439.75900178061823 267.0041128670091 383.3262461961112 323.2671169945097 355.55677206565247 Oyster-Closed 0
199.57991499999116 416.00000000000944 199.58074617182865 396.561316893244 272.8735118028635 396.5635246685857 272.87318997204784 416.00170543519255 Oyster-Closed 0
17.854704000052152 416.0000000000134 17.85494047737666 409.0802954585138 81.34098879812154 409.0818765276972 81.34091198436363 416.00142071761763 Oyster-Closed 0
354.0639979508924 20.621650419522275 350.24014952762445 86.27934794620563 206.61847098635917 77.91431957150276 210.44269622880893 12.256997427431921 Oyster-Closed 0
130.25048487777167 104.08548678421626 135.52862254629144 46.89452776809227 225.63231090967383 55.21003379516303 220.35456663446894 112.4006189320638 Oyster-SemiOpen 0
201.64124645362244 150.8211023078631 196.0594289689907 87.02664467085076 321.15648736286676 76.08077346038803 326.73902296085 139.8744677433516 Oyster-Closed 0
141.7392508103767 169.1967570063517 117.39006803825032 165.43815813756675 127.51729830144541 99.83492039646613 151.86609047143793 103.59348786034064 Oyster-Closed 0
