272.5057089388065 303.96445916132205 199.8066507724434 343.077207490179 127.08729439108356 207.92612480303396 199.78208977211398 168.81480540604494 Oyster-Closed 0
32.4828184173748 287.50791704367646 0 223.68237278010443 67.53000738665651 177.8584409574943 106.85802117435014 241.68283681220404 Oyster-Open 0
254.68546786586012 325.27083996473124 291.29701926786583 258.7499722176868 413.38825852354785 325.9345417358436 376.7797868048874 392.452763773811 Oyster-Closed 0
25.641183749008633 313.9728110426842 62.489839184006996 245.6993347003342 163.2031827677638 300.04815509468654 126.35696745895984 368.3195370874764 Oyster-SemiOpen 0
221.6598012352115 18.093782542572253 216.08355399405264 86.40818989422803 124.79727690635264 78.95655455736465 130.3737603473637 10.642343186759062 Oyster-Closed 0
361.221986651748 421.491789714818 288.4957443555104 413.20964217202925 295.52890380522877 351.4819895578161 368.25215493395444 359.7639670294794 Oyster-Closed 0
140.46458295216507 414.52611934160075 139.11215848205757 377.50709550739 252.8812744600691 373.3506288902563 254.2351040529793 410.3681718745292 Oyster-Closed 0
150.3131276850072 387.1894472932261 131.80194924317766 435.04535445459686 7.965891531865054 387.15375448734557 26.47792295394538 339.30004003686963 Oyster-Closed 0
254.55693199999587 416.00000000001774 254.55782262217326 387.8732399078983 309.69977868053684 387.8746346192578 309.6994369898566 416.00084984786093 Oyster-Closed 0
0 403.99978685024047 0.21014615199237596 377.0611188213794 72.97287748398958 388.1271234403564 68.87536754782923 415.06510239430105 Oyster-Closed 0
391.03670777801744 54.70166483117246 375.7099094976693 124.18819332726628 234.5549854163619 93.05266335769812 249.88224727263514 23.566760032086197 Oyster-Closed 0
153.50045831046737 96.95321564593641 170.57548673325073 42.69826324224597 259.1549208191609 70.57553153340254 242.08033247725325 124.83010593732868 Oyster-SemiOpen 0
215.74660607045735 156.7600811865592 225.33724646422706 93.69135331869617 350.155620557387 112.67103377069807 340.5660236221338 175.73884727363637 Oyster-Closed 0
156.11636816612736 163.76195046006748 132.50801263779067 155.80573463809228 153.54678385296575 93.38028171872766 177.15480257374657 101.3364346669295 Oyster-Closed 0
