285.3886053594251 285.7033554213807 217.208427228481 333.03850214516694 130.533173604068 208.20531588267238 198.70998252861318 160.8718204783543 Oyster-Closed 0
46.15072689725275 299.66545892917264 0 241.73715562954203 68.47071131059056 186.44877072779445 114.99623648995839 244.37597675267867 Oyster-Open 0
270.3109541088961 309.08673982399773 298.6653447087483 238.08682883760727 426.6587509325327 289.1941045399251 398.30738899513017 360.191454401888 Oyster-Closed 0
42.26859980333029 327.01595215551947 70.6322786581768 254.23655687870863 176.1124536445859 295.33770309203715 147.75142212922583 368.1148621829933 Oyster-SemiOpen 0
203.50173858207563 8.338808090309772 201.80167371658172 81.36671743878017 112.22045008103305 79.28101095239704 113.9207580110633 6.253286324356042 Oyster-Closed 0
385.87533535988405 416.1036190575378 313.0223938461204 415.91283271013833 313.25047219561384 329.7057733015449 386.0994046127853 329.8965544984302 Oyster-Closed 0
167.15930096615557 412.17244134641396 161.0814069739754 375.66663839897893 272.9113716311949 357.05159534310553 278.9903723124189 393.5559754617406 Oyster-Closed 0
173.45339245195646 383.7910587002193 161.40649039742857 432.2148431102098 33.545321871373744 400.4103959853912 45.5936621668443 351.9888147802576 Oyster-Closed 0
276.78014554362016 415.99994805929373 276.78196556736293 365.24657122959974 345.84603090262317 365.2488913559703 345.8454192845711 416.0010548645553 Oyster-Closed 0
192.13867800001753 415.9999999999849 192.1394932494768 397.18783735750065 270.09335195940366 397.1903510208634 270.0930619697501 416.0019896537788 Oyster-Closed 0
0 393.952083 94.000064 393.952083 94.000064 416 0 416 Oyster-Closed 0
374.2339458997594 22.57015178810472 367.81270709733144 93.68151397591133 225.2299283123284 80.80588189969758 231.65157932525108 9.694956206235656 Oyster-Closed 0
145.46130316578274 95.09572032252788 155.626517613935 38.860367611374635 245.84341802166455 55.16797644231802 235.67859255323492 111.40297924182663 Oyster-SemiOpen 0
213.4724222949808 146.46682158349634 214.9613561384249 82.54007984175763 340.4500760453411 85.46233927021804 338.9619723046126 149.3882950979986 Oyster-Closed 0
154.66531601097813 161.09573587903986 130.502732193454 155.89090793280275 144.42882241147527 91.24414135128525 168.59104949309767 96.4489286151287 Oyster-Closed 0
