230.4712856258193 216.7139253356207 278.92260664028436 118.18137563103696 429.7402058966618 192.33834064569675 381.292424760155 290.8678575226277 Oyster-Closed 0
202.77589909868402 178.8294562007491 207.59267016201557 271.7234084984572 27.285680770241015 281.0668443050872 22.47245051679056 188.1762605074225 Oyster-Closed 0
177.7204310752859 305.7867639389142 171.11956684958204 248.82423375780073 283.46841723682155 235.8058683964526 290.07060876785545 292.7668889675964 Oyster-Closed 0
201.4401153270628 329.7338300210911 194.08765837557075 255.12540498840852 346.4281934315113 240.11355378893873 353.783225745603 314.7190257000655 Oyster-Closed 0
349.5767344276319 247.77708298760052 403.01927560837794 255.20666929214858 383.68236244362924 394.2775525132182 330.23988013240887 386.84826291629423 Oyster-Closed 0
239.53666440681627 319.58241702188985 238.06659390734058 369.6895250466332 55.62227127517326 364.33184607724434 57.095009341803234 314.22751642647154 Oyster-Open 0
0 313.832861 70.432955 313.832861 70.432955 394.700824 0 394.700824 Oyster-Closed 0
98.1944160000021 397.3683139999934 100.7068669318869 339.20188533961164 206.6406069139921 343.77548524327926 204.13025398748505 401.939917110182 Oyster-Closed 0
99.38122 0 302.667419 0 302.667419 90.782959 99.38122 90.782959 Oyster-Closed 0
19.148810680264432 33.04756624918646 51.486130582678015 37.543862002372606 37.96212343462321 134.8073444312449 5.624807000021974 130.3110820000032 Oyster-Closed 0
412.13469134213665 192.45169965642103 270.96182411270274 189.98754755397104 273.8159204196854 26.590340777349006 414.98503701438676 29.054464179598835 Oyster-Closed 0
71.38833053374037 76.07041548238702 120.12469965999844 111.35620579854556 61.620037568358384 192.15940452210685 12.88402199995835 156.87402899998673 Oyster-Closed 0
