224.7460436791298 240.30662038824354 279.548647760992 149.50795559028884 428.3752796242261 239.32675192338547 373.5766034385633 330.1219902115015 Oyster-Closed 0
202.08449117081545 200.58583695638396 197.14332122432097 293.72436095838776 16.938792757431656 284.1599981915409 21.883327330117027 191.02504843606764 Oyster-Closed 0
169.716396807813 325.0304927993236 169.07516264347214 267.2154993210836 280.4143440742555 265.97985145426225 281.0572306535214 323.79319586020233 Oyster-Closed 0
193.36309003649512 351.47140182723007 193.83605445487774 275.99461919401966 346.4496879977378 276.9495281810723 345.9799723461838 352.4230274526023 Oyster-Closed 0
344.3553496153181 287.8385222139868 398.31677231112553 296.3832358204192 378.4577671858351 421.7704250454195 324.49642088064866 413.2260498794714 Oyster-Closed 0
236.62825127640826 345.71310293829566 229.96938849236176 395.1769949171761 45.48040858621607 370.34018201993683 52.14169853570638 320.87922388796756 Oyster-Open 0
0 320.24695 64.111497 320.24695 64.111497 400.445792 0 400.445792 Oyster-Closed 0
91.12524691913859 415.9995198951749 91.12734612194618 360.8975281691848 197.89867808857161 360.90050327512836 197.89860166342623 416.00048528621573 Oyster-Closed 0
304.3513504807852 10.62703900361163 300.6065123218141 117.8793597033634 86.10715083121977 110.38824108570815 89.85316799999418 3.1377419999806655 Oyster-Closed 0
18.547479861303145 35.11828604043289 51.19867434873231 40.28964076020119 35.990362413594994 136.31164293718965 3.339172999978473 131.14032699999782 Oyster-Closed 0
408.26623869702235 236.05964916203075 266.87646332399163 231.1223458945164 272.7520245074338 62.95172083766219 414.13641091956015 67.88893997006184 Oyster-Closed 0
69.97077220109713 83.7038527861915 119.01655228160962 122.9378961967367 59.17036557160827 197.7475652003343 10.12500400002682 158.51398700001292 Oyster-Closed 0
