245.93101792879315 248.8892367629139 295.4846082583608 162.68108472711924 447.41779031029 250.00602548400153 397.8680753614499 336.21081508148075 Oyster-Closed 0
225.76732251113935 210.6063749856964 219.76858822272334 303.0552406808158 36.88429408929733 291.1843666065575 42.886485095285025 198.73926081469014 Oyster-Closed 0
200.08841768994535 334.6718008338254 200.12052924921227 276.70076180660027 309.5828365062189 276.7604188625523 309.55242999468464 334.72977905853463 Oyster-Closed 0
228.7280705102603 361.39848986471435 230.09216048653616 285.925552138526 382.0192237655392 288.66971317754974 380.65851654909784 364.13926989781015 Oyster-Closed 0
371.1610595155871 416.0001892450452 371.1632578259887 305.3570759877855 416.00062112811065 305.3584700894122 416 416.0000000000132 Oyster-Closed 0
279.22938491369496 356.8957098194508 272.19145766755173 405.391802841311 81.91797547077658 377.7783385663899 88.95837848480005 329.28529776666556 Oyster-Open 0
85.81632114399326 328.4807426287709 118.3482614519271 393.25229925725836 42.16575404737523 431.5037124565839 9.635989203710778 366.73401594452275 Oyster-Closed 0
139.1841250000216 415.999999999982 139.18673989979652 370.5848242255179 243.80828773823305 370.58973760381036 243.8073209325339 416.00326815380384 Oyster-Closed 0
313.89156853535314 25.62109048054186 305.313216062048 130.71868074531073 67.7364103950058 111.32496128323402 76.3160730000127 6.229625999993293 Oyster-Closed 0
16.441026509473886 42.23124365840536 49.65062203443449 43.01411567122569 47.38519461079704 139.11287999194045 14.175598999998329 138.33001400000012 Oyster-Closed 0
416.0024690701903 238.37366 278.80292969878064 238.37366 278.80519502637617 77.14851599999996 415.9997871104206 77.14851600000003 Oyster-Closed 0
73.96923208974476 91.54546957515005 129.76261286313093 128.63613431170475 80.36066757615117 202.9455373399737 24.567631000012625 165.85530199999914 Oyster-Closed 0
