145.61838377785534 173.94889093759105 189.57295418500507 145.59956338961481 266.52636015869575 264.90430499078406 222.57241955308928 293.25284327823994 Oyster-Closed 0
134.57138821160697 198.510960913407 144.49366931635814 250.41748101819576 5.152636611066555 277.0480527169271 0 225.14307547550752 Oyster-Closed 0
141.14413595909355 250.72776999527704 143.21113640275144 314.0620043370843 0.6881689124857076 318.7092323068047 0 255.37730587197095 Oyster-Closed 0
251.40391706161608 346.41271330991054 242.17657815114944 309.6857995621042 313.504274935116 291.768255898267 322.73211017903304 328.49440063949925 Oyster-Closed 0
65.75610465980571 330.9022498698338 117.16365572522045 283.80677278383 179.43825320565156 351.770742068905 128.03195951928865 398.8649127352752 Oyster-Closed 0
178.39157613974385 387.9637437526463 161.93395427601354 344.3959874907775 237.86184354787838 315.72038950053224 254.3199260768415 359.2870434309641 Oyster-Closed 0
294.49405499998466 391.2363169999915 287.86545861186823 314.3179490282211 389.9483440000222 305.52192000000895 396.5791313936461 382.43790379564837 Oyster-Closed 0
311.336390590619 330.49847345767375 322.3040583400398 384.61837682975374 147.16974484473394 420.0925972200972 136.20565066049676 365.9756988529878 Oyster-Closed 0
233.1769410000379 35.13296600000182 243.33573608528968 9.955300459234401 342.2689392062093 49.873166738143794 332.11027046817617 75.0507219100281 Oyster-SemiOpen 0
0 61.329133501633834 64.23796270619277 0 171.12873344137552 122.28256978182293 88.96414124012153 190.35185176412176 Oyster-Closed 0
215.57680618485028 232.52134806721375 153.30390440222982 128.53739028582953 313.20152404824694 32.78269420218733 375.4742570854396 136.76429892966462 Oyster-Closed 0
0.3091553443482553 224.94931567496351 0 186.59093999543575 63.09664817378871 169.8394445043943 72.05377617305203 208.19731580954715 Oyster-Closed 0
