156.60623885731184 189.19025222717403 195.35790050709693 158.69704225147032 288.77718127546905 277.4069998004971 250.0263767255965 307.8992500361671 Oyster-Closed 0
153.53684141140548 214.24803602355937 162.60898544604424 267.4711216887768 13.115999640987866 292.94680423068013 4.045883999999205 239.72552499999802 Oyster-Closed 0
163.90035901402007 266.0736022303878 162.08425987254668 331.9283773170782 4.217638552927383 327.5710519829706 6.036383000020578 261.7190229999843 Oyster-Closed 0
284.1145946471843 360.99506258827876 274.3991385825757 323.20923029520355 342.8410850360997 305.61472780837437 352.5570460427516 343.39976705229765 Oyster-Closed 0
96.86999205581742 345.2266911127329 141.71185462078574 297.64934089116394 213.70102878744729 365.48571401851854 168.86067514947354 413.06159010383175 Oyster-Closed 0
215.91406299652954 402.74732715819323 198.10304700655252 357.4787075293499 270.91439913171416 328.8375222804813 288.7258587014985 374.10499313312954 Oyster-Closed 0
335.40823400002046 405.2219980000232 328.7375567295603 327.8634489251342 414.121293000022 320.5021289999771 420.79389240080855 397.85857854162293 Oyster-Closed 0
344.22264015048495 344.65661080168024 355.6339801400718 400.04806070452855 188.41245986897047 434.4799359859872 177.00475960271797 379.0915511249766 Oyster-Closed 0
225.7127759999712 50.130614999993476 234.8881916868704 25.902439034527653 339.9952696625878 65.70709701788935 330.82002581578126 89.93512341520105 Oyster-SemiOpen 0
0 77.45716968344108 49.05140254084472 7.640609898159628 173.58385369453026 135.70500233956108 101.78749763391534 205.52039751331398 Oyster-Closed 0
229.6849421753359 250.0629396751795 160.0014723775421 141.81802280955625 309.8458907337226 45.358877778945235 379.5289317097631 153.60121302178925 Oyster-Closed 0
4.524010891957005 242.25417547518666 0 202.86138705579071 76.31491656733488 183.5106777465613 85.70579285842177 222.902830767741 Oyster-Closed 0
