174.64538921700296 191.70896040651184 211.85458233156896 163.86411089428873 307.53506473967354 291.7107372011848 270.32670322552076 319.5546276797986 Oyster-Closed 0
177.08100756126078 220.48918053016783 177.93663580248176 274.4519661088652 22.941235642654647 276.90589141546695 22.087457318735687 222.94494680466522 Oyster-Closed 0
184.088674211529 268.7670950789091 175.61841175827794 333.15154802529696 16.040221184324764 312.1567833602141 24.51271399997495 247.77503600002197 Oyster-Closed 0
366.9423267147031 333.9948692012843 367.2400590017969 373.5142756692395 297.25157076110554 374.04020925608313 296.95470584134455 334.52166092834267 Oyster-Closed 0
117.17588339146096 340.5231335976885 161.10742726573153 297.58564539073075 234.55054164328976 372.7136751241507 190.6204018493736 415.64974532782105 Oyster-Closed 0
235.5209566501253 410.7973154698584 221.58770974457366 362.47694942835346 294.26396579477296 341.52563536679594 308.197926069548 389.84478257329107 Oyster-Closed 0
416.0010486804531 416.0000000000001 358.600614999963 416.0000000000001 358.60212665519066 349.3911939999999 416 349.391194 Oyster-Closed 0
365.2884937233175 365.7594262508894 370.19545144588847 414.5165021602986 206.66819202692568 430.9613769430973 201.76425075211228 382.2069533109219 Oyster-Closed 0
241.2220440000201 59.97609599999791 251.85658641310874 37.68445646925945 358.0136916683987 88.32768500287212 347.3793591738977 110.61914391246502 Oyster-SemiOpen 0
0 61.90633548940619 62.841071330291015 0 189.7261649904358 139.00582877687532 119.91948329721345 202.15825526379163 Oyster-Closed 0
243.68034719323987 262.27287814719267 179.24654251441825 143.16617411042003 329.48635251214364 61.89419966997506 393.9203636098646 180.99794189556084 Oyster-Closed 0
20.147010569671693 228.56055770441634 14.715330238919705 187.71532363307318 97.52036155562382 176.704324335828 102.95254775234935 217.54893280394154 Oyster-Closed 0
