168.03782644810417 203.3998961410641 194.90263755257183 190.4564177358956 240.21892021188614 284.50334213125683 213.35429379097332 297.44652503996195 Oyster-SemiOpen 0
53.35752776930167 258.80123831542846 52.49730590734907 222.05031390939828 162.3194032590145 219.47899291606586 163.18045296758282 256.2290833037039 Oyster-Closed 0
386.58553297160324 243.81453260191205 390.66536349370654 287.8891168622118 289.2406422020431 297.27452425506516 285.16196501341255 253.20099789224594 Oyster-Closed 0
166.60346328306332 251.86086911370919 160.18251019905074 298.83735462528585 37.17690831167056 282.0244075877493 43.5990044896389 235.04933534070307 Oyster-Closed 0
0 240.921704 49.476755 240.921704 49.476755 306.563161 0 306.563161 Oyster-Open 0
413.97234401442256 74.52736533695116 398.7280092987821 74.08380288103702 399.705161989099 40.5024464171667 414.9494400000367 40.94600800000051 Oyster-Closed 0
279.88080662093125 309.17409018603547 272.8434966560271 336.8700375273228 226.70432446156337 325.1480601050357 233.74187494116268 297.45247780916367 Oyster-Closed 0
396.81563908725 317.2507607544655 397.2934101868632 343.44284185640254 308.24545661987213 345.06523074781114 307.7683750000033 318.87381999999616 Oyster-SemiOpen 0
115.7242416223744 298.35878255988496 152.57598965705984 276.29721881673754 187.12710605873872 334.0022414153132 150.27567312104657 356.06339108688337 Oyster-Closed 0
187.22444781781087 343.2700233779355 186.63977570479983 312.42450618812245 230.23441478891255 311.5982563940132 230.8194669353761 342.44338553359125 Oyster-Closed 0
1.6416214294622478 366.21355718214335 0 307.3536847675414 111.26516454546436 281.1371853855896 123.89113262093451 339.9949622618405 Oyster-Closed 0
387.115302723545 322.6496322831689 406.6133581142749 352.52749935935276 323.39194223717277 406.82282513007095 303.89496199998393 376.94590799998053 Oyster-Closed 0
212.85357139768894 275.12209446414465 294.7617953149711 322.0217293006766 223.2227957719624 446.932017022837 141.31607722963236 400.0345034096789 Oyster-Closed 0
136.75117566679546 376.3141951529582 104.57698929457183 422.0191827869519 33.31264428000577 371.8635807171388 65.48644636593599 326.15990838534753 Oyster-Closed 0
257.63518256448515 80.42360476815382 305.8842094720858 15.411933549547758 381.014010747047 71.16994498539921 332.7654460570484 136.18119185202474 Oyster-Closed 0
264.3004828022749 8.065553192598028 262.2765939826677 25.816710593898552 205.83478478292454 19.381503060481904 207.85868374661004 1.6303558337308521 Oyster-SemiOpen 0
303.7345856817774 99.19940750991822 311.27646876207655 126.22027483994633 266.45472014818733 138.73014732717704 258.9129920000014 111.70941400001429 Oyster-SemiOpen 0
67.92692193919356 154.6079784864624 61.92742947169609 65.20474107023053 169.34759855765515 57.99638054439278 175.34792682846455 147.3986416224792 Oyster-Closed 0
341.6370161060113 162.44311475671742 327.64184151117297 127.97718324004916 385.78377357123827 104.3688657029711 399.7790414698793 138.83454082600758 Oyster-Closed 0
211.31352800000604 125.19237700001577 220.63332181447913 106.73032230458365 305.6443748806705 149.6431142092564 296.3248345613174 168.10495182252717 Oyster-SemiOpen 0
410.1862804668308 204.65472093659253 365.0994742401417 203.34289256666517 366.9853326035118 138.5497859465974 412.0712681544828 139.86160174787975 Oyster-Closed 0
169.76225250049538 201.7765971067956 98.62581273102842 214.51894154079207 76.95060731050762 93.51304156953691 148.08483311118835 80.77090018657053 Oyster-Closed 0
215.55185245785833 2.508159181128372 215.2277209424392 30.365182890661842 148.42658583504817 29.58787457480532 148.7507410534672 1.7308724745033008 Oyster-Closed 0
376.8859715806029 198.46950244078306 359.84693282808075 217.58039740362491 306.2883879271685 169.83084196549208 323.32725399999254 150.7201749999896 Oyster-Closed 0
285.2052231971684 130.51404635110822 314.40391547333275 209.75582341156758 203.81960484507363 250.4988012000099 174.62273239122806 171.25855321498284 Oyster-Closed 0
36.14143589993546 205.30855942344027 51.97244757436056 161.3733358671493 125.74378121249538 187.9533301996617 109.91347420359307 231.88795515693863 Oyster-Closed 0
