159.81873103309772 192.3517622506078 185.6237915677484 174.02927680694359 242.11461437098114 253.58337830569218 216.30984595145856 271.9055075898064 Oyster-SemiOpen 0
55.44340146146351 273.94484000874667 46.098006054238795 239.68600206589778 154.05637066685085 210.2383036779952 163.402277183126 244.4963426048874 Oyster-Closed 0
381.66436123316817 177.84369826570017 395.439041908885 217.99691260946113 295.19613324835154 252.38124513918544 281.42239650751435 212.22882925632578 Oyster-Closed 0
162.5508289354584 240.12505930418328 167.8644018699597 286.4941591453678 42.05639868769504 300.90663226062605 36.744366995470045 254.538963034284 Oyster-Closed 0
0 270.88568 51.59688 270.88568 51.59688 336.030694 0 336.030694 Oyster-Open 0
236.78574769599436 297.2188148506853 233.86794480619938 269.53610990472043 282.9632210132222 264.3619764735275 285.8813199323158 292.04434281798893 Oyster-Closed 0
397.99180699036515 247.04712194172248 404.5366015190848 271.50633875096133 319.88852562052125 294.1523331826877 313.3443210000005 269.6936189999792 Oyster-SemiOpen 0
194.17823543930353 318.60190222436927 157.04660155897 346.12472827832244 120.08884717265755 296.27193241623536 157.2196426645569 268.7495629780965 Oyster-Closed 0
196.65198501889608 323.12095402344596 188.92500137498791 294.3232754320823 234.08397336602138 282.20808697649426 241.8111821674065 311.00540663621223 Oyster-Closed 0
5.5872823308709485 395.5371772277663 0 343.84199992475027 108.92271134245675 283.86891650866824 133.2189277225043 335.561956799731 Oyster-Closed 0
390.28227018005055 256.11651903702983 413.3722974654411 280.1722173387863 339.66695958406126 350.9064775326063 316.57759499999884 326.85143499999384 Oyster-Closed 0
216.58616298546258 243.13378238950708 300.3628415564999 276.9775758830339 241.6989001298898 422.166048828392 157.92304001662342 388.32379553267697 Oyster-Closed 0
53.92674760593218 409.42180562639885 49.75017493748601 358.253552876686 139.86175432870004 350.89937252409237 144.0397326496386 402.066089992661 Oyster-Closed 0
235.69740605406332 52.01079784004188 269.29254211945954 0 354.1676713051238 10.983146111104308 320.57278453644176 88.69998443006338 Oyster-Closed 0
281.1300852991553 58.85417822494553 293.6993703407461 82.1835296830799 251.93836587418627 104.68298166844959 239.36917500002892 81.35371100000702 Oyster-SemiOpen 0
57.69898463656864 169.22386549606807 31.66162683452785 87.09690847490276 138.4065093986792 53.25550093371042 164.44432840831723 135.3814742951791 Oyster-Closed 0
328.6935281025144 109.42486287133008 309.1117095349655 80.51577946235845 363.91901198866617 43.39198327245397 383.50080075289225 72.30093636362058 Oyster-Closed 0
193.59287899990886 106.22093100000117 198.29396881604407 85.51250816017097 288.2308940347939 105.92882267206971 283.53001273214977 126.63706065512015 Oyster-SemiOpen 0
400.48098635736824 133.94190261521072 353.94972319716544 136.52198210393664 350.493528106359 74.18599108961664 397.0242673865032 71.60592601572863 Oyster-Closed 0
162.55908382583584 193.7511765166884 91.05647986528857 217.031607079828 54.34320098612443 104.27402662947581 125.84373538279397 80.99396226983941 Oyster-Closed 0
178.86706299999423 0 178.8670682212687 20.86641039226523 116.50920117793794 20.86640481249096 116.5092065786921 3.6593839624826944e-7 Oyster-Closed 0
367.0906313536216 135.78828844656206 353.9826300531895 159.3654762437184 295.2009557270576 126.68588940115886 308.30896099997335 103.10888800001493 Oyster-Closed 0
203.5065483221697 228.97457904410456 159.4642142775374 163.22878758716297 264.19481046645524 93.0744225867802 308.2368668009185 158.819015883442 Oyster-Closed 0
32.72831835904435 227.62097671172285 37.263397618611634 180.6077460369565 112.27490973169552 187.84298586256523 107.74053239191926 234.85556448320452 Oyster-Closed 0
