168.47746567921422 201.61582866392064 195.97453544070595 190.12215523295677 236.25921710491093 286.4884435928326 208.76229407357096 297.98185412632995 Oyster-SemiOpen 0
51.164144266855146 251.00410731210374 52.22944795144576 214.22492463181442 161.9350506286355 217.40128657947986 160.8705997032448 254.17965211321575 Oyster-Closed 0
384.412312485867 253.46057406621534 386.1870433034637 297.7280099179815 284.5015515738014 301.80218468133694 282.7279630494304 257.53583729255047 Oyster-Closed 0
164.52272871518653 249.9941989908219 155.63088262711244 296.6082449453872 33.79182487415892 273.3676946734041 42.68467236745346 226.75502459911954 Oyster-Closed 0
0 230.78767800000003 46.038392 230.78767800000003 46.038392 294.821161 0 294.821161 Oyster-Open 0
274.5360649533359 313.2081529610784 266.0391418308682 340.51528966698396 220.62769979762015 326.3870945895918 229.12482497784367 299.0803204179158 Oyster-Closed 0
390.77664956208537 327.39839703047375 389.881820435181 353.60352231987247 300.95228207611945 350.5657983701294 301.8477799999928 324.36135899997777 Oyster-SemiOpen 0
111.31154458262972 293.7975789393648 149.26590585876693 273.7341800039372 180.7121095712755 333.212176580896 142.7580086676171 353.2752022418963 Oyster-Closed 0
180.30172757735272 342.43891231355224 181.33352630029913 311.5768802727603 224.87186470927554 313.0321413988729 223.84046613654573 343.8937852171466 Oyster-Closed 0
0.6046589518955443 354.5911282627243 0 295.1041747565278 107.7330395775316 276.3657730673575 117.28897400212372 335.8507625936507 Oyster-Closed 0
380.7994994791552 332.2966604515778 398.73948610525986 363.15161326677776 312.881244147844 413.0581865414194 294.9424119999567 382.2042349999868 Oyster-Closed 0
209.3677149866271 275.77635340578814 288.7155712422391 326.81263306620383 210.86037807777757 447.82729084665704 131.51429828545588 396.79332978490453 Oyster-Closed 0
128.2352129394858 372.84407249272226 93.66475322694896 416.7844833174912 25.229630205678404 362.9543427058116 59.79948391312428 319.015174443737 Oyster-Closed 0
264.29098179210996 83.37700824763434 315.9441349327826 21.0108954867497 387.9285341232644 80.62977788334342 336.27584631902573 142.99545167924975 Oyster-Closed 0
274.7538801450246 11.420630278486207 271.7968648677597 29.056397571351575 215.43603592057843 19.60626673276089 218.39306190329808 1.9705106012795066 Oyster-SemiOpen 0
309.3068071439084 104.5805214138109 315.44112095097444 131.97818873983067 270.0857885989535 142.13276645221987 263.951634999994 114.73523999998449 Oyster-SemiOpen 0
71.16160276045412 147.6207023007546 69.84060516053432 57.94462741404396 177.39398417101256 56.36036144731433 178.71584162017098 146.03549808469518 Oyster-Closed 0
343.85170120195835 169.76685089901633 331.64993490638153 134.59937788825968 390.88811454730603 114.04665867726862 403.09001421009816 149.21385373394628 Oyster-Closed 0
215.7548869999555 125.72138400001695 226.0471371584972 107.77091804393015 308.61702258935475 155.11233336346163 298.32502125227256 173.0625843312788 Oyster-SemiOpen 0
409.8707351430312 215.49945065913818 367.71761589157904 214.27298688354975 369.6116438510944 149.1994945370149 411.7638876160636 150.4259456089745 Oyster-Closed 0
170.29066758972112 200.11555011246006 98.64432090683476 209.08847307024732 83.3540687492241 86.99722574478453 154.99821937317392 78.02444181983468 Oyster-Closed 0
226.02339283722176 2.630006169282103 225.71045656537535 29.524865515026004 159.29991814912864 28.752103589353336 159.61287660849484 1.8572637841355812 Oyster-Closed 0
377.1210648221495 207.63743831893825 359.08706934170186 225.81514823528323 308.1423034335676 175.27615622887808 326.17607400000634 157.09867200001406 Oyster-Closed 0
289.1551921515711 134.92067503319214 314.22986724372095 215.62549447612113 201.7442409116884 250.56990881872508 176.67143299815143 169.86666219225356 Oyster-Closed 0
36.75341615434445 196.62052856600198 54.900948016002076 153.55571151610556 127.12985916366233 183.9911723119488 108.98299586784924 227.05542201509118 Oyster-Closed 0
