10.332177177031554 343.49073204205723 4.047665052908997 238.00347693701175 76.45741459602868 233.6903555811667 82.74373821839617 339.175702843454 Oyster-Closed 0
238.77033747259702 291.66654816287524 279.12365821927233 265.2302407272811 322.34049724719443 331.1877910744238 281.9876441241249 357.62352391592077 Oyster-Closed 0
182.0639160216051 356.21708813650923 144.44933719318578 370.2937569727125 118.78614804339304 301.72994851185035 156.39930931917843 287.65357105688474 Oyster-Closed 0
306.6008929121708 330.6470280487431 358.0585703085817 357.19401535999407 336.2989774645357 399.36183546702375 284.8415702152233 372.81525192738894 Oyster-Closed 0
299.6561638614294 369.13803899797267 244.53827638397343 406.36958822996144 195.693261624554 334.07304462819513 250.80899709528603 296.84249647196907 Oyster-Closed 0
131.49590676472872 363.7306864588886 151.96627915807403 317.1631140533775 231.51532019918523 352.123757297597 211.04644616784208 398.6900580160189 Oyster-Closed 0
240.5380079999959 416.0000000000118 240.53936063887159 375.38926317573987 301.1534248263415 375.3910602405619 301.1529318750545 416.0009381511072 Oyster-Closed 0
300.7831690000057 415.9999999999982 300.7840261763449 392.51540375181764 371.11962134743953 392.5175281338382 371.1193524508817 416.00153072463746 Oyster-Closed 0
411.16765533859507 49.934075755347294 433.7416087667589 57.75809734665425 401.5785733475823 150.55373120940993 379.0046480000201 142.72977700000718 Oyster-Closed 0
170.88426717168477 80.00827307422391 143.4431637275411 135.01166072933603 63.373931277601514 95.06543151048994 90.81509388444465 40.062437382257535 Oyster-Closed 0
301.35499229643756 85.60362640997646 276.5392454611974 155.63072831180045 197.12244174168882 127.48759411618477 221.93845236874404 57.46104608734946 Oyster-Closed 0
342.8617972565771 155.57756619238995 301.3328367870272 165.56359710473723 280.85605435852267 80.40736834256396 322.38425600002665 70.42143499999698 Oyster-Closed 0
335.2200137986183 81.5237931013244 368.2688464894163 79.90854439273657 373.79138746993704 192.89937391006666 340.74255738488137 194.51459999854765 Oyster-Closed 0
56.36938106561138 82.75620271481627 104.70199009598582 102.81388703485015 60.23506846595046 209.96077597626 11.902626781251456 189.90340361537287 Oyster-Closed 0
235.5418915809605 191.95648846503505 246.91869046644206 127.44153395313148 315.2993240331125 139.49943413349712 303.9232582845434 204.0137499478965 Oyster-Closed 0
382.76189133655134 225.95335744091506 347.9143707609328 209.14856758302062 386.3622507441178 129.42655969936516 421.2089383424609 146.2311093692518 Oyster-SemiOpen 0
241.53454582641643 225.78186027916448 177.07494237236097 250.98211022153924 137.4245151620562 149.56498040097932 201.8821094741288 124.36516417808221 Oyster-Closed 0
399.01006257486733 261.5278503584533 368.4249999666172 259.5364236614457 371.5006471612578 212.30908871526998 402.08509399996547 214.30049499999888 Oyster-Closed 0
223.01095203759905 58.70138381900638 154.72538276976775 54.43969499434722 157.56391225090192 8.959347130118118 225.84932496676265 13.221031587010259 Oyster-Closed 0
221.15559243453754 209.43891714782535 253.86019271275654 215.75347811912917 234.17916579519442 317.6742397150906 201.47460583331485 311.35983282721 Oyster-Closed 0
