35.639977935814386 370.0898407976402 12.375313112108415 267.1024211078972 83.10647283703656 251.12717459693704 106.37256720380174 354.1125885379084 Oyster-Closed 0
252.70133214235466 282.0853332880678 287.9665829892838 249.38452691249287 341.65350397052316 307.27368083574476 306.3889150203613 339.9738112621499 Oyster-Closed 0
207.47451721140897 354.7077878280505 172.82589105932857 374.85660944049476 135.89205728727757 311.3552719087909 170.53953027221723 291.2068742660788 Oyster-Closed 0
326.1172451192688 309.41533935569316 381.4071578597359 327.0828420988434 367.0063423238389 372.1405151063057 311.7165412147697 354.47326266909687 Oyster-Closed 0
325.71363810323965 348.39655629600156 277.73207300592185 394.15971272117184 217.3533307289399 330.8656077428521 265.33356541075045 285.10364232188954 Oyster-Closed 0
158.77279053616076 370.31846878199184 171.31084411884876 321.1926988224653 255.66598781738503 342.71698256203666 243.12948980919464 391.8414173496892 Oyster-Closed 0
344.38098560872095 373.2530412863821 329.7934173934227 430.66240031230933 272.07845900000393 415.99999999999983 286.6668048464344 358.59180691333535 Oyster-Closed 0
395.8229802635942 368.22594942511705 396.7241348615935 413.6583768758823 333.8178826865187 414.90443527353176 332.91773122828454 369.4729788710447 Oyster-Closed 0
381.6351165677406 19.414234917186544 406.0762611237951 23.504728056748906 390.4722972550808 116.73951506934087 366.03115599998637 112.64904399999884 Oyster-Closed 0
150.16086223411912 84.63980343361804 132.16086980771433 143.19313362769623 46.36502741352524 116.81845843092714 64.36527663435481 58.26560867793001 Oyster-Closed 0
279.9819274820111 69.01874803722889 266.96121596994635 141.93382368126987 183.79277566354722 127.08186240116251 196.8139021974348 54.16732065301788 Oyster-Closed 0
332.50532783370363 131.1316573105734 293.2969462345027 147.93560152931326 258.7953872664257 67.43453155402827 298.00321300001815 50.63072599999959 Oyster-Closed 0
312.5459692970253 59.523574358164836 344.8492172932056 52.37376056699228 369.2823626502759 162.7620563215436 336.9791439213441 169.9117881732778 Oyster-Closed 0
37.49730259322314 105.94179169626139 88.61026214267986 117.68657300266273 62.70592445851071 230.4160743329457 11.59303251084566 218.6715021023816 Oyster-Closed 0
232.60532712523127 184.35777104947434 233.35073059677597 118.99998384463602 302.7462016279678 119.79132555366834 302.00140989237843 185.14852362196714 Oyster-Closed 0
383.7296140286089 193.9289347817493 346.48293123449184 183.13140974359428 371.0434554739659 98.4137794139117 408.2893362267205 109.21117987657942 Oyster-SemiOpen 0
244.1736403259165 216.493565541631 184.98089134017573 252.0774978536061 128.76480774669108 158.56858843219345 187.9559624558715 122.98527291227435 Oyster-Closed 0
405.7222594776722 226.33220262604456 375.2188590724254 229.50936186767194 370.3277954171572 182.55226205534908 400.8306679999878 179.37513100000177 Oyster-Closed 0
193.58421768291737 10.12718235292255 197.54383028602024 55.42179486449322 128.0938285844568 61.49292027529979 124.13432300000568 16.19841800002184 Oyster-Closed 0
221.4323763442917 203.95467530856507 254.77668359303425 204.69862528482372 252.46624672304824 308.2426696495427 219.12193979552467 307.4987373265983 Oyster-Closed 0
