73.19608908472946 319.3244134206279 2.1149483030712872 324.2470242031167 0 219.67854888176598 65.9516548538486 214.75605707039313 Oyster-Closed 0
228.22822239827292 267.58168288532755 272.34229257204424 242.88657256557008 309.2967133671591 308.8914035984001 265.1829936372378 333.58603759185877 Oyster-Closed 0
166.43378183092136 335.23341616549425 126.58988549029891 346.2097045109041 108.47943062518607 280.4774593950149 148.32195695221162 269.50136870942947 Oyster-Closed 0
292.91431634845867 306.3314468846993 339.7644045126908 334.7818616591603 314.147647422451 376.956718859915 267.29787680663503 348.50672492355915 Oyster-Closed 0
282.6740473933678 346.6152446009261 222.34024771910845 381.64046446659006 180.65260417225363 309.8417712493122 240.9841293101199 274.81738996045135 Oyster-Closed 0
116.88085337915618 343.6250008195537 138.3487016498475 295.19353069285523 214.76132105712531 329.0577313345819 193.29488151694386 377.48800532136875 Oyster-Closed 0
212.2511643515718 404.5327059713498 209.89411125308106 353.9175423095311 279.9756981913597 350.6544855435864 282.3338783828731 401.2684700584297 Oyster-Closed 0
277.68604090599183 401.48494480967634 276.1848978203343 369.2402866182611 349.87526662876917 365.81031875062564 351.37717349918603 398.05415415990717 Oyster-Closed 0
409.54796492715104 58.23938012507597 424.75057536094755 64.95094744061606 398.46988115733984 124.47947822087642 383.2672899999925 117.76794500000136 Oyster-Closed 0
180.49449152111265 57.75296189269656 151.36336429157018 115.01723104959099 77.03351248462423 77.2046570300831 106.16467880876735 19.940681832278038 Oyster-Closed 0
230.95423086135634 34.50519534940098 306.3432679151847 57.09559023627348 284.08208464174095 131.38509853278038 208.69309919491934 108.79483215410237 Oyster-Closed 0
346.1827194822836 132.2453388307186 303.22579273089286 138.30402080142545 291.1346158596607 52.57488705399414 334.0909009999814 46.51625300000107 Oyster-Closed 0
345.8015012759388 56.605376111938526 378.6459344040777 58.259891721193945 372.99927795801705 170.35165961044592 340.15484515218486 168.6971630182564 Oyster-Closed 0
68.90634558695092 62.14258390227167 113.28887000924078 84.71430722612929 58.78072295601669 191.8897762643872 14.398395518710458 169.31836962973446 Oyster-Closed 0
237.5167784605619 169.74669130494487 248.20162660350616 103.95666849052783 317.8700218376689 115.27097924704177 307.1858222939627 181.06043585611835 Oyster-Closed 0
378.18763414157365 201.86595772121126 346.3813785364 183.59691510514884 390.65826562807706 106.51557781285678 422.46386618972247 124.78437718414521 Oyster-SemiOpen 0
144.33214248844524 126.58140165983517 214.61609100428177 111.12529519740767 236.47323604082703 210.51291993280603 166.18937009992806 225.96879525857634 Oyster-Closed 0
391.3145089060272 236.82831938311148 361.6367139715112 232.0006227338738 369.43222730580237 184.08427654175225 399.1094906299113 188.9119286316147 Oyster-Closed 0
242.27143699999579 0 242.2714503232055 35.886416885726824 183.9890941612648 35.88639781555521 183.98911199998474 0 Oyster-Closed 0
219.9190098213512 186.18376040014718 250.8865214315265 195.17325298494495 221.27205357946514 297.1807169811984 190.30462195272048 288.19143005526547 Oyster-Closed 0
