99.93496721594056 152.53878289840446 274.04419795724607 0 394.27001480355466 137.0798798410625 220.16381276338507 289.69199339821705 Oyster-SemiOpen 0
397.1581414887187 374.36074732551424 273.37046187194574 456.0055091275545 148.4008666472073 266.5568828252989 272.1760764825776 184.91779815634513 Oyster-SemiOpen 0
0 198.570164 153.028634 198.570164 153.028634 399.509978 0 399.509978 Oyster-SemiOpen 0
0 209.5864629605415 70.49319016465961 139.97897247525012 238.22278295178694 340.8694157614686 154.84981096321644 410.4725163516972 Oyster-SemiOpen 0
0 78.26170307304893 43.92405602818326 45.26098764776168 114.52928982004596 157.16426533150712 62.22531127416369 190.16451437672575 Oyster-SemiOpen 0
0 100.863461 51.067687 100.863461 51.067687 201.387351 0 201.387351 Oyster-Closed 0
409.1661335432909 229.26628994883845 370.1221527562593 242.71045370138475 329.6972713110299 125.31530619919468 368.7398327922965 111.87141139312854 Oyster-Closed 0
299.16583624769555 244.77965258473523 367.7999402020432 190.53382589232578 446.3566761790171 289.91734898756505 377.7240945237281 344.16154319697665 Oyster-Closed 0
401.82089100590747 216.2144085059906 365.02852845308007 213.42654522098286 373.46531206042346 102.09601147239029 410.25665299998946 104.88383899999988 Oyster-Closed 0
418.33058363742384 53.87326004754916 409.8268938893707 97.59007136904668 322.9512995735495 80.69107472660329 331.4551618276382 36.974514499935815 Oyster-Closed 0
259.2816515315644 42.00394768605635 262.8557857191263 23.6302063470672 351.3023649999668 40.83505800000463 347.728299801558 59.20873851195031 Oyster-Closed 0
86.56160909210303 9.879523568446716 165.88601341771573 0 188.83470787440092 150.42501793286868 109.51033267306775 162.36308863153855 Oyster-Closed 0
80.95755860715144 5.661081016011699 78.83196121591027 36.058865139755 20.880666439999914 32.00651793918161 23.00629077854319 1.6087568765173599 Oyster-Closed 0
121.19597456799966 160.11557534023257 77.82329692666463 168.42491713894003 55.15988760122491 50.12773907105319 98.5316644648592 41.818483152855144 Oyster-Closed 0
125.8833230000455 416.0000000000022 125.88426381136378 401.1303151556092 237.396933775879 401.13521316565783 237.39658990136377 416.0043063536052 Oyster-Closed 0
368.6336997430517 394.67906539465184 376.5310723263101 410.8557718193604 339.1421458213408 429.1030072350961 331.245058027318 412.926543024999 Oyster-Closed 0
175.22901995795473 330.3316666451013 234.37290654699245 339.1251252047308 222.72356876968843 417.4585723211248 163.57972900801178 408.6653440190598 Oyster-Closed 0
