398.97607935666383 277.1057570117965 296.8487307608011 287.8271461408451 286.6747567702805 190.905756077863 388.79801385441897 180.18458446578464 Oyster-SemiOpen 0
148.5835293318778 179.3009491381208 171.71051908548543 130.1493483849017 268.1946680145302 175.5450127182161 245.0686428914414 224.6957913146425 Oyster-SemiOpen 0
322.39561083211083 185.45406152196045 307.86580130810034 197.36385141145803 275.4017912357813 157.76007063316698 289.9314585915454 145.85037348244856 Oyster-SemiOpen 0
283.3379183375655 148.2347242358439 290.5894436382041 112.70604333031925 373.2282492724771 129.57217621271633 365.97714530297526 165.1004867374937 Oyster-SemiOpen 0
416.0064623307153 410.534792 319.0482937540728 410.534792 319.05212744514574 228.03582 416 228.03582 Oyster-SemiOpen 0
320.6409538867629 372.41211733766124 255.04565920099776 345.1744950189294 290.5275676290403 259.74431510301434 356.11992466893935 286.98125092252434 Oyster-SemiOpen 0
275.43980157218175 278.2028671849145 315.94099731892857 335.42067491941754 219.25144513951454 403.84520690551403 178.75248517956788 346.6293992635703 Oyster-SemiOpen 0
416.0003775090554 238.231677 383.8759613555885 238.231677 383.87633629607444 173.10448900000003 416 173.10448900000003 Oyster-Closed 0
184.5999080847978 193.9739306236146 294.3321229038229 221.03135195271597 261.9845681911793 352.2017308602383 152.25269193950953 325.145180584622 Oyster-Closed 0
153.9459656330764 339.6213545089937 51.39383170691144 304.6445171828213 96.07345647750117 173.67079856128348 198.61941857848433 208.64646208854052 Oyster-Closed 0
97.69718119101162 100.51683370354941 169.37363950324288 168.47265729809118 88.3262266576312 253.95160397338293 16.650980627095123 185.9970168587946 Oyster-Closed 0
95.96448438502921 407.989097632694 98.61733709350301 332.0100214828966 199.62346793540564 335.53566709632815 196.9732095284926 411.5122120270471 Oyster-Closed 0
74.5303823727736 356.64166034493616 7.121175271480752 350.8248733364265 18.527610172473942 218.68992749317988 85.93229378035903 224.5065175169921 Oyster-Closed 0
112.98004393657175 75.23423836288649 118.34675062660972 41.46231616404516 193.6461434311277 53.42803310890798 188.27960299172628 87.19980304106338 Oyster-Closed 0
93.71259266199922 412.65470132465254 47.85596822660955 390.48369892633616 86.26733203297044 311.0586770128769 132.12179871062472 333.22906354155026 Oyster-Closed 0
17.98564279450875 405.2709751632346 19.461052263293823 362.9859880502668 71.73950645606237 364.80953722618517 70.26486949763421 407.0937771915775 Oyster-Closed 0
264.1439710000086 411.7698990000226 263.63103392904304 382.33512118456883 323.80506060168045 381.2863798788855 324.31860557166146 410.7205437786647 Oyster-Closed 0
282.5698652223182 116.52575555659195 254.35467274132316 150.07969659823186 179.16017423836092 86.85018280848713 207.3751813629533 53.296538660585895 Oyster-Closed 0
198.87745600001654 411.57635000002153 199.57998561926433 391.43720781491834 251.08239050951306 393.233138721502 250.38024136955573 413.3719089517874 Oyster-Closed 0
326.0045887657798 131.64555133384866 255.45319826036575 107.74832071650658 274.07199844225397 52.78207783491144 344.62279889650017 76.67920242584267 Oyster-Closed 0
371.1014108944255 125.78087246662838 406.8014048648547 133.4007437665406 390.5721842567982 209.43308618295606 354.8722162674603 201.81330140926372 Oyster-Closed 0
33.88073153631194 80.49955039469398 73.35266700012289 21.51883970210995 130.28101664730275 59.61708326462165 90.80935266285451 118.59755335867999 Oyster-Closed 0
217.03990186783994 45.64267432828028 251.99599391102674 0 299.21009294338364 26.916539512600682 264.2541211418429 77.96988182467652 Oyster-Closed 0
293.3675240981429 57.46143933650948 322.6012773715156 1.9812569520336116 388.59959267189333 36.75717412009752 359.366029750654 92.23719429542075 Oyster-SemiOpen 0
390.833157 10.539512 416 10.539512 416 57.705848 390.833157 57.705848 Oyster-Closed 0
395.7617362967503 100.50248717456238 416.00000437594645 100.5024890000004 415.9999990791912 159.22486382542556 395.76173099999505 159.224862 Oyster-Closed 0
395.2689201837602 157.12899483181045 357.4562904403974 143.87991997697767 382.80957575615685 71.52462061303895 420.6217494440534 84.77361549928375 Oyster-Closed 0
370.6260491100438 142.4119875695692 338.551574540219 138.36832225930453 347.3730413775811 68.39992690748267 379.44707968620787 72.44356345968625 Oyster-Open 0
196.3701012478232 141.28853558429876 247.949901410826 87.82691334713898 328.00339579876527 165.0601244611438 276.4244222763882 218.5209314517406 Oyster-Closed 0
324.68884941457145 20.550150413090815 330.799950207238 0 387.5961588051505 5.861225066046311 381.4850792364887 33.2313603475104 Oyster-Closed 0
165.06058262233637 81.03339293050148 217.95354704725833 91.51120981959966 202.56245758622754 169.20482725507273 149.6695137915376 158.72710187182065 Oyster-Closed 0
142.75175835116897 139.5388765014089 92.7723988100588 126.81426957097531 105.87162825179621 75.36585306584156 155.8504722235848 88.09038805160262 Oyster-Closed 0
15.326857145475515 268.2154447493594 0 248.2440024618265 29.087524793299963 185.2366282361674 58.3426455345616 205.20777601548542 Oyster-Closed 0
129.04917492272943 4.514416704632526 175.7047869826347 0 181.82691570143288 55.58727260574358 135.17130450449622 60.673387480792314 Oyster-SemiOpen 0
134.96747280624186 44.69353355277805 112.49008187982326 57.21797274707242 95.54179761741398 26.801230051867762 118.0191464559648 14.276805963362644 Oyster-Closed 0
246.3606144746118 68.79031621328208 225.64895458610408 80.34685546572877 201.14630466057497 36.43332874937251 221.8578874298073 24.876816619318383 Oyster-Closed 0
298.4603201983955 152.39428244442163 322.71859758396386 139.96727609970233 333.7955015243242 161.58920963385177 309.53725223624133 174.0161743250487 Oyster-Open 0
