108.64273053640136 139.13556148397942 277.00317737485966 0 401.6461784951207 98.2640005205116 233.28847710116315 264.9929136888983 Oyster-SemiOpen 0
413.4585345227897 334.76008146975346 291.566613134677 424.883255206832 160.85080117113466 248.11004479312265 282.73261362273115 157.9924094911423 Oyster-SemiOpen 0
0 189.272944 167.798573 189.272944 167.798573 390.570938 0 390.570938 Oyster-SemiOpen 0
0 217.83351227440104 70.92371278152496 129.45255606566494 255.83921739825382 302.32187745958606 173.214468344333 390.69767271635266 Oyster-SemiOpen 0
0 74.46372135063723 49.49608571549106 37.977542010657885 123.88735358452323 143.19667502912407 72.28078182638637 179.6823911665635 Oyster-SemiOpen 0
11.35769825891839 96.16103188226094 68.82715879045645 105.52912681085611 49.55806775694873 223.73256817814084 0 214.36462854870285 Oyster-Closed 0
419.78794789439416 188.85138705981043 380.76141854079106 204.16098083386456 336.3429024171164 90.93431378691993 375.36835453521417 75.62495880610163 Oyster-Closed 0
310.51781014254084 213.51158479260923 377.37962081955993 154.04200473111888 459.1686514489156 245.99130413381442 392.30832800776625 305.4593814375904 Oyster-Closed 0
411.5830435327298 175.25682825087335 376.8423065713105 174.44824312475745 379.38575720837616 65.18756707187711 414.1258019999841 65.99614499999988 Oyster-Closed 0
418.4121853137767 12.983940521311997 413.7045478886321 57.41026765765859 329.8108269414479 48.52033253996326 334.518557002797 4.094114728874131 Oyster-Closed 0
355.4182743707024 6.308717064299054 353.43968755415335 24.980633702958414 267.0333869683345 15.824459353767784 269.0119880177881 0 Oyster-Closed 0
91.161488773585 2.6471357272252414 170.54877079039215 0 197.91186074280267 132.8483116843615 118.52461688791664 147.8123207953174 Oyster-Closed 0
26.475456 0 82.775767 0 82.775767 25.869861 26.475456 25.869861 Oyster-Closed 0
130.381570679805 145.8502660883673 86.9667165419778 155.88338216076963 60.21885498851407 40.14152858966503 103.6329381651849 30.108501762000596 Oyster-Closed 0
266.1314103998229 383.61796965510996 265.0952960557988 412.19437215419885 128.10748288897594 407.22510257670206 129.14490793638834 378.65007132287604 Oyster-Closed 0
378.8671525281716 404.03166049276393 344.8238783431261 398.48343160638916 352.53553608984294 351.18169377043193 386.5777343403388 356.72983252342226 Oyster-Closed 0
189.98314541212312 309.0800288392871 248.91333761634814 315.7188350742522 240.15780636549607 393.42206275689705 181.22763845061854 386.7834178314812 Oyster-Closed 0
