403.1398117838289 292.7341240909553 304.31345252132087 311.6071254219964 285.31145294741873 212.10636827575098 384.13342792181356 193.2338007592663 Oyster-SemiOpen 0
146.59439019461206 198.09029014134157 168.57850835132922 150.4777730802855 266.6500229034973 195.75730450132625 244.66695641700062 243.36892612656678 Oyster-SemiOpen 0
320.02261126643134 205.38810410622753 306.69568418528434 217.31382298616035 270.98946145015725 177.41476508024726 284.316249231706 165.48915443255615 Oyster-SemiOpen 0
276.0637691400225 167.46033939969317 283.33188968600007 132.54482022666517 367.72501633030333 150.11137102373695 360.457379774587 185.02646578395607 Oyster-SemiOpen 0
332.030684940466 415.9999459008501 332.03693223337905 249.10053033657812 416.0020810148235 249.1055291289531 415.9999999945612 416.00055262883495 Oyster-SemiOpen 0
334.7526075620117 392.399618096659 265.5405540207794 369.90150495041746 294.5331171959224 280.7344750567634 363.7416606569859 303.2319764091831 Oyster-SemiOpen 0
281.5922810267075 298.0385572442042 325.73209757946825 356.45090748821235 235.71754462043828 424.45320358525794 191.5799941800651 366.04291397821714 Oyster-SemiOpen 0
416.00044004583106 258.741846 382.7961526001891 258.741846 382.7965719118838 193.33450000000002 416 193.33450000000002 Oyster-Closed 0
183.04271271069229 218.7598240114276 295.9584423183369 236.53448893968573 276.1244810899225 362.51485521850043 163.20890067260189 344.74076600953066 Oyster-Closed 0
166.76271850249032 356.7363593076455 59.65966866663803 329.8223873289035 92.87725960940224 197.66909958312888 199.9732655183543 224.58212507493283 Oyster-Closed 0
88.4417007052507 120.13084728681606 166.77704251745672 187.25469967247085 93.96071312307322 272.22644107028844 15.626571047097968 205.10387324357256 Oyster-Closed 0
113.76091875433849 415.99999287341933 113.76409502381284 352.70496409790536 213.02253234592354 352.709527535388 213.0214759622213 416.0024172988493 Oyster-Closed 0
88.81347258872484 374.22841005491506 18.23453309436445 374.34135097360786 18.021802577506605 239.74158727375348 88.59545542185515 239.62865066670628 Oyster-Closed 0
100.62352447852754 92.76460113266228 106.7509988701895 59.631384680316394 183.25228603858704 73.77887680031138 177.12502877473162 106.91189814066777 Oyster-Closed 0
111.84503263203078 423.17365584354076 64.66378135514242 401.6190021034532 97.04012297616646 330.77042216322667 144.2193447283753 352.3245447950384 Oyster-Closed 0
26.889446000000003 381.93857 86.332132 381.93857 86.332132 416 26.889446000000003 416 Oyster-Closed 0
286.52129399996556 416.00000000001387 286.521712502039 402.02348409366266 337.88851365314986 402.0246111827511 337.8883539901508 416.0008697392862 Oyster-Closed 0
274.6524418518238 136.21998141969388 248.61305376216114 168.93931878683065 168.53558238938786 105.21162306184846 194.5747849777399 72.49264449418426 Oyster-Closed 0
319.74982949749756 148.15223206286987 246.09348703214346 129.81502992934094 259.8518019049043 74.55376359356721 333.5073785291679 92.89086778437667 Oyster-Closed 0
363.1066307405126 146.59049143744295 399.6381495754649 151.13909613190114 389.91545301066435 229.2212185850529 353.3839442944882 224.67267257997423 Oyster-Closed 0
22.96934653184144 97.62693260875426 59.744614028040814 40.481899349485964 120.199827735305 79.38705351879501 83.4249151494696 136.53177499256694 Oyster-Closed 0
202.37790282937203 64.09185623451548 234.90966700327408 14.609047501134347 284.58444050110484 47.266956780015605 252.05285445040863 96.74960849837863 Oyster-Closed 0
279.18241902334194 76.48550512074556 306.77955793695946 22.78877917736354 373.73780967092534 57.20139422468617 346.14093356834564 110.8978970402481 Oyster-SemiOpen 0
413.2470455864204 81.31254744123005 377.4329020723053 84.43187540059745 372.926259011856 32.6885657871388 408.74022614780915 29.56924526434937 Oyster-Closed 0
416.00025120567807 179.535341 389.640589079183 179.535341 389.64078448493456 115.51067 415.9999997790437 115.51067 Oyster-Closed 0
389.93629680724916 177.43140303854125 348.34678395630544 164.78324695695818 370.35551047394983 92.41789165188128 411.9444039020527 105.0659541221262 Oyster-Closed 0
364.17710055580756 162.53400259331346 331.8550210921021 161.31132971843329 334.5224356855724 90.80723636343211 366.843989998295 92.02989907434804 Oyster-Open 0
190.79745417102095 160.19396223335104 238.2234133984639 107.6828281710788 324.4671358352243 185.57139951029384 277.04215453053257 238.08159186662812 Oyster-Closed 0
307.10003100971517 39.91587288609491 312.3438932827121 16.79443790389666 369.7102757335015 29.8048906936732 364.4664618148381 52.926283718818894 Oyster-Closed 0
154.52059294132778 101.08179194249945 208.5030830227479 106.98088181688225 200.04012878053982 184.4227167388717 146.05764481897495 178.52368499560606 Oyster-Closed 0
137.7222014850886 157.66283756661574 86.2245935294959 149.14658717080843 94.74618996150457 97.62043544896986 146.24317516846713 106.13663157782207 Oyster-Closed 0
22.181767268859403 286.77274901352547 0 268.0424031931395 28.368791403983778 204.06276407644225 60.03190119311694 222.79281840013303 Oyster-Closed 0
170.0014080093133 73.47840802734608 126.61558410224825 85.52564627868514 110.728832101031 28.312464571676966 154.11445784791067 16.265253615048056 Oyster-SemiOpen 0
121.20652661001441 62.58003941366496 100.474956687347 75.78690092163714 81.29707971617972 45.6824129975944 102.02859427208386 32.47557543427085 Oyster-Closed 0
234.33446572329558 88.00427238072864 215.2321591464388 100.18770518500298 186.6453125930966 55.36699280455765 205.7475233541445 43.1836010265118 Oyster-Closed 0
293.49949274868413 172.32671355454835 315.9263663776692 159.03148681605035 328.77434902601817 180.70283075743885 306.34751432359917 193.99800549631615 Oyster-Open 0
