114.41543705431832 153.02995288461935 243.24076196134774 0 397.37937077238166 77.86698909810126 268.5576478394032 261.2850514182786 Oyster-SemiOpen 0
464.3199955277414 307.3562227281231 367.574371359442 413.1878321501715 194.8881473764959 255.3451346800644 291.6286075755561 149.52005111207882 Oyster-SemiOpen 0
0 351.8662177735227 61.11516788451627 196.29403315852488 253.89725330717556 292.5838284807437 176.1929316278147 448.1466222733145 Oyster-SemiOpen 0
16.111228982445027 247.41710812351124 78.67209527313389 151.14521215202078 303.9775242898686 297.5415385052596 241.423881064351 393.807153205041 Oyster-SemiOpen 0
0 105.46637786709843 33.13464419292359 62.10038393466746 132.00445380300152 155.98820705250728 90.82324163684825 199.35351463337315 Oyster-SemiOpen 0
10.185234999989916 124.77427300000025 68.66431974036459 120.00101906542285 79.16734909589286 248.67117878966235 20.688277593362727 253.44433057590174 Oyster-Closed 0
434.2386087596169 156.13505284297113 402.01938664152476 180.0985759757354 329.7919418967067 82.9901158340447 362.01058121106325 59.02691127980178 Oyster-Closed 0
334.03844363356984 202.06539336731709 381.3543481053712 140.5737276743025 463.3140101576573 203.63585985149612 415.99941607072105 265.1263578716899 Oyster-Closed 0
416.00029000232826 137.01644 369.4005085973913 137.01644000000002 369.40081115506837 38.021671000000005 416 38.021671000000026 Oyster-Closed 0
416 0 416.00003073680637 36.017315073174125 309.5730131584387 36.01728389847257 309.5730451604468 0.000017924676320544693 Oyster-Closed 0
314.59746600002836 0 314.5974687595699 12.554875348554916 243.69998975731505 12.554873803427153 243.69999200003076 1.5522001376546124e-11 Oyster-Closed 0
60.94873049158559 10.66598221256873 132.51820566306924 0 200.37667004157265 130.48086192810032 128.80741008864788 162.47239302504423 Oyster-Closed 0
1.301159 0 58.965937 0 58.965937 51.07457 1.301159 51.07457 Oyster-Closed 0
138.89771551883678 156.66010842074348 100.26740947737562 175.729105213727 45.85947216628483 65.5103869497587 84.48903657820483 46.44160195877296 Oyster-Closed 0
200.2479409999978 412.1295540000115 199.5036349820257 380.0503470132946 342.66103316909357 376.7265555118865 343.4068985432641 408.8041852448954 Oyster-Closed 0
380.1228130000127 407.9429189999875 379.42842598609786 378.0928636380176 416 377.2423070000117 416.69475546948524 407.0919846044964 Oyster-SemiOpen 0
307.92040684713356 376.85470973704327 265.74361741294706 407.27546136992225 212.23671672901764 333.1057621830349 254.41179626904704 302.6858956009087 Oyster-Closed 0
