361.4691506707386 150.53873483361815 378.1103084665483 243.36727887693374 273.85828723146915 262.0528640519127 257.21914439292595 169.22609436857647 Oyster-SemiOpen 0
129.48728679974374 206.31810711135816 121.16001080760543 153.1509773069322 226.82377791633553 136.60176795914762 235.15175194067342 189.76805272206997 Oyster-SemiOpen 0
297.0935144115356 160.31885353435135 282.3821895881483 174.34107527402918 249.90053517943306 140.26440852996413 264.611761281285 126.24227461385973 Oyster-SemiOpen 0
261.479848432984 129.77253095355994 262.9667857135355 93.04784613735518 344.1495550785694 96.33460010047226 342.6629281493697 133.05898402287394 Oyster-SemiOpen 0
386.89139799085024 392.12332398546107 290.3653517620187 385.3743828482888 305.2181565062019 173.04275618214416 401.7334775247764 179.79130878432036 Oyster-SemiOpen 0
295.0152124169508 347.1341665580389 232.50606090292786 322.6520852031666 268.285998073432 231.3146572939832 330.7923590000064 255.79612799999623 Oyster-SemiOpen 0
249.90886956786562 260.2205208042817 292.1478323071824 309.0524964830161 195.29529968268253 392.8108700992366 153.05820293618308 343.98066287729796 Oyster-SemiOpen 0
401.96352225123337 200.75840228436607 358.60655119300645 200.7584032853833 358.6070290324351 131.6138258663298 401.9631279767418 131.61382486532253 Oyster-Closed 0
185.3068152818887 361.76342130711623 106.96002152613073 312.59529685971637 195.87481832116828 170.93763238735283 274.21736466039874 220.104025799008 Oyster-Closed 0
126.01900099042541 348.27638612339103 27.855116193943104 316.336039823959 73.98984441722132 174.57834906319752 172.1471466681105 206.51750476217538 Oyster-Closed 0
73.52677748946371 110.63665007284233 143.60109781810388 168.57673260749883 62.173996813809936 267.04971747982665 0 209.11085473433752 Oyster-Closed 0
70.79419600002075 410.18243400000046 66.6962574915342 339.7812385791585 168.42011238963823 333.86106349137515 172.5202505459929 404.2598911112166 Oyster-Closed 0
48.567192397378676 374.91238784022545 0 370.07383407993353 3.367555168522813 238.7287438358563 59.823499222144164 243.56712699735726 Oyster-Closed 0
90.23971581215301 84.71252690547361 90.08912207756293 50.29775442978942 164.21692382655237 49.97331504521031 164.3676695547074 84.38792957947196 Oyster-Closed 0
67.7227609065958 418.39652213714044 25.16234464047011 397.75503098757747 63.26615729970581 319.21069788887667 105.82460209159763 339.8516304695767 Oyster-Closed 0
0 414.30572599998214 0 385.09880863238106 41.18066345022089 382.6020698872751 42.88202705100048 411.8085468661303 Oyster-Closed 0
238.3600639999895 396.80617299998096 234.20232578699142 364.2084689346689 295.81831245280773 356.3510276868242 299.9766217467986 388.9480704992985 Oyster-Closed 0
256.818274343761 97.98590264598684 230.4502256798405 137.18005834865542 154.93166895197646 86.3750423567156 181.29965343873846 47.181175225707534 Oyster-Closed 0
173.9680072345036 405.0190101704877 171.45243071347795 385.29814970069896 223.56527992921474 378.6522617464398 226.08115986875782 398.3727611447885 Oyster-Closed 0
298.8098200635177 111.97983607775666 231.26531703320506 90.14510772410122 250.39461615774053 30.970991626381704 317.93865002716484 52.805640583463386 Oyster-Closed 0
346.06593563964634 91.87373284836337 380.6798364977185 99.06412125556452 365.09956527479153 174.0640691151904 330.48568284462453 166.87374442232726 Oyster-Closed 0
10.690020985668525 104.03039950597724 44.73664961447139 36.25232872085995 100.824053382501 64.42622615912852 66.77778337680866 132.20399294454504 Oyster-Closed 0
193.22980192636896 39.267935737745844 223.65948780874533 0 271.0014873957989 4.993922540557005 240.5718881571338 63.77554788710389 Oyster-Closed 0
355.70351734148426 0 355.70355911882143 52.0905426091635 274.2951394431111 52.09048679576652 274.2951953747979 0.000034439511989271075 Oyster-SemiOpen 0
401.9631379999846 0 401.96314046715634 19.97950602362448 371.4187789545467 19.979503095806624 371.4187819999788 0 Oyster-Closed 0
379.4329238992286 50.32616351966325 407.7975014596959 54.48034648564395 397.28961232140136 126.22687579571962 368.9250384474799 122.07271634671551 Oyster-Closed 0
370.01166659364753 120.30091332448998 332.30649239721606 106.23666041384597 359.54930888320087 33.202036253379745 397.2541879999917 47.266235000000826 Oyster-Closed 0
345.00286785971184 112.40295292974864 313.52906904143674 108.48719975228798 322.61271677471086 35.47771923985869 354.08619385609563 39.393451159952235 Oyster-Open 0
171.3157819834596 137.17382918142565 221.30612169127562 74.35401282053537 301.4542408126799 138.13220922173136 251.46475924481274 200.9512303714192 Oyster-Closed 0
175.5740366633654 170.27767988916221 124.23753330265754 160.15903576389576 140.05885449184643 79.89471642268997 191.39444134685255 90.01326679641677 Oyster-Closed 0
116.96077806515677 144.88062787437363 68.73452920575437 133.00818155315378 82.00806264378843 79.0933652196197 130.23375600004147 90.96573600000524 Oyster-Closed 0
0 213.76166 24.555706 213.76166 24.555706 275.590429 0 275.590429 Oyster-Closed 0
102.18480717233615 49.85807465590314 110.16427935039974 0.1411692994449678 159.97781110693177 8.13614760913189 151.99841225570708 57.85298598799122 Oyster-SemiOpen 0
87.9597202472687 67.19549731565837 67.7359022136734 46.875988598938704 90.21484456262624 24.503022039271293 110.43863522233005 44.82250314525609 Oyster-Closed 0
220.9443303047301 56.66836971294791 199.30304126526607 70.04940555203187 175.6010013811465 31.715956464395667 197.2422321551203 18.33494460702245 Oyster-Closed 0
285.5785486417517 150.45572983947392 271.27277069021875 133.86461243430207 294.3433513447999 113.9725322061763 308.64909014753357 130.5635909411911 Oyster-Open 0
