276.89784854466416 0 386.3362372719748 0.6097051514122294 369.25597850661507 166.77037904110685 259.81759417861394 155.52103621116726 Oyster-Closed 0
277.7659806878655 176.86496861067462 216.22677772380848 370.1967460839412 0 290.912466871618 28.702220148570632 97.59037828740651 Oyster-Closed 0
236.4732375271742 259.6903038893714 292.0182704671497 313.6340855727233 152.45774924612124 457.301383101823 96.91601199742945 403.3609639188242 Oyster-Closed 0
133.58285149280346 331.646974156255 111.76244476943612 423.14001082013647 17.306670321169804 400.6162238929788 39.128977999997005 309.12616600000564 Oyster-Open 0
68.72618467381108 409.28848190257736 17.04804952833001 424.2226231200025 0 295.90256843045165 31.63338886379279 280.96906150859814 Oyster-Closed 0
0 414.7583610000046 0 383.12495423761743 27.530580674105295 381.7745725139473 29.004168563278654 413.40765382294404 Oyster-Closed 0
0 5.392886 63.058727 5.392886 63.058727 190.261754 0 190.261754 Oyster-Closed 0
175.038693549639 145.32174479981268 81.27449682662336 176.13537004085174 25.05511500000648 5.062199999995916 118.81747012142296 0 Oyster-Closed 0
268.7715135569888 0 268.7717249612142 115.3932721622711 187.69272137795633 115.39302256730177 187.6929981255562 0.00003158124934993022 Oyster-Closed 0
247.6218035590573 384.2098777621333 206.73830717798774 353.9224353321553 255.15008974355442 288.58877295487537 296.03223964608696 318.8754793799393 Oyster-Closed 0
207.30844600002456 404.32687899997643 204.8791773093253 374.446634089173 277.33104445704157 368.55742366562316 279.760984265602 398.43692181198924 Oyster-Closed 0
361.00082909492994 412.4356945019542 287.8073465370944 393.45111022737126 334.41948173727724 213.79394500021942 407.6056224534077 232.77751031789296 Oyster-SemiOpen 0
389.6118441410508 392.41229067609913 368.6374952347942 391.06843951989583 375.8968998068958 277.8029842632454 396.86982199996055 279.1467889999989 Oyster-Closed 0
312.3389972960322 47.941007878391154 415.4729161645155 70.98852000314834 357.14107448087816 331.9987711894776 254.00748122765435 308.9523298847533 Oyster-Closed 0
250.01368276295398 107.31028802880422 286.69615862671344 155.10503181202105 243.51677073755127 188.24359033248484 206.83465892560707 140.4491792605676 Oyster-Closed 0
