183.24727106037608 402.2713733498539 168.75868932027151 440.02516884325036 64.93041326186358 400.18786930502773 79.41962426999089 362.4355017193519 Oyster-Closed 0
0 284.000609 74.178583 284.000609 74.178583 356.293418 0 356.293418 Oyster-Closed 0
72.34610750692445 269.7323353475328 40.38767343333893 304.91393105071046 0 242.41433955743884 3.535364057708648 207.23351385948382 Oyster-Closed 0
302.22386456665845 415.99999041648516 302.226718845086 336.41898909830945 383.67346673983775 336.42184969306936 383.6727603217514 416.00070804949553 Oyster-Closed 0
222.58789659913236 415.9999791613741 222.58885383196684 392.2117189618372 299.97647792790667 392.2141880272345 299.976174977739 416.0017904763749 Oyster-Closed 0
196.27030502035632 419.6761138564932 183.2548133866585 335.3752054509309 330.03205662450637 312.71742157574084 343.05080178169374 397.01430743278473 Oyster-Closed 0
410.6613681105373 317.08111114923713 329.45272977777495 347.00615334660904 297.9134088957908 261.42544695877035 379.1186716667289 231.5010884120475 Oyster-Closed 0
364.18048209867993 116.24127415049493 381.40649736763953 189.63392999689881 260.3192398221581 218.05115661793548 243.09477045925087 144.6598384112466 Oyster-SemiOpen 0
398.72580585313335 170.51782396831234 361.65927753297365 171.38264518862113 359.54541376841007 80.7688926618678 396.6112049999829 79.90408000000039 Oyster-Closed 0
335.1574651870433 43.168784413064884 306.32880600306817 79.78191599238517 258.1936461248406 41.88101648192556 287.0222421340477 5.267989441156029 Oyster-Closed 0
275.47152389615076 163.96121129563647 192.24002718876727 147.88383003603298 211.13098684791112 50.09374806749068 294.3609262323953 66.1709716771992 Oyster-Closed 0
240.83138696142123 64.40935691366161 240.95658733663004 117.54352044957575 113.84331126206962 117.84201935743204 113.7186503271696 64.7083442411773 Oyster-Closed 0
132.4634454375191 141.64351556308455 167.69889532285015 206.43081646710178 69.05299991892025 260.07537212485204 33.81905418084352 195.28936344081973 Oyster-Closed 0
37.18781641461101 181.23737556819833 39.20913280122841 90.64052413856899 116.23840288193969 92.35912883156301 114.21794110715928 182.95515068652725 Oyster-Closed 0
193.83908616900226 11.631109547599147 194.48953655455625 25.630201611399837 114.81981027843722 29.331893622797715 114.16938100002517 15.332824000008374 Oyster-Closed 0
226.84593005682473 24.477048276364446 223.26008514244313 84.6028992954416 113.91783607953039 78.08145093900646 117.5039609258929 17.955902239610793 Oyster-Closed 0
0 103.204914 40.202949 103.204914 40.202949 166.33768 0 166.33768 Oyster-Closed 0
0 50.983722 43.613073 50.983722 43.613073 97.441847 0 97.441847 Oyster-Closed 0
73.10947142228906 17.24043949256483 74.91074644830587 56.00711039259601 1.3878157176441164 59.42317264430101 0 20.65659648496315 Oyster-Closed 0
0 22.513863 8.907531 22.513863 8.907531 50.905804 0 50.905804 Oyster-Closed 0
117.1703175789844 15.19325746362863 120.7061749886052 91.29076473683033 39.268165648118156 95.0744459811045 35.73264137747901 18.977300575225428 Oyster-Closed 0
