217.9249997053339 400.41137281747626 197.80778503825059 439.706080007823 95.65491443934661 387.4198761861726 115.77236634839937 348.1266993185758 Oyster-Closed 0
103.73274765192036 275.03386983957614 101.93433889456719 346.9746839715311 11.045888287830167 344.70109734055467 12.84603871258878 272.76208857257984 Oyster-Closed 0
0 223.0384605127272 9.788418952903157 186.06478042623047 99.82851830609798 256.97508129873705 70.7083467229786 293.94786971468807 Oyster-Closed 0
336.2959701559121 415.8490128637294 333.3472015428015 331.57270996790334 413.9598239523184 328.7528518719313 416.91074294837017 413.02692044648416 Oyster-Closed 0
256.66892673364055 415.9999198133503 256.6701555743821 384.25074407212975 338.8500533304723 384.2533716235388 338.8497437441438 416.00161912239776 Oyster-Closed 0
232.44766145535687 418.04579155982935 213.57229879682927 330.40979861120314 356.50642493373743 299.6300240354951 375.3846611988811 387.2619040284202 Oyster-Closed 0
433.8187455995503 313.01658538113895 356.53073961501286 340.3977692154571 325.4087053939802 252.5590419802336 402.6934808456899 225.17848208038268 Oyster-Closed 0
382.80440641785026 109.40979576463516 399.6926722544267 183.9340659111511 280.9259263749118 210.84540112130276 264.03912871814464 136.32240393548952 Oyster-SemiOpen 0
418.19187985239114 164.3497943185919 381.50332213938236 167.33729066003258 374.1458216527353 76.98021083327782 410.83368000000337 73.9927430000008 Oyster-Closed 0
348.0187835311699 37.636612008543615 319.02499101662033 72.34746714550893 269.24396243674346 30.76565248423659 298.23769659561367 0 Oyster-Closed 0
295.36322427337655 153.60298726083244 210.7112801055955 142.18021955486972 223.60996395193797 46.598788200104785 308.26045924497157 58.021455191506725 Oyster-Closed 0
255.3643831201298 56.71810163154944 254.87220456192154 109.74821851711224 128.15159483285606 108.57121986410857 128.64425492758528 55.54154238291897 Oyster-Closed 0
152.11370924527 132.04110666382462 188.67449236970788 198.43025437194154 93.42074558313834 250.88208405488825 56.86138402255165 184.49415891776255 Oyster-Closed 0
56.92104430620384 170.9685167429249 59.98446310576037 80.73049732495298 136.04378788577378 83.31257073548682 132.98115858263554 173.54982722944234 Oyster-Closed 0
204.66602563693232 3.461594518490764 205.15688461717946 17.483462257853198 126.04448509336362 20.25289179736639 125.55363800006307 6.231040000001585 Oyster-Closed 0
240.14759754435 16.794861580125335 235.8997117225881 76.50225936646056 126.06334579479517 68.68762020815801 130.3114611255296 8.980477514002212 Oyster-Closed 0
2.596138000000792 89.2234780000002 57.74269157959861 87.6189232785434 59.717871925888176 155.50185598302565 4.571318201145914 157.10639893252838 Oyster-Closed 0
1.1755170000105863 40.39989299999938 57.65859980546156 38.75641834143848 59.09567040413822 88.14550410880003 2.6125878194543475 89.7889741216396 Oyster-Closed 0
86.15584033228151 7.610130982476214 87.51517299450279 46.439926695152174 10.905338442440552 49.12173251333571 9.546080999989499 10.292011000000532 Oyster-Closed 0
0.30695759480295237 10.549439621756141 21.679221968712227 9.927571107186347 22.566985687102715 40.43804739269448 1.194721364081488 41.05991547273726 Oyster-Closed 0
131.4984894413028 6.0228238692130915 134.16684571251244 82.24428812893693 53.03754336146085 85.08419650821965 50.36946174699551 8.863042497627486 Oyster-Closed 0
