278.0664152051504 3.5427587204113897 388.1358585767666 16.82989440315843 366.7228172360228 194.2112163518572 256.65339254774517 180.92428680126636 Oyster-Closed 0
274.9811613536367 202.4124894754613 199.24412271406618 386.9897911344596 0 287.855916155477 33.38753215507313 103.2889181591908 Oyster-Closed 0
231.6711945248935 281.8945704326094 284.31163786064644 338.38997701187424 146.81222240414354 466.4718342475436 94.17523484571575 409.9798118993341 Oyster-Closed 0
127.90050178758247 345.2945880743247 99.87484468385082 430.4562864783768 5.629600657601259 399.4470361352809 33.65662399999201 314.2882540000173 Oyster-Open 0
60.51891599831288 414.0022785735595 13.499475360680663 426.36908694201753 0 297.72667245754104 26.674255192334385 285.36041131742746 Oyster-Closed 0
0 391.515911 20.649759 391.515911 20.649759 416 0 416 Oyster-Closed 0
0 7.140119000000001 61.66368299999999 7.140119000000001 61.66368299999999 188.338679 0 188.338679 Oyster-Closed 0
172.2053341324863 161.08216875972448 79.32243030508471 188.893278327544 24.945489000001544 7.28504100000456 117.82575753150013 0 Oyster-Closed 0
268.7025414261516 136.35161494462398 188.5266508152854 137.60937417157632 186.50129619881045 8.463150689509227 266.6759448144221 7.205400798259289 Oyster-Closed 0
240.9072064986467 407.7437146223043 199.82752484902448 374.652155996392 249.13982674006184 313.4519615036971 290.2181992979713 346.5426876723315 Oyster-Closed 0
204.88841600002343 415.9999999999904 204.88908869735315 394.66362972185397 265.8470827376914 394.6652780005817 265.84687498879794 416.00117797225585 Oyster-Closed 0
355.70881103599095 434.47284822388457 282.1134367568484 412.9529122684974 330.5942547248778 247.20813579488072 404.18241616384694 268.7269413266639 Oyster-SemiOpen 0
383.2987162553618 417.5602832404959 364.18027800001073 416.00000000000165 372.5146487266975 313.9127688450525 391.6318379999975 315.47300099999853 Oyster-Closed 0
310.17512125846406 79.92025177508837 414.46398660415434 105.39712688472292 352.56838973427875 358.7448991757983 248.2799659983757 333.26935102412835 Oyster-Closed 0
248.4171374777543 129.47403061970894 283.4276056682429 181.2909081228128 239.61817444382177 210.88913647930232 204.60816203473223 159.072662984251 Oyster-Closed 0
