283.7383416567827 0 393.527206217459 0.5178204842819367 378.6924625897809 163.640231875776 268.90359977589833 153.65596188067096 Oyster-Closed 0
287.4100809728516 174.70830761983743 223.24417837412693 365.8365391325817 0 281.3955661145499 35.9035210785587 90.27685618073525 Oyster-Closed 0
246.83086365731288 256.9836908532934 303.1987873134094 311.815399175827 163.1035372901788 455.80032561740546 106.73893315563328 400.9719965695338 Oyster-Closed 0
144.99940167055684 327.32982180059645 120.83129091155206 421.6739535280224 26.058433123776922 397.3995121596263 50.228402000011556 303.05844999998993 Oyster-Open 0
82.05274750781973 407.622618071136 22.42361205175257 425.40102081254696 0 289.4077957224295 41.495403607725166 271.63019147826674 Oyster-Closed 0
0 415.5346740000199 0 366.60151962248966 40.88852257087274 363.7814692022391 44.02470829358208 412.7138708395799 Oyster-Closed 0
0 0 71.419313 0 71.419313 189.283604 0 189.283604 Oyster-Closed 0
184.10203069389172 141.01159488700898 91.98832308472629 172.24891195437476 33.57576100001825 2.9253151682760697e-12 125.68780289356073 0 Oyster-Closed 0
276.668089469229 0 276.6682876927407 112.28137275205806 195.39650776819326 112.28113406794829 195.39677000290976 0.00002368136349408652 Oyster-Closed 0
259.5764275810143 381.8503703180778 218.0079185230279 351.24828367867013 265.5244884760323 286.71853652355105 307.0916511860123 317.3198951833532 Oyster-Closed 0
219.40803499997855 401.4743690000018 217.48228985637616 371.41469313067824 289.81640720042196 366.78148772259993 291.74283711704993 396.8404185265286 Oyster-Closed 0
373.5031220828823 410.64562219624344 299.63912183293724 392.33074091665185 343.86685378793845 214.01237552756737 417.7235034729456 232.32628522099017 Oyster-SemiOpen 0
408.7005772301345 391.566911979041 380.626768844857 391.07696900183896 382.6696781130304 274.10675269419136 410.74157099998047 274.596679 Oyster-Closed 0
319.8026667063423 47.82602746769795 423.7506771733788 69.8500116315689 368.87720904820526 328.8248956157788 264.9294887755095 306.8019167217564 Oyster-Closed 0
258.74186692635703 104.29047569808577 295.7471778193503 153.02146719180175 252.96276486426723 185.50951625764782 215.95781397148312 136.77885283856733 Oyster-Closed 0
