163.20350592299292 395.75000245378624 134.09519388264016 432.13929311485924 45.99745260869895 361.68466717115894 75.10506360589716 325.2967294871918 Oyster-Closed 0
0 237.251313 73.523465 237.251313 73.523465 312.425718 0 312.425718 Oyster-Closed 0
0 175.48690354655872 9.82874121606801 146.00810481982035 80.46045891240647 235.06899702106912 43.28808980724716 264.5471912797406 Oyster-Closed 0
382.1692172853982 418.87988964186457 363.98111299999437 416.0000000000012 367.82254703655417 391.74751366882305 386.01033800004006 394.6273780000027 Oyster-Closed 0
279.8040140000012 415.9999999999983 279.80665757022507 359.2354784474916 367.17505970664934 359.23887369202725 367.17410481234765 416.0017272142305 Oyster-Closed 0
200.79934388778565 415.99999067816447 200.8001998021864 393.5465698542859 277.2554725094633 393.54895995224535 277.25522856554744 416.001761217095 Oyster-Closed 0
174.59619155858672 416.1624505501097 172.79534927000714 327.27280820222245 320.9594880906661 324.2706765374243 322.76452542308107 413.1559834218647 Oyster-Closed 0
300.3888780720845 276.5436449815361 385.9301981269782 259.05679354312343 404.34824632247546 349.13943923997857 318.80705697074154 366.62584951447985 Oyster-Closed 0
392.8012291999912 144.46538361332512 394.9525003028466 220.0925960726518 271.712231666741 223.59606622624403 269.5625068216141 147.9703622873284 Oyster-SemiOpen 0
412.5823313719411 203.07630613808234 387.1884067872488 202.63307069315957 388.67644434102476 117.4004235997445 414.06977800004097 117.84365400000036 Oyster-Closed 0
377.100653464011 68.1878837786614 340.1456937261173 96.21054124878346 300.9611414449937 44.53593896037304 337.91592590577056 16.513379656092653 Oyster-Closed 0
297.25350614237686 172.56710270880137 218.17309823181495 141.74483154726425 253.91179352999097 50.05503401531762 332.9907995491885 80.87699362897692 Oyster-Closed 0
281.1345577230968 68.7358002713046 270.52832516734634 120.72013168270658 146.33633901188296 95.38099132038907 156.94293503593872 43.397073089743365 Oyster-Closed 0
161.5862303733884 122.61759150149885 183.58536063291467 193.62619056221672 77.63186562315605 226.44831233583258 55.634162533300696 155.4409359425891 Oyster-Closed 0
60.6141926149503 142.299617368818 80.87412320525982 54.165492984041975 155.51857297289826 71.32426274164993 135.2593685951324 159.45776164971355 Oyster-Closed 0
180.0599659587242 15.398824921973466 180.28068637912656 3.124538706624371 244.5256203287172 4.279795862244451 244.30490680705043 16.554077192975257 Oyster-Closed 0
153.90626519508442 57.08684788055931 168.79388226569426 0 274.80409592117576 26.180637158281247 259.9167530777886 84.26016992728304 Oyster-Closed 0
0.2813545825301844 108.38572430862037 19.72629505637451 49.99262942807727 82.27847046889292 70.82228333762943 62.83387666883209 129.2150903332613 Oyster-Closed 0
26.83488283738552 2.7062554231730465 90.8341382454746 12.84271980736682 82.92377920425133 62.78680364474318 18.92452700002832 52.6503540000015 Oyster-Closed 0
122.95151505012109 2.146111073624864 122.58715233167823 23.020904069377302 57.39791347604114 21.883019147511053 57.76228999999512 1.00824500000514 Oyster-Closed 0
165.87474070891403 2.8953138213372607 164.77437310776804 65.93995900726597 81.38135095377947 64.4842595254781 82.48187782150853 1.4398002873392324 Oyster-Closed 0
