27.8091517421999 194.35576240639884 0 149.4364005332456 40.58343701165359 23.891679206398077 109.5632668196231 68.81053451351002 Oyster-SemiOpen 0
131.31690371329387 121.1959859139047 160.35081991681363 48.84932122313029 309.6893341738578 108.78011022407325 280.65683172093486 181.125567885759 Oyster-Closed 0
49.15506187603387 129.96928294759624 105.44830556141096 131.60715223813997 102.438679842704 235.04183373985168 46.14543698217676 233.40399234314782 Oyster-Closed 0
300.8534191311883 81.97875347329162 377.81143500765756 69.92828681116191 414.147398723635 301.97021275490687 337.18949989719476 314.02022255678213 Oyster-Closed 0
124.43202454461789 264.87110873306995 114.05565749395828 208.4677446013122 196.7772095213768 193.2507903392369 207.15431385088596 249.6532065709195 Oyster-Closed 0
406.9220867827753 319.2672617120971 380.27038399999583 318.4918579999994 383.9297668091858 192.75942116906947 410.5799525748116 193.5348027271144 Oyster-Closed 0
0 175.342002 65.476964 175.342002 65.476964 329.14955 0 329.14955 Oyster-SemiOpen 0
315.92337676545867 231.65779927228024 361.25457244150675 265.9498456002785 296.6995298182155 351.27246781424003 251.36913956881472 316.9813650930377 Oyster-Closed 0
131.47869172709034 310.66590412919265 119.05093144982675 271.15852011188747 175.65576405575484 253.35486418882755 188.0838407648298 292.8616617609904 Oyster-Closed 0
297.9084417161175 379.59796223885877 221.6649654367102 420.61142241387296 137.38954468688098 263.96811638059285 213.62675798037162 222.956723223949 Oyster-Closed 0
