29.85589087689732 195.06987630475643 0 150.02561664753688 40.57733715924405 24.800263664565957 110.5121393401023 69.84401492233071 Oyster-SemiOpen 0
132.01583364736507 122.48345206230087 161.4317915481879 50.955845514120064 311.84344874951785 112.81178917082329 282.42893603084303 184.33816247948258 Oyster-Closed 0
48.2384459443856 234.15332541314024 51.24716787145735 130.79626328006634 107.66515577115933 132.43889707167241 104.65742700530245 235.79494234165503 Oyster-Closed 0
301.90467088875084 86.4509552084811 378.42443387752064 73.60902675688622 417.4085738401336 305.8881478131586 340.88894732866174 318.729576802617 Oyster-Closed 0
126.93635595012893 266.50414564993054 117.12930434845111 209.74952870386193 199.5064272486852 195.51600443616448 209.31423861742587 252.26966513310637 Oyster-Closed 0
410.5653243197885 323.48994605352823 383.89913700000034 323.02453699999995 386.0844569769979 197.88007650614657 412.74910564393576 198.34547208524077 Oyster-Closed 0
0 175.14626 69.114567 175.14626 69.114567 332.581373 0 332.581373 Oyster-SemiOpen 0
318.52965621418844 235.44585638559175 364.48720956642865 269.9620664611024 300.89864040291286 354.6148889734104 254.94189583361367 320.0996302837875 Oyster-Closed 0
134.69834956661362 312.4130908650261 122.56234481834326 272.5199098769054 179.16172221341913 255.30403572860413 191.2980588054379 295.1966223132738 Oyster-Closed 0
302.12112846025775 382.92913169229945 226.87850353843896 424.00026220331443 140.79729247180876 266.3232015682968 216.03366073466532 225.2541784490083 Oyster-Closed 0
