33.73715893616827 203.45202998324973 0 164.31858872312114 31.95557155701681 32.23009306231108 104.74805724023463 71.36299637507882 Oyster-SemiOpen 0
130.56925353322004 121.9291397890112 153.84177706053742 47.8696338601675 308.1361206257425 96.35419536776499 284.86496950423316 170.41251600302542 Oyster-Closed 0
55.811721845188 240.39809933953052 49.80053003934154 137.17913395010805 106.01809422345468 133.90576761625078 112.03020169780939 237.12369906919255 Oyster-Closed 0
296.61565253251683 70.63445809922037 372.0727198969471 51.9883518348262 428.48203934246703 280.25710794393495 353.02522842201506 298.902568422824 Oyster-Closed 0
136.31179781495302 265.7504709983438 121.65143202889158 210.1914565122378 202.70880610089444 188.80449997942117 217.3697699724289 244.36259248065488 Oyster-Closed 0
416.00047103551697 299.767962 392.3102597751349 299.767962 392.3110156638759 173.070221 415.99996979652497 173.070221 Oyster-Closed 0
0 185.84319052293597 74.07809602879934 181.50795201841362 83.59148022859881 344.8530311276986 9.147586327890167 349.1881064226195 Oyster-SemiOpen 0
324.5558460590146 218.14819149550794 372.83486099551374 248.7185178583558 315.90465233923896 338.614198688641 267.62624687621064 308.04467324083146 Oyster-Closed 0
147.41919394973957 310.83574851828297 131.94966387387103 272.27503888931517 186.92496125007528 250.22343695858166 202.39470309390526 288.78357802939036 Oyster-Closed 0
319.42001355136017 366.73192353165706 247.28586538722084 413.79163607152054 149.62742626906038 264.1209128759447 221.75626075023683 217.06353224349533 Oyster-Closed 0
