246.21042819844297 111.18833053467218 211.40046737417651 109.37971061645952 215.54083947640174 29.69551593463464 250.3504634352721 31.50412720018152 Oyster-Closed 0
118.07553795155764 134.69224807280875 89.95930337363097 128.3109547375196 104.4428549897093 64.49792148943799 132.5587874576413 70.87917972113817 Oyster-Closed 0
292.8436466103267 77.9964016831288 328.6111605998267 55.10135495217534 364.0682745534614 110.49314772925372 328.30085643954953 133.38807087734216 Oyster-Closed 0
194.54814218838874 122.30261160370917 184.2815369050586 121.28074593300222 187.60786514223946 87.862488709812 197.87440962981782 88.88435141223869 Oyster-Closed 0
310.5360708892622 137.528575017542 269.47449054663593 150.5440439556134 249.3857214961281 87.16823888457239 290.44680627973867 74.15285411601728 Oyster-Closed 0
241.95413367945002 154.95529506559993 209.85056348095895 165.89749789033488 183.4507516727681 88.44395011265955 215.55380726360818 77.50184234465145 Oyster-Closed 0
3.3121619999910763 113.8316169999998 27.663781265444413 113.12308334363357 29.165285838840646 164.7267302537997 4.813666766487586 165.43525940868037 Oyster-Closed 0
416.0000553113823 171.436528 401.90931817590536 171.436528 401.9094741175031 97.98382600000002 415.9999566871302 97.98382600000002 Oyster-Closed 0
225.60807397105236 187.11539904773605 215.60649119637674 156.7687840032425 267.9094389628117 139.5316012772102 277.91114747485335 169.87797699550003 Oyster-Closed 0
107.18230744580796 127.17190076799085 140.50275796744245 127.08383494079624 140.76385597076296 225.86766425603219 107.44340543446742 225.95572872787275 Oyster-Closed 0
196.31359553282527 196.79421242732772 163.07495311656385 226.08342342823985 109.86187107762089 165.6979132361409 143.10000554419457 136.4090812928166 Oyster-Closed 0
226.8891981080851 249.49114644465635 188.70373607781585 257.2667835257076 169.91759404513505 165.0136837106479 208.10180617178776 157.23817624921958 Oyster-Closed 0
369.6183402188253 299.57709383711193 320.0808443509013 300.6086981864888 317.2090491476847 162.64949558480757 366.74380114409723 161.6179195628654 Oyster-SemiOpen 0
284.3966788240432 214.09320008776584 303.4523234272092 203.45498552028172 332.5972725167412 255.6560051628824 313.5417225267993 266.2940883033167 Oyster-Closed 0
156.59668193305333 211.57222319315628 202.69209690378557 216.36354063079688 194.87478826148072 291.562909750138 148.77938594881925 286.7716728104779 Oyster-Closed 0
244.45741800000906 221.53936799999877 272.1274249460803 217.58936542501266 283.5857820441306 297.8468986024232 255.9157903941741 301.7968271164418 Oyster-Closed 0
4.592578111140028 69.39720222785718 0 12.62949706101466 44.45813383765926 6.3876309243714 51.941718603949994 63.15525145017109 Oyster-Closed 0
372.53656488431807 322.3572515628627 337.0795903637445 357.82311415159575 253.11491353313977 273.89085343571753 288.57080593702267 238.4260648937027 Oyster-Closed 0
268.371965231785 401.3390332901356 226.55692461331273 401.5764065503772 225.91109844057792 287.5697285191752 267.72321830574583 287.33236360664563 Oyster-Closed 0
153.3577781471613 63.147907590963804 132.08029668876043 68.62836755951949 118.03041003778708 14.080767143237528 139.3078197237519 8.600316403219393 Oyster-Closed 0
303.57340145097623 345.7769669370776 350.76261445092314 362.83278226899284 331.80612997954813 415.26725468440236 284.61707956927785 398.21175940233826 Oyster-Closed 0
230.94063039227694 415.7171026186092 229.62198340709074 390.59200503251105 268.2290745779683 388.56628126655073 269.54804584714293 413.69103396187177 Oyster-Closed 0
