235.49261355329145 95.82714568459573 200.744778884251 95.24088631042191 202.087942202641 15.639898341991914 236.83550864125573 16.226155470166596 Oyster-Closed 0
108.41816935985844 135.21554367920209 80.58923651129953 130.02023606647091 92.65664309690692 65.38284726006898 120.48526822761778 70.57812576632924 Oyster-Closed 0
280.5512297490495 55.71904260384268 316.2683983748502 29.430826525073776 353.4074003313326 79.8904247787353 317.69031349373836 106.17854415183876 Oyster-Closed 0
184.30968002837108 113.29076934092222 174.08855480523562 112.63884213375263 176.25450163915593 78.68161181038566 186.4755708181401 79.33353727750148 Oyster-Closed 0
300.6808547724504 113.44640289240839 259.0728936769701 128.72268840639822 237.29658857250615 69.41113460874296 278.9041680972514 54.13492640724766 Oyster-Closed 0
233.31285922447205 140.76745034265286 200.7824901191998 153.56156408811088 171.45363277452634 78.9910329569531 203.9835538164516 66.19701727663481 Oyster-Closed 0
0 129.142283 19.954329 129.142283 19.954329 179.143953 0 179.143953 Oyster-Closed 0
410.54939099543117 134.42472997597616 396.13925225764615 136.12235341313269 387.45270828183857 62.388028384659016 401.86265199997797 60.6904170000012 Oyster-Closed 0
217.61273989662732 173.5722212668048 204.6179834020877 145.4929514002581 256.9119033677307 121.29280754941493 269.90671498750453 149.3718698404042 Oyster-Closed 0
97.24588859256619 127.11403256151384 130.61208108287974 125.85720057208574 134.32789182865963 224.4992619147642 100.96170013344818 225.7560746602118 Oyster-Closed 0
188.76591815162828 187.04645045474044 156.50369005264656 220.3940086905342 101.22503939862145 166.9169004661169 133.48689166861004 133.56974308483606 Oyster-Closed 0
221.45098107936428 237.25720309796978 182.8376199450904 246.72498711724032 160.64800484256193 156.23086296871796 199.2601954174279 146.7632270713782 Oyster-Closed 0
365.23758137482946 267.3177457949341 315.5803236593565 270.09855464592584 308.06439140441944 135.87448144938526 357.71931386743745 133.09373760196837 Oyster-SemiOpen 0
276.9406931626763 192.5553755336499 296.0952658124297 180.30625951008759 327.19453567192613 228.93427462092873 308.04006674019547 241.18325949988994 Oyster-Closed 0
149.7455474572016 204.30167154259047 195.6258324035698 207.42640189750944 190.3536839092667 284.82948441834304 144.47340444499787 281.7048064109264 Oyster-Closed 0
237.60612699999547 205.4995770000037 265.5204236933969 200.44183102363453 279.59055623444146 278.08908978887337 251.6762819203359 283.14674986975626 Oyster-Closed 0
0 21.758608 35.945739 21.758608 35.945739 82.089693 0 82.089693 Oyster-Closed 0
368.7985380536702 289.53815333490235 334.9878555329233 329.7214338691976 248.3853389420765 256.8609993097174 282.19536552870704 216.67877638613237 Oyster-Closed 0
267.79498381336816 382.8508547093838 225.9152911245983 384.5560294292411 221.3424770085221 272.23462469608864 263.2194279342293 270.5295062774738 Oyster-Closed 0
141.44024622698635 60.11761529983465 119.89407765896249 66.64126121653075 103.94747722419197 13.97319964681557 125.4935793590048 7.449563935257174 Oyster-Closed 0
301.45156019269416 320.19502244889054 348.0262542137971 334.73749025932887 331.2651807770162 388.4058004513402 284.69060143837123 373.86358898138906 Oyster-Closed 0
231.13010995665536 400.82375055336445 226.70060593818198 376.341591883331 264.92503888201463 369.4274428190867 269.3547912919057 393.9092785780197 Oyster-Closed 0
