241.47980016648216 92.43144831260841 206.75641295655805 91.44359926419716 209.02602488661068 11.670735427375462 243.74916170288998 12.658580943077029 Oyster-Closed 0
114.03430182585362 129.70179111362125 86.24880134908744 124.18837892776696 99.07306128385972 59.561037068761905 126.85827277657881 65.07442012661274 Oyster-Closed 0
286.96498693510875 53.05421600485683 322.9855348793644 27.3664754378006 359.50722331636644 78.57863295996668 323.48675166909015 104.26628146301371 Oyster-Closed 0
190.12905987681006 109.04833861627225 179.91766482837193 108.27938477119682 182.47639868217084 74.30145723208496 192.68774036195828 75.07040912114888 Oyster-Closed 0
306.41526843284373 111.26345013289863 264.6982261134399 125.95775730208783 243.61211130684387 66.09484705118051 285.32877824900424 51.40061226202715 Oyster-Closed 0
238.7586844107791 137.41897639509017 206.13209574852954 149.75102032920168 177.70098011095251 74.53255351292205 210.32713017886272 62.20060104979582 Oyster-Closed 0
2.1215790000132984 121.54518799999992 24.674655670656648 121.1515387518595 25.564123482818104 172.10942841288886 3.0110468987222703 172.50307506581547 Oyster-Closed 0
415.9674668718508 134.2202314840757 401.5551581159998 135.74278521305354 393.7328663662047 61.69851393450465 408.14497999997184 60.17597100000107 Oyster-Closed 0
222.70541425162446 170.06788807515736 210.0963630634178 141.6784864013413 262.60649709180143 118.35709097402601 275.21561067490256 146.74628790047564 Oyster-Closed 0
102.96442146412664 121.51206640832774 136.31767747123376 120.64723864381074 138.88240746481097 219.55506656816144 105.5291517587284 220.41988145542945 Oyster-Closed 0
193.78059727107393 183.12353604482288 161.05636973567744 215.8809717848942 106.38291514903904 161.26529750487987 139.1067519495955 128.50824703324963 Oyster-Closed 0
225.78061931047705 233.87177251566365 187.11908792495524 242.83720954328822 166.0091786115372 151.80879654361536 204.66955286694065 142.84349732068642 Oyster-Closed 0
369.13932838523397 266.60260579183057 319.4956390806474 268.796058159617 313.53936166848143 133.97244821762447 363.1807210468796 131.77904696812905 Oyster-SemiOpen 0
281.7727442773721 190.13203123873862 301.05675069589415 178.19239352952127 331.56879076796395 227.46966090102114 312.2848827967682 239.40917145384688 Oyster-Closed 0
154.5135942504021 199.84085486486657 200.34920652964865 203.4905194220597 194.18717985496914 280.87113176345144 148.35157489759513 277.22152733595084 Oyster-Closed 0
242.31407399997624 202.4139060000038 270.2466540859423 197.7064226170299 283.4116103303204 275.81538606624474 255.4790495195266 280.52279006574355 Oyster-Closed 0
0.25580543762043817 14.655052829777711 42.133622781759186 13.92407600861651 43.18221043827725 73.9977435691313 1.3043931606334809 74.72871874390295 Oyster-Closed 0
372.50316311720235 288.9885241398664 338.1011971475127 328.5373995798235 252.35222853862797 253.9560153804361 286.7534649070367 214.40819315134533 Oyster-Closed 0
270.4158851202192 380.6055519978485 228.55165100342856 381.8182334645548 225.28721138311448 269.0975140596795 267.1487167718442 267.8848724365618 Oyster-Closed 0
147.89397428539814 54.993669766211376 126.30781939472945 61.227282593998396 110.98602455074797 8.170017960372688 132.57212300330866 1.9364132612414562 Oyster-Closed 0
304.7364399402977 318.61148559784704 351.20734908781014 333.703000519923 333.80445285508904 387.2795399165643 287.33366666165966 372.1882905100871 Oyster-Closed 0
233.5567919058376 398.0439244196576 229.52873574164914 373.41320411558223 267.8195866561582 367.15272292769555 271.8478991846823 391.78312084255634 Oyster-Closed 0
