68.6955515139598 117.29507936040983 32.07733256747815 109.0103321843139 49.95922735844215 29.974964139607955 86.5771066405905 38.25967344034934 Oyster-Closed 0
318.47520642946984 78.1501010572326 367.1810393746855 51.60639490428618 409.46216673423623 129.1881695185808 360.7564800921573 155.73165831942697 Oyster-Closed 0
166.77298075376893 78.53725613912084 177.8293466929972 79.70879341048301 174.255871213707 113.43291142576007 163.19950582757883 112.26137749607172 Oyster-Closed 0
220.5740379473973 145.0373051536505 164.87788670762893 136.22185032111184 175.12247833576475 71.50028134768385 230.81791530962073 80.31567696080467 Oyster-Closed 0
330.410811096197 87.10950853487994 324.5389848638479 154.46664388015108 256.80702367965205 148.5618425710486 262.6792820328701 81.20519220881819 Oyster-Closed 0
199.4848563029518 200.1114301462683 198.0159362797458 149.769772544064 273.0449930063878 147.58048237955413 274.5144763923927 197.92155593896854 Oyster-Closed 0
148.38922946421008 204.7718924623473 103.06928986707135 231.5446297307804 52.71730187642606 146.31447143868994 98.03609352254352 119.54217484095729 Oyster-Closed 0
78.52921390179836 239.70309178993455 25.165474938174157 234.71682118168331 36.78396675032491 110.39401799311874 90.14565487942673 115.38019177716747 Oyster-Closed 0
131.3509292676572 0 131.35094050327461 34.49134555791279 84.90287158040519 34.491332889777006 84.90288399997371 0 Oyster-Closed 0
200.2634748248529 275.00555024567973 146.6901908554646 284.43978313026736 126.09550640867383 167.49529080034708 179.66631760921882 158.06128367959178 Oyster-Closed 0
197.29464180642026 201.2243131607514 240.38764755683587 202.246948363009 238.89431160117238 265.1692030183954 195.8013063131948 264.14658108788757 Oyster-Closed 0
276.0992703132142 244.94703034133843 300.21220217027076 230.2507885661226 342.0665447767278 298.91522589718136 317.9538270114572 313.611185465246 Oyster-Closed 0
391.8336491186601 368.54102099730756 320.3301081979225 363.39004573497766 333.0259792660363 187.22380127654682 404.5236183372508 192.37456905735357 Oyster-SemiOpen 0
93.08775363454697 214.59075850788517 157.68257763440488 224.72790625428703 141.4896151409921 327.8982905775712 76.89484999997148 317.7613969999975 Oyster-Closed 0
222.05034890253228 251.40611746986448 264.3259133113497 248.0614580572199 272.2367599162535 348.03777231846414 229.9612052070952 351.3823430153488 Oyster-Closed 0
384.72430645186614 401.6865392036461 326.2851672413126 442.9672699225935 245.28369155603286 328.32113185563315 303.71913943965046 287.0422421213929 Oyster-Closed 0
223.2386143309559 422.8029962243144 170.01495460194928 410.60152661307785 191.93043772080273 315.0363017697148 245.15079351172972 327.23737451981486 Oyster-Closed 0
241.52970619096595 100.1916897098182 195.74874564915444 84.35346276600315 224.24682065108937 1.979997128571036 270.02741085258094 17.818149538517506 Oyster-Closed 0
