38.89200637207614 126.10975075148748 6.2682237555600295 113.07717711707994 38.24796604792937 33.025522423843036 70.87142544418748 46.05802592903423 Oyster-Closed 0
299.09760527043545 46.54835728984863 352.33522598040145 18.245090077738965 389.26487878956686 87.70834987804544 336.0273455820243 116.01148279573071 Oyster-Closed 0
147.7485204898221 68.58323433076214 158.42378408471632 70.31852766377735 152.69495794811883 105.5609726855785 142.01969553088566 103.82568407814766 Oyster-Closed 0
196.50400996549797 133.9168224087383 143.3738809460301 122.61278902049348 156.78501166237038 59.581741940527706 209.9145550485191 70.88570941752144 Oyster-Closed 0
301.0283634169318 55.60078119122629 304.9587645726788 122.88644429002603 242.05658719236817 126.56040189010933 238.12654887918325 59.27508918219519 Oyster-Closed 0
173.9737179339536 186.70137422826704 165.58654155667318 138.37392577114747 246.19416332918627 124.38495604024682 254.5817661276851 172.7118612723313 Oyster-Closed 0
123.17157451816456 201.50118498455384 73.61503072260166 230.53454597719906 27.110784073287505 151.160760305163 76.66615644188641 122.12784307754579 Oyster-Closed 0
48.551352667160245 250.23025434327593 0 242.4563658666309 16.40936076781145 112.58004941929906 68.08792111939329 120.35377226438958 Oyster-Closed 0
71.3592971303733 35.258262745793026 69.29990400001407 2.3619594203218443e-12 113.58927461229905 0 115.64868867580662 32.67134844271854 Oyster-Closed 0
170.64222719538884 269.9075717703364 115.05107423725349 276.67127387267107 100.4119580106235 156.35253990402853 156.00055632847216 149.58899712754015 Oyster-Closed 0
171.3883250743529 182.8885452594738 213.86293461326932 186.3754112684959 208.34623037612255 253.57080509590713 165.87162633779735 250.08398438997168 Oyster-Closed 0
258.2014962598696 206.40628115082768 286.8167318879641 200.79458148992418 301.6664518362086 276.5093027639247 273.05124292041364 282.12091039049596 Oyster-Closed 0
356.289999414701 328.04569527485745 286.6757189203381 319.0243201120003 308.86053310612624 147.8735179252302 378.4700371539002 156.89458762815954 Oyster-SemiOpen 0
66.50635772752139 212.3578629830754 128.14358058481957 225.39243939727518 104.93538331584568 335.1244828373177 43.298269999988406 322.0902590000011 Oyster-Closed 0
192.786920198585 231.21917115841703 235.59525507323633 230.30805209725744 237.66928583630215 327.74266704672755 194.86095146088337 328.65376421099273 Oyster-Closed 0
348.1992586878405 362.28690877480363 284.59719629499523 408.49470625289393 209.86411174675231 305.64664653981504 273.4629053277022 259.4405575921343 Oyster-Closed 0
182.02414280457742 413.40909736014066 131.88749592631575 399.4946112947233 159.9606050276234 298.37138955392277 210.09410368300814 312.2854105675852 Oyster-Closed 0
220.85784890383366 81.98666059556086 178.614990828155 65.6435876326852 209.15859799100872 0 251.40122245247767 3.039503062697034 Oyster-Closed 0
