28.666781063337112 152.56651823991118 0 143.47850269374695 13.79515203426854 62.69088799224684 49.32884275743709 71.77883777105487 Oyster-Closed 0
280.85226650055483 63.24075534636188 328.2918912088753 29.49958810709248 376.7062533579119 97.56899730212974 329.26679102753405 131.309962543447 Oyster-Closed 0
130.2464463594697 92.1343213840909 141.33100834978904 92.33110343204416 140.71651299089717 126.94441860889836 129.63195102171812 126.74763721484763 Oyster-Closed 0
189.4274592938309 150.90369921357842 133.6252443330668 147.07383624025513 138.01351834605885 83.14282691371643 193.81497146470065 86.97266301543573 Oyster-Closed 0
288.093053704295 70.85725568696299 295.08571937717716 137.90739056995417 230.14249195874436 144.67976513557696 223.150283658033 77.63005689630094 Oyster-Closed 0
173.79964036709862 206.98358786115946 163.07217646643403 158.5240499195621 240.09607362638053 141.47404128310436 250.82395474646546 189.9329898363939 Oyster-Closed 0
123.63098622353573 222.26834597195844 79.80741553272674 256.02393944073935 21.838567186914588 180.76994811088497 65.66110510938597 147.0149572652306 Oyster-Closed 0
56.50526090603307 272.6329552368949 2.9953396433811577 272.34243197722066 3.6883720877958694 144.9548548210711 57.19577295322961 145.2453712108725 Oyster-Closed 0
92.45294125293731 52.12822414681746 56.077367117180984 67.46885497696088 36.32655467517543 20.635897960000626 72.70202277598946 5.295292737806821 Oyster-Closed 0
181.81183151589357 284.88247784973674 128.0136861281644 299.6693487707613 96.45794380792722 184.86996595765407 150.25353371827077 170.08347069199448 Oyster-Closed 0
171.16568458463735 205.85780489638825 214.42272788280025 203.0774779454792 218.57951890436743 267.7439450012568 175.32247921968155 270.52423426024563 Oyster-Closed 0
262.77075354507906 223.54453767867972 289.9721770412398 213.94752285455164 316.3596363262441 288.7312411491168 289.15829803947054 298.32808434895986 Oyster-Closed 0
379.5825819259662 337.5713498117213 307.8607005251215 338.7022987651945 305.1387975362413 165.9289616749114 376.855417919327 164.79805299801802 Oyster-SemiOpen 0
68.97281575112356 239.32336502321502 133.69124961525085 243.68197475625408 126.44640235976112 351.2411062724808 61.727981 346.8826189999987 Oyster-Closed 0
200.0769239218571 251.81492618576726 242.55832686472786 244.56796260498425 259.0804464458015 341.4061963179746 216.59908858132258 348.65297374355123 Oyster-Closed 0
375.6590783748288 371.4660868498163 320.3402686597219 422.6263209497216 229.6593975456526 324.5926055533315 284.9757235804027 273.43443741576044 Oyster-Closed 0
216.62747792333175 422.59050573112575 163.29941001488987 415.3634288011935 176.24876238876823 319.84648996767305 229.57350176204272 327.0733376985138 Oyster-Closed 0
206.43652470064262 100.50231439434455 160.5221942620592 89.33444239775895 181.3180899350882 3.838168537990409 227.23201627144954 15.005985250850228 Oyster-Closed 0
