301.6984116548847 225.10491882542223 291.10508283526724 169.8086545876965 409.4614770187327 147.1352755228355 420.0556447344352 202.4304626997474 Oyster-Closed 0
216.73779893195388 229.50736973040168 160.1494990933279 277.9353962586471 60.92545228860399 161.99838870782614 117.51184231923617 113.57171682636785 Oyster-Closed 0
105.22015356518386 274.83662062223027 17.82570089384899 274.0807769037934 19.249769143349113 109.7418984555739 106.6395819023819 110.49772274329365 Oyster-Closed 0
305.6399119780908 320.75886898573935 220.55462832090052 340.1498028144199 185.98705425700246 188.47702872248905 271.06642207305777 169.0868093048778 Oyster-Closed 0
297.83233715834285 223.51035128439656 368.3303812000595 220.93539748913872 371.0695734219662 295.92182587166553 300.5715316589558 298.4967355727824 Oyster-Closed 0
373.3328205639482 17.38807678453332 370.2176645469481 84.2748248756927 293.4411124435319 80.69885530793944 296.55647600000884 13.81233999998464 Oyster-Closed 0
143.9228128968025 248.84779865181855 248.05456253081502 272.5557177744255 216.48734345952835 411.1824518408235 112.35591525882774 387.475509869069 Oyster-Closed 0
346.95082386752256 283.61199901434196 405.02087016186124 272.4747894687677 431.7683765933216 411.91090200027475 373.6984655474953 423.04762355066134 Oyster-Closed 0
308.451486999973 416.0000000000195 308.45225391505664 394.3558104579211 372.50775820919444 394.3576302361546 372.50748698365715 416.00132291387456 Oyster-Closed 0
63.60071359937501 119.0539007582758 10.77959633847422 106.10584261335283 36.456249290306005 1.36148270129702 89.27681823651437 14.3094716137798 Oyster-Closed 0
223.329902999998 66.66046699999929 242.59731156143243 64.95503223424575 246.6646163887017 110.90546516072297 227.39720873086117 112.61089375388185 Oyster-Closed 0
416.0002067883106 148.68386100000004 386.53830715101503 148.68386099999998 386.5385951568387 62.029965 416 62.029965 Oyster-Closed 0
220.8456690389212 81.41137621552109 285.1696090397418 43.03595821845837 350.7053509268226 152.88363193749515 286.3817852990105 191.25855004777856 Oyster-Closed 0
