276.4238188499876 230.04458319551233 267.21760661273584 175.52562971805773 394.0173931222889 154.11442070034977 403.2245482655926 208.63218929992595 Oyster-Closed 0
190.1936884051429 233.57211173175273 126.56448199899387 279.88628422788156 40.980195399366494 162.3121283193769 104.60705119943668 115.99920259470761 Oyster-Closed 0
71.45688372063887 281.2680953855532 0 270.3213554151941 10.121541604417871 104.05020369510045 93.32988635360016 114.99665907926952 Oyster-Closed 0
265.79281918199194 334.6500254028969 177.6175424330504 341.1399708564509 165.94219790574425 182.4868522278388 254.11090267290274 175.9971547008312 Oyster-Closed 0
331.80723348827814 313.18707180703325 262.66344400669186 300.9876002027231 275.90966470798594 225.92819648121278 345.0510626026771 238.12745504408178 Oyster-Closed 0
296.97117976276786 15.571840400004431 373.1711254752263 24.778626516145717 364.9159741264848 93.10208918951906 288.7160369200392 83.89533342511805 Oyster-Closed 0
115.40532900965263 247.7212290109945 213.9311789304811 282.54516396131913 164.53967885906604 422.25945846286686 66.01457943104833 387.43703901985225 Oyster-Closed 0
314.04937355930815 288.1442919916079 379.90338821630576 283.53039248104915 389.09568435372785 414.70525795326296 323.24168912797177 419.31896729566216 Oyster-Closed 0
261.9104640000369 416.00000000000784 261.91099950725766 399.98458701789735 321.67621375945964 399.98614378336885 321.67602298575 416.00121133041637 Oyster-Closed 0
48.378540568948665 122.67267539853997 0 104.17954817881527 37.534042817776935 0 87.34818545519374 17.701163018608824 Oyster-Closed 0
216.42737939972358 70.50703391248327 235.9460716951071 71.1639655060859 234.40605103596317 116.92028523484191 214.88735882944457 116.26335612123484 Oyster-Closed 0
408.27434335202634 159.30622326126718 373.4150091230258 157.27593473015182 378.6940994332472 66.64463539601424 413.55281901072885 68.67490622117613 Oyster-Closed 0
211.16710907964443 83.18473699771614 282.26121686007536 49.56468622448889 334.83055108272674 160.72764953384396 263.73671797512 194.34726185922372 Oyster-Closed 0
