294.7265562661596 209.0483208643611 283.6414494372366 154.9689856238976 408.68107849743683 129.3389917670822 419.76695569483127 183.41732393714065 Oyster-Closed 0
208.7964065680353 215.5703542897651 146.91834980557178 264.00706419763594 57.41545294356911 149.67229049265038 119.29150481239776 101.23678627562832 Oyster-Closed 0
91.9710803024609 267.3047271724202 5.151180613884208 258.95216226149745 21.189649797692255 92.2807814452656 108.0049845298854 100.63312508710467 Oyster-Closed 0
287.76251330248124 313.7953673407593 199.99716583296686 323.3448535065975 182.8178143534933 165.4453128253007 270.5771236628498 155.89616533480253 Oyster-Closed 0
352.89148946577916 290.08175336747865 283.4670191656078 280.31545046140553 294.07026557956124 204.95820133994692 363.49251970530895 214.72434840028106 Oyster-Closed 0
384.0916415844076 0 384.09171017298286 65.94614746169697 304.5936498283045 65.94606629964295 304.5937307325912 0.000004351134103447963 Oyster-Closed 0
134.66030312618386 232.2951869352072 234.19190470697504 263.61717310230614 189.77077611139612 404.74949682304094 90.23975229415373 373.42880444068993 Oyster-Closed 0
334.2984272762842 265.70999168004556 399.85471012111157 258.81072522529627 414.281867896585 395.8725377714283 348.72562727133845 402.77152564434823 Oyster-Closed 0
279.26151000000755 409.7818479999778 278.5429198931779 378.8642810108855 350.99690910104255 377.1802014266159 351.71625798238165 408.09699244473427 Oyster-Closed 0
63.41402517445749 109.86015477076548 13.05985536260414 93.13993122628955 47.58294894698338 0 97.93673656656756 5.8927748766530295 Oyster-Closed 0
229.29628999996203 51.949751000000035 248.79726316345113 51.92522604363272 248.85474995602272 97.63534938518617 229.353776794047 97.65987426774774 Oyster-Closed 0
390.117103 46.326689 416 46.326689 416 130.832806 390.117103 130.832806 Oyster-Closed 0
224.49028010629263 64.78624325102214 294.2621643652201 28.756354904156662 350.59524093882646 137.8441741330302 280.8236176223618 173.87367370095694 Oyster-Closed 0
