153.5575599999829 157.99672199998457 138.92004641830135 131.55666608177597 180.67782427244674 108.43978538291063 195.31534828376607 134.87969739720944 Oyster-Closed 0
318.078227780883 193.35697282856435 294.2587764695709 201.72718653881776 267.2267301952852 124.80421652125007 291.04563100002997 116.43411399999601 Oyster-Closed 0
372.23626550246627 157.70993978569894 386.43502529711986 165.00836999836696 367.42594994167666 201.9875537134091 353.2272225585475 194.6891717250209 Oyster-Closed 0
250.44235700003628 176.86949499999724 295.07830127812485 168.60377150668208 312.0760802424629 260.3869771926729 267.4401743565213 268.6525513596492 Oyster-Closed 0
178.05405407704893 305.0075636493057 112.8784883348344 322.2568631037821 63.55715146400689 135.9094576730049 128.72779657066712 118.66086731976992 Oyster-SemiOpen 0
267.89392889264855 287.3693950437401 223.19159305251014 290.5145952232612 215.29894586013688 178.33244334732214 259.9992077131101 175.18731685787665 Oyster-Closed 0
199.0598739305824 208.3779075738211 233.75834193192713 225.29831791352856 182.82630732407415 329.73130833084326 148.128146863226 312.81135977000326 Oyster-Closed 0
327.6950123068236 341.2179621110674 277.91242489282376 347.2030521673406 266.81479115394905 254.8993635769887 316.59490674682456 248.91442636363908 Oyster-Closed 0
217.22048337433444 292.8621067399879 275.2349781094381 285.3170842811246 286.6664984313393 373.1992461635086 228.65204150624413 380.744071237572 Oyster-Closed 0
105.54976581668234 306.6150383692248 131.79793659648203 326.4238587309328 102.66288119459205 365.0221441829245 76.41495599998962 345.2136060000041 Oyster-Closed 0
114.9216747247483 351.09593174780724 110.06793827399451 385.06057515943144 67.057599202868 378.9151157605876 71.9117290000213 344.950948000019 Oyster-Closed 0
201.78062461070294 435.09843818893734 133.45939400002317 416.0000000000009 162.90579737526787 310.6978470204325 231.22243091868586 329.7956061964003 Oyster-Open 0
217.3731289999887 416.00000000002035 217.37468880453162 362.64460580677945 269.25929157355495 362.64614606110746 269.25868399353567 416.0005872555279 Oyster-Closed 0
389.31793709770864 377.59086822881545 380.90267527720425 429.9748503161234 273.9965726313385 412.8029236067618 282.4134009094778 360.42093312923504 Oyster-Closed 0
76.25371325053493 400.2950614966928 75.40811824125194 414.78981314714787 48.34968500001196 413.21155899998286 49.195411612075986 398.7169484085476 Oyster-Open 0
