171.3364829880411 151.40260691617863 157.10670756757827 123.74851486086243 198.09357999863641 102.65875559191136 212.32337748658756 130.31270898680347 Oyster-Closed 0
336.7527248641818 193.87003194230243 313.61155740791946 202.38942729611094 284.94953439920937 124.53830328306746 308.0901620000186 116.01902300000128 Oyster-Closed 0
390.0187005011758 161.38186129510552 404.6772804129687 168.73985759133785 386.525241613308 204.9001726558238 371.8666935121255 197.54222453314773 Oyster-Closed 0
268.9330450000125 174.60037799999972 312.74641554429036 165.55699594071876 331.8897544102001 258.295758100265 288.0764307687168 267.33897573098795 Oyster-Closed 0
199.09129645182838 297.660366982006 135.47066814174832 315.73195106215985 81.99738156131934 127.49106185321861 145.61333565379027 109.42020650085209 Oyster-SemiOpen 0
288.79779167184824 284.42645405407757 244.49645295599112 288.5564984466365 233.976619567944 175.71367719743597 278.2759138789552 171.58372940949505 Oyster-Closed 0
217.91282026247063 204.62430121876332 253.71222915513863 221.60702406358826 205.23242815059348 323.7899950731579 169.43330821052223 306.8077151846334 Oyster-Closed 0
349.59200034171954 340.1835271959084 300.47016432308374 347.18462240188404 287.16338973692837 253.82603232739797 336.2827598264339 246.82511912826627 Oyster-Closed 0
310.5214897384576 371.5602800499153 253.52106049997747 382.0447106750049 237.42732280959171 294.55853087936197 294.424808199019 284.07438056004025 Oyster-Closed 0
127.16137669833188 297.7342081080267 154.25215228460002 318.2369322497505 126.08226275414563 355.4513530134904 98.99172600000384 334.9489029999866 Oyster-Closed 0
138.22654725955 342.74236189567165 131.92612399967766 376.07608733149937 88.18587472318904 367.81010294864484 94.48665100002108 334.476843999988 Oyster-Closed 0
226.86256968860107 428.6613875132874 156.85763399999996 410.5149970000019 183.43668354707188 308.01665851273464 253.4369565014531 326.16240513397696 Oyster-Open 0
240.72731300002124 416.0000000000085 240.72893561673118 361.01074182280297 293.35190200569923 361.0123168068029 293.351271993557 416.0005824271354 Oyster-Closed 0
414.26081638898904 382.2781640317651 403.63437459849956 433.70459519675137 295.6319912696199 411.3908851450011 306.2598700000017 359.9664209999809 Oyster-Closed 0
101.11129714938943 390.1572549306935 99.60639648117285 404.51602003304595 72.53686600002402 401.67954799998597 74.04188620989225 387.3209193932751 Oyster-Open 0
