171.39662551520814 147.50420198751618 153.75868320058726 122.080722930453 191.90019470244442 95.62014305873709 209.53810625514598 121.04349965334376 Oyster-Closed 0
340.132008543289 167.9506774338023 318.0166027517116 179.19041228210764 280.5014443112668 105.37765331558857 302.6164350000072 94.13805100000187 Oyster-Closed 0
389.1170973652843 128.31633598486323 404.4553322995489 133.8160624337393 390.6747585256344 172.24733111137098 375.33653859014885 166.74763450442364 Oyster-Closed 0
270.62238300001627 157.71593299999435 313.2390390792207 143.5944892576015 342.99133661813903 233.3776750379127 300.3747840380347 247.49888751952022 Oyster-Closed 0
215.9129079777922 290.082844782616 154.54024268657668 315.56903781854334 79.58674626166976 135.08778911372028 140.95518192579766 109.602620547907 Oyster-SemiOpen 0
303.17124012933346 264.8453020463431 259.5786063661544 274.09632028879895 236.0365964517914 163.16686270420843 279.62744696138907 153.91603864117084 Oyster-Closed 0
223.61272598523283 194.2415378379803 260.95650237628433 206.714879317172 224.79965179535793 314.95296586929305 187.45602993309876 302.4799397560381 Oyster-Closed 0
369.99405219857726 312.49468868190706 321.89830278372756 325.1753939870652 297.88121201424656 234.09096739791806 345.97481713181696 221.41056516200962 Oyster-Closed 0
254.4174960525852 278.3659267851944 310.36496973929025 263.04514841503857 333.93962658540113 349.1199229497954 277.9923010618004 364.44032146523784 Oyster-Closed 0
144.43867194616905 299.2880144054747 173.63699387416273 316.1551565915378 150.04332645621253 356.9897932355137 120.84517199997936 340.12287999998875 Oyster-Closed 0
160.4905212996855 342.63741623718596 158.6517638296791 376.7084805864475 114.48598443124138 374.3249572123245 116.32519099999627 340.25437099999795 Oyster-Closed 0
258.3451620122396 417.39487087597035 186.98841499997434 407.66008799999895 201.52647602921934 301.1430516056182 272.8783473310432 310.87749276418907 Oyster-Open 0
270.5410590000174 404.52784299998604 267.68328695425225 343.149207472303 321.1700145686227 340.6595635165412 324.02881348207666 402.0371161379245 Oyster-Closed 0
416.0012236837865 400.824964 327.58214432034947 400.8249639999999 327.58417181499317 337.35931999999997 415.99967196831494 337.35931999999997 Oyster-Closed 0
129.12585548184143 394.83557077408204 129.54774430595353 409.33114587019065 102.38864000001195 410.1211899999983 101.96689451007842 395.62575465921753 Oyster-Open 0
