221.34071395948195 175.65057189267614 211.7516035271583 136.24018286509846 264.56475986691294 123.3904476991472 274.1540603397043 162.80055285702892 Oyster-Closed 0
352.88462363058716 211.17977129776125 398.6366322088252 188.8680343691105 438.11202461896755 269.8082596248914 392.3602924342413 292.1195711578754 Oyster-Closed 0
270.5417538908732 319.04192594440053 194.29699816185166 352.1816667946697 109.38366821888849 156.836680883642 185.6225444136944 123.69839780555418 Oyster-Open 0
294.5879474814974 221.43955163662133 341.3208606397711 191.11108783931553 405.677082203536 290.26700961372865 358.94479025746114 320.5946703110245 Oyster-Closed 0
289.6912155774844 315.3633557346043 254.3095547316152 292.01275443672796 296.62246727790625 227.9081006947873 332.00318856280865 251.2582826995237 Oyster-Closed 0
412.2706106095393 350.78525090305453 388.0869475148211 349.3688806679893 391.9559033867299 283.32950932890526 416.1386894209354 284.74585407370597 Oyster-Closed 0
277.44139297311267 370.3385804526499 263.4077624162819 324.0064500045332 312.8066973097157 309.04697681911597 326.84073243801686 355.3783859489265 Oyster-Closed 0
397.5478646293959 312.71681878596064 428.5194115296508 404.88464085027255 356.6370371560406 429.0313394889047 325.66816267343165 336.8657802029599 Oyster-Closed 0
139.12819144308378 364.67226338003377 134.16221999835398 319.91074735651057 185.1468188440922 314.25536494710207 190.1133904214512 359.016201827009 Oyster-Closed 0
188.56449033408353 363.11407601826335 179.58788439135606 400.02441501659104 122.1224482301077 386.05143428927556 131.09953600002336 349.141814999993 Oyster-Closed 0
223.23838600002273 415.9999999999948 223.2419493727939 360.719272044908 336.3454250165196 360.7244894307137 336.3439912003778 416.0031759249067 Oyster-Open 0
364.2561260000184 416.00000000000165 364.2565690120646 394.6063580729549 398.25264847607104 394.6069134853825 398.2524649974657 416.0002984074905 Oyster-Closed 0
