221.11599450763242 163.06512059976097 211.01699847211057 124.57619800218666 265.4594489561059 110.29162339581312 275.5586121600463 148.78028323550384 Oyster-Closed 0
350.17886670704684 195.56407270806866 398.7017294505531 174.11458799432341 433.80348405880795 253.515364230188 385.28083925608735 274.9644818033084 Oyster-Closed 0
262.57469753940313 306.8544792776579 182.83479508544042 337.772403085774 107.75669571738763 144.15234050139256 187.49073813993164 113.23567961742869 Oyster-Open 0
290.5945402268444 206.2646454681866 339.90636311001435 176.27681872892768 399.91299740092654 274.94261855694975 350.6017127498526 304.92971599199376 Oyster-Closed 0
280.8353467300767 302.1562137368358 247.33305213983476 278.5736893168961 293.5206868042951 212.9662295611065 327.02213697870684 236.54833522557453 Oyster-Closed 0
402.4979381768826 333.85295722658026 378.5207944454196 331.1905088452674 385.75545586233784 266.0524716442358 409.7317898623842 268.71487509073614 Oyster-Closed 0
267.5452601930265 356.1283012971362 253.118445663913 311.0478435764973 302.8287348437516 295.14236112883043 317.2559097963531 340.22213890468646 Oyster-Closed 0
387.282807171865 297.0167335249705 418.7880454430597 386.53750453573275 345.3134425106764 412.38752660748787 313.8107568992964 322.86891445721125 Oyster-Closed 0
128.9906998531078 353.9546745976362 123.11210979950192 309.7738720701289 175.698646709272 302.777996327918 181.5778092855253 346.9581285942557 Oyster-Closed 0
177.0194521034755 351.28697130542145 168.6632205384485 388.9515628076931 112.25474667350863 376.43894530673066 120.6114700000071 338.77504900001645 Oyster-Closed 0
201.70151699998314 415.9999999999929 201.7061006498734 346.38908543358866 324.53743006851437 346.39540172890486 324.5357177366968 416.00352248339595 Oyster-Open 0
331.72032400000535 416.00000000000085 331.7215714221202 378.07653967407873 386.0139340741516 378.0780026301959 386.0134072706787 416.00075271681976 Oyster-Closed 0
