218.09678664074818 155.54097372241165 203.79809422910694 118.71650541670543 256.87133029322285 98.10908415960785 271.17011777480366 134.9333165838665 Oyster-Closed 0
349.28039140182955 172.90545176219908 396.1354515068415 146.4209889388042 438.40124934210326 221.19127982391439 391.54647239743645 247.67534864053448 Oyster-Closed 0
272.67636131025574 294.1454382708122 195.63437477651314 333.0151319279948 102.7471962026757 148.92008764851334 179.78404408743518 110.0519454943139 Oyster-Open 0
290.8078864654308 190.24228930291125 337.35218875069404 155.05352689515198 406.4368776086121 246.4254346635354 359.8932286643503 281.61342949492706 Oyster-Closed 0
290.0382552820338 287.2613809309541 254.72846114559434 267.3196058815451 294.7079940431322 196.53859387923396 330.0168325028899 216.48003261348197 Oyster-Closed 0
414.2241887260061 304.33737496778275 390.1265572787961 303.9169292975851 391.26640244006194 238.62014353752934 415.3632943001576 239.04058282538418 Oyster-Closed 0
282.3304008495834 342.00046090397024 263.0721743152426 299.1858776417799 310.9042656467136 277.67446267655225 330.16266136475315 320.4884285181917 Oyster-Closed 0
395.044808674058 269.7866043493583 436.0429052860163 354.469878819492 365.29937833064105 388.71062082645744 324.3035309416773 304.0292589756377 Oyster-Closed 0
144.24302268686006 355.9943493120658 133.37400677793994 312.9920310099173 185.379892679357 299.849652971921 196.24934937761282 342.851314164568 Oyster-Closed 0
191.30527649421128 347.830511495326 187.3487926255657 386.32750803509776 130.2155591154551 380.4562133347383 134.17266700001346 341.95992299998613 Oyster-Closed 0
221.9535859999669 412.12578600002314 220.49924024259235 328.52992096100985 339.62947828212054 326.45649819200827 341.0870044262192 410.04922186333425 Oyster-Open 0
335.79982300000484 410.13859200001076 334.784198638612 351.82868626726344 405.33493320390335 350.59968899557066 406.35191408031824 408.90824674499845 Oyster-Closed 0
