265.341539325138 135.31830502429233 273.4977654768336 141.9707903827214 258.7466611152813 160.0555585915032 250.59045332925234 153.40309338461378 Oyster-Closed 0
313.84572517597553 194.7040906219656 299.39479818012114 198.09446586290318 291.17414942841424 163.05701060301752 305.6249203574371 159.66665435287692 Oyster-Closed 0
204.48722312422615 187.95570244175835 194.71661584686808 186.33468883288387 200.69721978105008 150.28907976097997 210.4677188375972 151.9100839870074 Oyster-Closed 0
226.71181658830028 163.09408156930604 231.52993996332953 180.32989864156306 211.79813791273773 185.84539870221082 206.98007798791514 168.6096361213561 Oyster-Closed 0
187.93821430440585 193.20835055290368 170.12091570549455 191.49882326402363 173.56526284806387 155.60359342173382 191.38236869350294 157.3131114995268 Oyster-Closed 0
113.46151525051027 157.83788222920464 128.40561150022404 161.74314659069393 118.35945659348727 200.1841955009841 103.41536960379017 196.27895570864007 Oyster-Closed 0
323.48971200000597 223.15839100002137 322.1814126599784 203.1856215798597 342.87206345290906 201.83040010202612 344.18043465608207 221.80309223676838 Oyster-Closed 0
232.54735231907398 189.03116024420572 245.87593127476794 191.0635432505244 242.01098041578007 216.40849989241536 228.68240357695322 214.37612619198725 Oyster-SemiOpen 0
305.7957238730087 232.12373409205517 287.09248792669314 230.39467294982583 290.1435523197797 197.39554471960096 308.8465521778562 199.124594777471 Oyster-Closed 0
124.947140385495 185.48694377822204 138.44804679038498 191.40951276673388 128.04847682702894 215.11438349889517 114.5475864664877 209.1918415610763 Oyster-Closed 0
203.05693367962522 199.1803409380776 210.0819890953535 201.04735479351973 202.48195590836986 229.6419143585599 195.45690443296553 227.77491091488014 Oyster-Closed 0
167.97842287133608 224.0345629382139 158.35808004492355 227.5874611109784 146.6649167430005 195.92773872488388 156.28515000002153 192.37486299999821 Oyster-Closed 0
212.62006300001667 228.76626200000436 210.2213674837476 216.89210452181612 226.02193714409077 213.70049506742538 228.4206602283448 225.5746156285908 Oyster-SemiOpen 0
171.09159056528733 194.97288463761396 176.89906678025 195.8235732039015 170.8058125909629 237.41765774918943 164.9983378548277 236.5669760296443 Oyster-Closed 0
324.1293061552751 224.71977024395832 341.6830935687103 223.00042313232404 345.1316665804079 258.2053844792752 327.57788101071856 259.9247186696264 Oyster-Closed 0
382.3164099220121 256.3966315248726 374.4660414951686 260.35305644315724 365.1871652430236 241.9438165034708 373.03747457598 237.98740945961956 Oyster-SemiOpen 0
282.8846794879064 252.29115025196828 280.0531549986408 237.13360481494212 301.6062943157485 233.10774928498753 304.4378728939482 248.26522342426142 Oyster-Closed 0
317.106838896565 235.11192730723099 323.0878268277447 235.27370446717794 322.45979455057386 258.4899578105766 316.4788066523579 258.3281814671068 Oyster-Closed 0
227.9529938186497 225.81486929064698 231.7548931497513 243.67976560688422 211.44109582651436 248.0023112280862 207.6392849999902 230.1374920000142 Oyster-Closed 0
169.29473529304232 211.05800080654333 188.91488457645755 212.78955372251642 185.5668472021316 250.72259076937345 165.94669966967194 248.99105122309993 Oyster-Closed 0
142.63447239219386 211.78101771800252 156.10790064907633 207.44154535291517 167.56133721344304 242.9996996677717 154.0879237899535 247.33913954439643 Oyster-Closed 0
286.6524729583398 279.969154308744 266.659962734444 283.8134681387634 257.9813960738211 238.6843906678592 277.97349995684635 234.84011685310557 Oyster-Closed 0
151.19616125764878 265.30069863403764 139.40893084241907 265.0676230579158 140.26790715953393 221.63706922955026 152.0549204869676 221.87014267381304 Oyster-Closed 0
151.43377515487373 248.8850278673998 169.07747232175097 234.55087302018515 183.741537780199 252.59873243658419 166.09790696225537 266.9328137233602 Oyster-Closed 0
212.97749672812643 276.2969024765484 200.03913625542555 280.01175547367205 188.45455045064227 239.66867020896362 201.39267580301748 235.95385335795967 Oyster-Closed 0
224.67328651049684 298.4113557798205 205.48678791231941 295.82816779512825 210.97079957426104 255.1032374693383 230.1569188793219 257.6863995501497 Oyster-Closed 0
357.37993075549093 283.2812407685581 373.61287966117015 286.72646247998705 368.2111194553654 312.1741625193974 351.9781778914221 308.7289643289289 Oyster-Open 0
315.6788040632746 285.34114039258816 297.7722289451376 312.0983848591269 270.9941700979289 294.18038092469266 288.90069738276725 267.4233586125564 Oyster-Closed 0
207.42407951238783 347.84115285915317 187.54244107316117 346.04302872476154 193.70255179818923 277.9480957576088 213.5834485050582 279.7461862144605 Oyster-Closed 0
236.5657994251451 334.38137566092485 218.53417940495274 341.33048476945004 208.69623365366715 315.80734050040707 226.72759793507794 308.85828655037017 Oyster-Closed 0
106.73936042061905 305.0986199488272 128.33360805442135 309.45930322817 120.1790029789372 349.83366653511894 98.58477043670428 345.4730351813235 Oyster-Closed 0
347.53954488449017 399.4192580314367 354.82502947980174 399.2392822417636 355.23919500001284 415.9999999999997 347.95371044551575 416.1799747072 Oyster-Closed 0
