275.47373458086076 120.6661275658336 284.9789407299577 126.07193962857336 273.8611122127586 145.62015254944606 264.35591640514394 140.2143546967781 Oyster-Closed 0
334.08545045649953 174.38706263348115 320.99542749559623 180.04573082942062 306.30178713326313 146.05683900938777 319.3916916912531 140.39820002550834 Oyster-Closed 0
225.99936878411245 177.87017151556708 216.1531615085587 178.14331985711962 215.1522208868082 142.06216056119848 224.9983240874608 141.7890137015746 Oyster-Closed 0
243.63238125102362 151.44649022415047 250.48934914881102 168.58015379525713 232.68735030203243 175.70420616275683 225.83043835976787 158.57059007331026 Oyster-Closed 0
210.76290668816728 184.65471607008683 193.16309529362115 186.3485675753023 189.59849773946553 149.31190639584872 207.1981209681253 147.61806391467348 Oyster-Closed 0
131.1158990021031 157.86214777503795 146.58499810430658 158.85648776452015 144.0693091592875 197.9913538619038 128.60021066320041 196.99702000764748 Oyster-Closed 0
348.72307986599844 202.46255429494482 345.4540303515132 182.44469716508928 365.14775680845196 179.2287830844882 368.41685979894464 199.24657320179531 Oyster-Closed 0
253.71563421982864 177.56884738014816 267.096013693299 177.02274173487174 268.1383180048033 202.55913695648437 254.7579386685793 203.1052402651108 Oyster-SemiOpen 0
333.5505062730481 212.44938933624735 315.0940161025828 214.28929378130914 311.82492443524825 181.49749367851626 330.28120264701647 179.65759996188362 Oyster-Closed 0
147.61480084876894 183.65900989018053 162.24771544632677 187.04121771040522 156.45486607490602 212.10192658262073 141.8219565749023 208.71973393004646 Oyster-Closed 0
226.73690984355562 189.9569199165493 234.01765901948966 190.45585248835877 232.00228571821935 219.8633912692879 224.7215367994686 219.36446134806698 Oyster-Closed 0
197.0342079345428 217.48191034015167 188.55569574943001 222.36023116117263 171.19223667564438 192.1847748363782 179.67066400001931 187.30648499999313 Oyster-Closed 0
241.7474150000089 218.2365030000226 238.04740970789499 206.37841044508303 252.32737663526132 201.92305925260402 256.027400041723 213.78111932072613 Oyster-SemiOpen 0
194.6597540000039 188.5144079999992 200.4798164633139 188.2428015002218 202.43919915320657 230.22590134439554 196.61913683243984 230.49750572647503 Oyster-Closed 0
350.2834892986357 204.38211433625818 366.72003652790227 199.60220054604804 376.8499292269771 234.43275111865975 360.41339580393105 239.21263144673696 Oyster-Closed 0
413.0279819926909 229.81031797962703 406.2612901726716 234.6973430686467 393.7001780343817 217.3064360708671 400.46683025106177 212.41943159655983 Oyster-SemiOpen 0
310.86768774807933 218.59622808565885 331.34057534522435 214.86802726043393 334.18465492525866 230.48453778595345 313.71177049405014 234.21272689692717 Oyster-Closed 0
345.30944433661716 215.27134124285092 351.1030968245759 214.317881174267 354.8744841492007 237.23251654978768 349.08083273301236 238.1859722074371 Oyster-Closed 0
256.7515041066763 213.70197622221983 262.5314933461632 231.53349022577652 242.91261454778942 237.89219222586235 237.1327109999911 220.0607509999824 Oyster-Closed 0
219.86660605830912 242.07582422234842 201.03100834263023 245.28742293474485 194.30612615676364 205.8496033182602 213.14143555845294 202.63802958885577 Oyster-Closed 0
170.16713060697293 208.16554293256956 182.14888189178964 201.87789349931245 200.08609671504018 236.05622801126248 188.1043778607127 242.34382993090952 Oyster-Closed 0
323.66680116218777 261.4619647904304 305.38002740991215 268.5585459231561 288.18499126754614 224.25380439477615 306.47143332821724 217.15729483150514 Oyster-Closed 0
169.27329392218235 218.98541968928873 180.602637048014 216.61266499256618 189.48757848518653 259.03211671604805 178.1582420535451 261.4048498473744 Oyster-Closed 0
185.64712097914526 243.8670088713934 200.32172098272713 228.11276893017512 218.09329477135907 244.66477915341443 203.41877899761676 260.41893692138 Oyster-Closed 0
250.85996088615138 264.835055855809 239.27214632300092 270.48546373479945 220.3964617143356 231.77952153015798 231.98408964798364 226.12916800788426 Oyster-Closed 0
266.7615397272748 285.5198372678584 247.5984128406635 286.6358195727299 245.22352819711523 245.85716992589155 264.38628985708783 244.7411982828835 Oyster-Closed 0
393.81873244141025 259.9931417373008 410.3935468491727 260.27754362956136 409.9473384346493 286.2790273802993 393.37252407782216 285.9946272677256 Oyster-Open 0
354.125096186428 265.2570590551935 339.97770021064935 292.61527657048964 310.17239002388305 277.20429169571577 324.31981385779363 249.84629597091987 Oyster-Closed 0
259.1693614900578 335.40095614240977 239.5611991259757 337.3940915905656 232.70838727399678 269.98508369207343 252.31584895809283 267.9919840711325 Oyster-Closed 0
285.10966460782583 320.62549096514596 269.2644201902149 330.01673166127216 254.76347820660158 305.5542879834957 270.6085269602372 296.16312190798476 Oyster-Closed 0
174.47520736736624 346.15664448850566 152.57252302771667 346.42949488482736 152.0534686727733 304.751337364931 173.9556242682047 304.47849028645413 Oyster-Closed 0
406.39721222818116 375.6376384264098 413.004100224407 374.2076108993314 420.07730786538013 406.8780385842385 413.4704251186631 408.3080496741103 Oyster-Closed 0
