258.45125559856024 121.82353255091893 267.4208027391396 127.33783034347755 255.23737079393322 147.15474913193347 246.26783529144086 141.640466487834 Oyster-Closed 0
314.2910504543979 174.43746500364875 300.47684998625846 179.6842917004434 287.6899374804525 146.01945895059592 301.5040127292814 140.77265857447657 Oyster-Closed 0
205.32046715337492 181.67451594401655 195.44608378846533 181.37304422067078 196.5589496914472 144.9259514475959 206.43322547070056 145.22742148516596 Oyster-Closed 0
224.00045149224024 154.24507888080097 231.00957062959787 170.72823555628383 212.2605482346662 178.70042433249813 205.25148728774366 162.21731706221104 Oyster-Closed 0
189.66054149379488 189.00394303135718 171.8270932215528 189.6839852815842 170.45177760815568 153.61722091056004 188.28503511127565 152.93718226222282 Oyster-Closed 0
111.33805747470615 163.5408473278111 126.63933659658869 165.41146766204184 121.82605092056838 204.78086242965966 106.52477401539 202.91025417972358 Oyster-Closed 0
327.6208942906378 201.43060347993531 323.76359382456576 181.78966299237717 343.9919970116607 177.81723571550953 347.84934796316884 197.4581087930652 Oyster-Closed 0
233.19487109457623 179.2498516153235 246.64013337893994 179.48449678556187 246.19325450668111 205.08922113309552 232.74799225121387 204.8545769800205 Oyster-SemiOpen 0
311.32447603881883 212.5301749481664 292.6133630554323 213.3085062606371 291.2382622035002 180.2505464477845 309.949158245985 179.4722196972127 Oyster-Closed 0
126.37097135788645 189.43499952837496 140.52679128941236 193.49878059204406 133.3926870089781 218.3480037738515 119.23687483031244 214.28424158151347 Oyster-Closed 0
205.3974440427628 193.03996902164332 212.5947433194815 193.95022479180085 208.8864222820739 223.2693722352011 201.68912390511832 222.35912138974606 Oyster-Closed 0
174.03305434110007 222.11619088021516 165.00670468160024 226.88017814744012 149.24005831244722 197.00931022136248 158.2663150000044 192.24535299999138 Oyster-Closed 0
218.78849599999376 221.1208010000127 214.87867957796334 209.64745965154188 230.0435902323443 204.4800516541311 233.95342384805554 215.9533589421362 Oyster-SemiOpen 0
173.24615754841216 192.93196195999244 179.09961963794558 192.99980949109505 178.6128237774392 234.9942615284551 172.75936169807392 234.92641453732077 Oyster-Closed 0
328.46723436752654 202.923289499524 345.5696465839319 198.90461624725367 353.66555313011486 233.3559073627726 336.5631501386342 237.37455332935951 Oyster-Closed 0
390.18448583306235 226.86168350971892 382.9549036864373 231.7866839756843 371.3345038868647 214.73012999151027 378.56404423042477 209.80514926611474 Oyster-SemiOpen 0
291.34475460834074 235.47898711503612 286.5837917025892 220.80385337800965 307.3451373873395 214.06897144273475 312.1061336175262 228.74404150738803 Oyster-Closed 0
322.9057742614423 214.11211295429462 328.8352335448544 213.47793194655213 331.3030020976621 236.5490405674828 325.3735432795256 237.18321865567853 Oyster-Closed 0
233.5750301061271 216.23307616672426 239.6500585850663 233.47039943026692 220.1231481990726 240.35164487361075 214.04820400000972 223.11439300002002 Oyster-Closed 0
173.61235206408674 209.12976373974263 193.22937364712197 208.23221395936693 194.9717209910341 246.30997755349355 175.35469988883415 247.20752049164412 Oyster-Closed 0
147.3635342954003 213.2265960244872 160.0880684810436 207.17885345900785 176.13869873684598 240.94666851962128 163.41419319701163 246.99436583082837 Oyster-Closed 0
298.7603772259208 262.37682092345193 279.5360090986178 268.8053387004061 264.94779160475446 225.1835466786314 284.1718119489997 218.75509174524475 Oyster-Closed 0
162.93746571709198 265.1098302239636 151.26360827043754 266.4440493369986 146.3348255773235 223.32306183571623 158.00846958465627 221.9888549555917 Oyster-Closed 0
160.98346765500537 248.84664030092068 176.54745219331016 232.426551885908 193.4376671071368 248.43447627877597 177.87376763922293 264.8544811548283 Oyster-Closed 0
225.45601926606105 268.1430040416119 213.17747696260994 273.506950311945 196.36443829729978 235.0246644549267 208.64277889949517 229.66076912314168 Oyster-Closed 0
239.97022043271863 288.542392 220.66333423989272 288.542392 220.66354315169156 247.503797 239.9700552415561 247.503797 Oyster-Closed 0
369.1133521836673 256.74341116734865 385.62333942292753 257.98751225773265 383.6702107234014 283.90346074156014 367.1602243724119 282.6593673547709 Oyster-Open 0
328.2177100524932 264.05834322885306 313.9394007484152 292.78232762910636 285.0918044792452 278.444278856636 299.37015174821863 249.72051773785697 Oyster-Closed 0
229.49619904845167 339.66942704066236 209.61169499931566 340.53584175682 206.63961639758418 272.32888946872606 226.52339266057243 271.46249059565486 Oyster-Closed 0
256.50190861851297 322.69577663255376 239.62119873751362 331.90924363061833 226.50380854837204 307.8798858091021 243.38430891973258 298.6664897688525 Oyster-Closed 0
124.29663120499754 310.2931980603662 146.22845056770893 311.72842120272884 143.5393418812273 352.8132404616297 121.60752414329181 351.37803462407135 Oyster-Closed 0
374.4715855007453 373.19153826645197 382.615750114961 371.7036844511495 389.42559854978754 408.96941656622965 381.281439175149 410.4572509722917 Oyster-Closed 0
