215.56004054655932 178.40185310105338 202.81432327276707 179.42974951188427 200.62291418726454 152.25749843179148 213.36853178319507 151.2296060352351 Oyster-SemiOpen 0
237.13023167415668 193.63012524212425 220.0185557452678 195.9818966395382 214.24140362268736 153.94846236314123 231.3528651022025 151.59670571000726 Oyster-Open 0
159.82955482816396 182.20327456007516 172.1870583461241 189.27871681155946 146.4858857107538 234.16330900922708 134.12843061154126 227.08793369934747 Oyster-Closed 0
240.53686611316516 247.7159081532225 227.3362529690421 247.6407489385249 227.70037588583727 183.72685052719274 240.90066413507884 183.80200880835272 Oyster-Closed 0
387.880191747925 205.73636832570133 407.36861622582364 215.18285938445788 388.76038423618957 253.56873274329604 369.2720126357963 244.12232303623628 Oyster-Closed 0
202.57837048196598 253.0082464163185 178.1428932472263 240.48131465105084 209.02975883900217 180.23809402395597 233.46473019249242 192.76487085351022 Oyster-Closed 0
121.82892378377437 253.0701429475613 101.70399921389253 249.79269084493853 112.82017838519823 181.5423737326211 132.94458374243914 184.81978285969728 Oyster-Closed 0
161.37145045902798 198.03164794246163 193.90788403277475 203.9043041407479 184.25711600964496 257.36802450671405 151.7206994474509 251.4954321764397 Oyster-Closed 0
242.26246610892485 264.48854923166425 230.1073610615531 261.0861738559969 239.9243726030436 226.01878695343092 252.07929631506704 229.4211353443187 Oyster-Closed 0
350.3915315423328 264.33107528326525 360.4242579533093 246.0686179623227 391.95759945324244 263.3897989859293 381.9250498565234 281.6521041195201 Oyster-Closed 0
175.65804953066618 282.44566310098674 145.776272731855 268.22165321284643 162.3804824369763 233.34424900828085 192.26182501398944 247.56813830316813 Oyster-Closed 0
190.95668785316957 243.0237903132989 213.09898949283888 237.56632719369372 227.30517281435095 295.1974933195281 205.1628996558611 300.6548795414346 Oyster-Closed 0
65.07489713390169 245.15031728232657 87.76118504841725 248.30123747428684 81.55460544675952 292.98242718617325 58.86832415747995 289.8315406416913 Oyster-Closed 0
203.88271149256616 310.6035643108307 185.28707215626855 314.96021444837027 171.91998636093922 257.91211264422265 190.51510177272212 253.5555264139736 Oyster-Closed 0
253.49951524518838 323.0394002480408 215.7976967097602 329.2496499293459 203.9974708015725 257.6180721221802 241.6979090655841 251.4079388663479 Oyster-Closed 0
0 238.34394799999998 19.720968 238.34394799999998 19.720968 296.603495 0 296.603495 Oyster-Closed 0
27.849995003769436 244.55755397175903 47.384226268997736 248.4162289860354 36.31468176578346 304.44771415797237 16.78046575774715 300.5890925357281 Oyster-Closed 0
300.98742380631666 265.6841665724151 326.99156550973566 270.0010836657352 312.76441674499074 355.6883138869499 286.7602997712238 351.371499922079 Oyster-Closed 0
156.6809919520747 276.44010095100657 196.3175102137866 277.35089021987346 194.984967190343 335.3324441142033 155.3484492867865 334.4216691479305 Oyster-Closed 0
262.2761533937628 361.9439723677944 198.3698064248165 365.84404781433676 192.399482847748 267.9976820258778 256.3023298482076 264.0977143420857 Oyster-Closed 0
146.71623627442386 292.172229226978 156.68938079568397 295.16148544549975 141.77730597493792 344.9044171995604 131.80418007033222 341.9152045954757 Oyster-Closed 0
41.085317677247076 355.044034723602 21.35677403407317 340.73975486085124 57.215199944752385 291.2932631328148 76.94327095686094 305.59729569846013 Oyster-Closed 0
270.77568573654935 310.3953971522835 291.8281220450772 310.04543378970874 293.0747163831438 385.0204813548479 272.02228035166263 385.3704366564656 Oyster-Closed 0
107.65719665994402 309.91782820329763 141.375393825012 348.8228433888432 102.99220497475471 382.0811120149303 69.27463746580179 343.17669508084447 Oyster-Closed 0
109.06392849104304 376.10364738311614 120.39041598442782 336.0734012509095 161.04712771772392 347.5746191720532 149.7212695466551 387.6043264953852 Oyster-Closed 0
180.78217747557574 413.2256236288559 140.37045046985077 397.5121329743928 169.48651996215995 322.6530777293512 209.89636967182014 338.3661614038078 Oyster-Closed 0
350.9333098336501 373.4548375641106 368.13684940782696 372.4773351123133 370.0815538451898 406.69418143342773 352.87801529198987 407.67167238546665 Oyster-Open 0
39.52011868682894 361.5623367852494 38.00907035371347 376.63623729070173 19.92941386581515 374.82421176719885 21.44054074770611 359.7503996234679 Oyster-SemiOpen 0
0 333.909627 25.948524 333.909627 25.948524 394.865913 0 394.865913 Oyster-Closed 0
54.67636201181449 403.1398531142095 27.128568001699023 396.3486808037785 42.632742462985334 333.4756958698831 70.17944410838027 340.26672820984976 Oyster-Closed 0
55.66755900001954 399.89063000001283 61.07550535405244 345.9596412010934 105.01472306350843 350.3647055420554 99.60763057288932 404.2949063962103 Oyster-Closed 0
289.3948527038774 379.0104926492632 321.2554249520981 375.9969381235163 324.27271600002496 407.88852699999853 292.4121485137621 410.9020480591454 Oyster-SemiOpen 0
257.2201177183015 412.8602351151517 222.4636556501464 410.2345909255855 225.38624891051222 371.5647848276996 260.1417793067194 374.19039354481265 Oyster-Closed 0
0 394.20007307875903 1.5270603204153304 367.90441278305343 34.171370259944524 371.1767709029638 31.53505350830892 397.47213979806867 Oyster-Closed 0
