210.4556690454192 190.71730575573523 197.9070713921683 193.15054957206456 192.62407120205535 165.90666480982074 205.17256361721593 163.47343142491152 Oyster-SemiOpen 0
233.70385371174052 204.24258980360597 217.01190028721976 208.45492036374253 206.59690729359136 167.18622748653468 223.2886438199639 162.97392526019226 Oyster-Open 0
154.9047463268871 197.83051174515919 168.2277720955426 203.84355736515747 147.4135478491189 249.95736949427854 134.09055817054104 243.94438375636648 Oyster-Closed 0
243.174546694554 257.813545272119 229.991420223123 259.20809332474215 223.28731963171595 195.83634290431127 236.47010908882294 194.44181297528598 Oyster-Closed 0
386.30738901441146 208.19880494709136 407.13633656158345 215.85059043584582 392.7076077477468 255.12343941035303 371.87869400868294 247.47171907322445 Oyster-Closed 0
205.84216681497855 265.2858297962746 179.6499516234726 254.96217746236027 203.90016545606704 193.44364876682292 230.09177370559337 203.767168864144 Oyster-Closed 0
124.69943848821276 269.74637239443985 104.08481974387905 268.6672065648877 107.64747544177953 200.62442922926326 128.2615167718759 201.70357996476514 Oyster-Closed 0
158.17017168765233 214.48449263152838 191.58895927779668 216.82110910435458 187.8943231175581 269.6573910768434 154.47553828771197 267.3208009484176 Oyster-Closed 0
246.8117394326 274.69670984060525 234.1436265669181 272.56504247431434 240.15553937765435 236.84228914231153 252.82344898484007 238.97393898632583 Oyster-Closed 0
354.9314525427726 268.1083014107651 363.4245461506289 249.57440729950045 397.2689449026948 265.08155977615877 388.7760413890319 283.6152924316196 Oyster-Closed 0
181.948555412524 296.47483561023944 150.04095027264702 285.0204507768969 163.06191532353114 248.7546045350221 194.9689953768866 260.20888691077516 Oyster-Closed 0
193.05354137161703 256.7299554085902 214.28775884195056 248.96506675090302 234.87267007339688 305.2501462699329 213.63851276276182 313.0149194534665 Oyster-Closed 0
66.80432302653935 266.5728758843594 89.95564956012458 267.2310373588706 88.70010239747353 311.3895891621416 65.54877611511256 310.73143508587304 Oyster-Closed 0
213.368699826784 322.7345392424021 195.50279082547058 329.04003808225406 175.73655107495506 273.0428182285688 193.60195237908192 266.737417421272 Oyster-Closed 0
266.3043647180675 329.3480310152266 230.28729514963925 342.0012039007424 206.14521801917363 273.29050116445535 242.1610073781667 260.63757503504144 Oyster-Closed 0
0 262.867192 24.488865 262.867192 24.488865 323.660581 0 323.660581 Oyster-Closed 0
29.36379780947391 267.82484370546337 49.479852686970844 269.5720972640016 44.56853099021828 326.10747667015244 24.452479408431827 324.3602490998424 Oyster-Closed 0
305.87627567677555 272.5067789849089 332.526107124344 273.9859183029634 327.71540254244974 360.64644296975536 301.0655739625836 359.1673396503062 Oyster-Closed 0
162.2607572055058 291.8900455022634 201.95785492805226 288.38722907514597 207.15602540476903 347.2874849078884 167.45893582374265 350.7902427138804 Oyster-Closed 0
283.7875727291139 360.8851173596749 219.10738291226517 380.1920159050243 193.07498363041668 292.99141261922546 257.7519734737507 273.68502523446676 Oyster-Closed 0
153.94293545089022 308.02863020085584 164.36545106038466 309.98540976400443 154.89015541929257 360.44461524942767 144.46764798172808 358.48786530149886 Oyster-Closed 0
55.01059595168772 376.36690053339305 33.473051573142584 363.549245076054 64.01864631369608 312.234918947668 85.55558640230447 325.05234345620164 Oyster-Closed 0
280.53524472740173 318.8845494263273 301.48234959601905 316.19369195115166 311.07386079556454 390.8435027605568 290.12676855460813 393.5342966955685 Oyster-Closed 0
116.87406787793589 327.6199699940089 154.5640831454948 364.8035165096872 120.04232498483907 399.7867275142771 82.3528864313812 362.6037630573589 Oyster-Closed 0
124.16742533333672 393.1764867650789 132.80384664847224 353.08955702960577 175.03280790067583 362.1852574912805 166.39704717875065 402.27161165552536 Oyster-Closed 0
210.92121033562944 415.97564255046143 165.18119885078704 416.11324828034617 164.96650060966203 344.3454637298736 210.70431790471048 344.2078612979474 Oyster-Closed 0
368.0140842940855 377.0616304844589 385.01821080447917 374.17985848511364 391.91104822849593 414.84069020942854 374.90693217975786 417.7224207541888 Oyster-Open 0
54.43085617701581 383.0751679090054 53.81788973839866 398.11716432166173 35.3004967010238 397.36265986276976 35.91355472786381 382.32075882427233 Oyster-SemiOpen 0
22.062581620619312 354.52803320566034 47.71624001693999 364.3970265639506 24.50839342407562 424.7081642952429 0 414.83938842736165 Oyster-Closed 0
74.48109109434881 419.3133040598756 45.90655473238439 415.4449420106955 53.99414624608471 355.72562721451555 82.56753336817928 359.59391078104926 Oyster-Closed 0
74.57975900000747 416.0000000000056 74.58091617098762 366.8727186846991 118.994495279494 366.8738458877042 118.99409099708282 416.0003708148678 Oyster-Closed 0
345.7943467054174 415.9999796108678 314.76608331399984 422.89856706815397 306.72904658779953 386.7585155695646 337.7565285872406 379.8600181613222 Oyster-SemiOpen 0
243.83562299998084 415.9999999999905 243.83627642970532 382.6325425604723 278.0228768766865 382.63318159242124 278.0226248400104 416.0002390708586 Oyster-Closed 0
10.287262 392.30973 49.977193 392.30973 49.977193 416 10.287262 416 Oyster-Closed 0
