210.69018637222325 191.60206147478706 198.02558875799514 193.29495762496703 194.3523101966748 165.81630239692996 207.0167998846373 164.12341351263186 Oyster-SemiOpen 0
233.09002170607346 206.39112247086575 216.18014560811207 209.61717288116944 208.19697701232144 167.77418614970196 225.10662696252257 164.54815761985776 Oyster-Open 0
154.89158774289172 195.80778093608834 167.81610253252438 202.53467398906508 144.37549910917005 247.56773231335404 131.45102917843906 240.84090580228653 Oyster-Closed 0
239.4032653308568 260.4618401644267 226.17391649911224 261.0825627189368 223.18244578985104 197.32796882566407 236.41145051869898 196.70725442597947 Oyster-Closed 0
385.0135401071784 218.252490501102 405.3153882280167 227.03913338505288 388.64115620435405 265.5616202446132 368.3393546770094 256.7750557757769 Oyster-Closed 0
201.7325703489223 265.96534620819546 176.2421305727148 254.22222298013313 204.011736495715 193.95018093172354 229.50160578460782 205.6931526861864 Oyster-Closed 0
120.57329934629888 266.2337507538441 100.0949705710591 263.9655042994589 107.61872483951447 196.04835520140696 128.09649233746677 198.3165703921564 Oyster-Closed 0
157.18951157526317 212.52008235678255 190.35061680269428 216.77942137165746 183.5749426569746 269.52629727304117 150.4138466086406 265.26700626608965 Oyster-Closed 0
242.0425988149109 277.4992151011196 229.5487231362349 274.6503193493168 237.61836767068598 239.2655834416514 250.11204395490495 242.11445548988502 Oyster-Closed 0
350.2454304340972 276.5667515219175 359.772056729671 258.46262402686034 392.59914687451965 275.73437638454635 383.0727105256774 293.8383410692488 Oyster-Closed 0
176.10311014423132 295.8855249623917 144.9880950240149 282.689707913153 160.0641587133614 247.1465397236596 191.17868137977348 260.3422389303595 Oyster-Closed 0
189.4779089426993 256.6686908453669 211.1452551242437 250.15712567323945 228.3959298433656 307.55148245508974 206.72862646051362 314.0629504640879 Oyster-Closed 0
63.04985029661475 259.8781340474783 86.08303441942553 261.87603416992425 82.25124804685038 306.0455099485619 59.21806658662899 304.0476318867972 Oyster-Closed 0
205.90302219851583 323.80364954097723 187.68732864301273 329.05428323619617 171.24613705280717 272.024002701662 189.46129731831388 266.7734506535049 Oyster-Closed 0
256.2158971604622 335.18936071281183 219.05382075399757 343.29893455599984 203.4564715295528 271.8326541837007 240.61713647675424 263.7232404081534 Oyster-Closed 0
0 254.745859 18.826484 254.745859 18.826484 311.423232 0 311.423232 Oyster-Closed 0
25.64639380532026 259.211804720123 45.58611590898727 262.11343670024246 37.39698136379593 318.38036384982445 17.457268182988628 315.47877391997514 Oyster-Closed 0
301.06084323365576 278.39199603876546 327.52925630655227 281.4075011125511 317.68972572439816 367.7582412809415 291.22132503867397 364.74281117791935 Oyster-Closed 0
156.73985693471332 290.23732345635136 196.53099780324192 289.0611325406395 198.27643716493913 348.1000645889757 158.48529732694078 349.2762358741106 Oyster-Closed 0
273.96602610266564 365.96804305387695 208.24732422146917 381.4528248260976 187.30673736601602 292.5885542350735 253.0220720586949 277.10418716591903 Oyster-Closed 0
147.5117916701529 305.95757906350127 157.7787639225171 308.50236641167135 145.3938121878018 358.4601324746695 135.126853701222 355.9153835029967 Oyster-Closed 0
44.885957778362354 369.1517417741187 24.15591485754703 355.21135937459445 57.60295947510167 305.4845634816105 78.33246762222188 319.42469896902736 Oyster-Closed 0
273.09018516764263 323.431488940744 294.14158116864564 321.97204718907335 299.3519499754002 397.1114861851574 278.30055790171537 398.5708929379542 Oyster-Closed 0
109.37012880889233 323.6662898225462 144.912400062527 362.70632601745507 108.36587710681124 395.970244483699 72.82423434075827 356.9308159177841 Oyster-Closed 0
112.97684149650013 389.61416889182163 123.77000997842333 349.9306408518909 165.33038334191951 361.23158255651595 154.53787309963445 400.91454589798576 Oyster-Closed 0
197.96465663892377 418.00158113119693 152.3667704853833 415.4820143170815 156.3934879534063 342.65118787516707 201.98915708899221 345.1706933670878 Oyster-Closed 0
356.91590832381553 386.1697468067922 374.0501020538941 384.2899396945082 377.49274394049644 415.6604835293275 360.35855370310674 417.5402696999509 Oyster-Open 0
43.87842324165467 375.8297576912497 42.47341397389755 390.8497543591709 24.073259067070467 389.12888839276917 25.47835182820927 374.1089847808968 Oyster-SemiOpen 0
12.563366364534886 345.4520599672087 37.728359220134735 356.0058631509984 13.444193021114188 413.8957675234597 0 403.342184961346 Oyster-Closed 0
61.166202098858776 416.3496539190785 32.92751303648765 410.85446055004934 45.087159163533215 348.3888445364518 73.32468492017142 353.8839221821095 Oyster-Closed 0
61.637601268481376 414.02230657216603 66.66572731357883 360.2842796735051 111.05761549434828 364.4369956081017 106.03037943338859 418.1741931587075 Oyster-Closed 0
296.77131676413046 415.9999804408592 296.7717393162966 390.4765702238703 331.13899685517026 390.4771448473623 331.1388859990111 416.0002409536674 Oyster-SemiOpen 0
231.59710099999938 415.99999999998954 231.59765441404306 386.63547694040716 265.7050562556651 386.6360655335956 265.70485648919566 416.0002362161248 Oyster-Closed 0
0 408.21695879172324 2.017437706774217 382.0152141977287 39.54401856085315 385.5256638706868 37.09262612789098 411.7270622855757 Oyster-Closed 0
