31.28959039345864 207.030301316542 64.03069393438273 188.44045965431135 92.46152962493943 238.50987473095867 59.72057728384971 257.0995060770296 Oyster-Open 0
29.63017373772891 320.9205905871221 0 272.78380912608657 69.05932986069092 229.65618151438028 98.99320163718221 277.7920029023385 Oyster-Closed 0
342.23818435038265 270.0521864249762 347.36673182654704 245.35422970443693 416.0675650509256 259.6178671348295 410.93947675402524 284.3154268108804 Oyster-Closed 0
121.383312581067 274.77868169894106 151.02547559926825 285.7741871706567 136.31819300002462 325.41648300000406 106.67609054777495 314.42109926756905 Oyster-Closed 0
93.48991768182168 380.0321226770408 28.847004380830185 384.4331187811157 24.40705548498954 319.2072356369712 89.0474037173808 314.80632646271135 Oyster-Closed 0
70.09340988099939 394.71811028512263 36.538743298882764 409.466271044362 3.7383555588749005 334.85577981611306 37.29151214662488 320.1079988790996 Oyster-Closed 0
89.17677241906495 310.35092163025416 166.7804209304304 307.3037095019091 170.11119905826854 392.1116697184983 92.50755661861331 395.1588015870099 Oyster-Closed 0
250.4120448078429 292.4547170339611 295.7003636945592 288.6705046442479 304.4382136194581 393.22232783734523 259.149909635089 397.0064198039722 Oyster-Closed 0
67.8127255512627 397.4315256262797 57.020965616255125 427.9039808115328 5.74755571471178 409.7499362838074 16.539597446964763 379.2780549682351 Oyster-Closed 0
264.6289701797723 395.08324686717253 239.9456885338259 411.90049091253985 206.43827669122766 362.7322055569258 231.1208611390466 345.91528941699124 Oyster-Closed 0
69.83547321836886 412.21308446391856 68.53018287847226 387.3022975681578 125.88984894351597 384.29732160488277 127.1956121174153 409.2076031626321 Oyster-Closed 0
