21.210383772668138 185.25742224586847 56.74997034785338 174.1397978341134 74.17587948614528 229.8411432658449 38.63634531803473 240.9586487369494 Oyster-Open 0
54.44960856394755 218.89924202506342 71.19137972270983 274.84242065297485 0 296.14390300000775 0 240.2016767056264 Oyster-Closed 0
309.7479065740117 315.7250998122524 320.28372975937964 292.71613670935864 388.05739453725255 323.7440173439947 377.5221367380036 346.7525008173073 Oyster-Closed 0
99.08446969907163 325.27975097857353 71.18796953402853 316.7929699781633 84.69697139657 272.3963837182323 112.59284759777074 280.8830641988366 Oyster-Closed 0
46.491102055511874 369.6455577386052 0 362.0946741215536 0.10427057404012885 296.22980263489274 55.47397885704777 303.78054107956547 Oyster-Closed 0
20.799303687286738 379.1627102110819 1.6790066215216939 383.10594462162646 0 315.68573631502323 6.891713298628019 311.74258483332636 Oyster-Closed 0
54.290542743307014 301.4574695335896 130.30602949372042 309.4339418179367 121.25974627545293 395.62700845847246 45.244288500438415 387.6507487221561 Oyster-Closed 0
216.40367450959093 318.00831836829553 261.1928745402147 323.42692528705436 249.43391362876355 420.6020739342538 204.6447439419353 415.1836398851978 Oyster-Closed 0
205.72624209680362 415.99981254652 179.40471175737184 425.7683261449586 161.02581900741643 376.25854881935896 187.34648736698 366.49021062308816 Oyster-Closed 0
83.1852327095803 415.3018740774849 59.27910666918615 436.6352670982693 10.102144570773817 381.5421956831653 34.007564441704744 360.20934754786236 Oyster-Closed 0
