37.047364713867864 190.3557512537723 70.63601758094956 175.27943304589087 94.6708721071227 228.8231085879468 61.082317543026875 243.89926313750294 Oyster-Open 0
73.94755035482012 220.0497198596163 95.83886875753524 274.90609590564605 23.528498716161266 303.7580412068531 1.6383469423672068 248.9026560078886 Oyster-Closed 0
339.4791377151887 293.84579427446306 347.71430017694365 270.2866281024548 417.4472163966311 294.65789009783475 409.212580844287 318.21661147477744 Oyster-Closed 0
131.27253365795332 321.7651868698673 102.32205801810414 316.6268111738163 110.39536591272554 271.1495645621451 139.34517326136483 276.287880300726 Oyster-Closed 0
20.589776017935947 302.14979830265435 61.804441368138214 275.69711009258236 108.71918573514631 348.7801587969361 67.50504684969928 375.23218165657704 Oyster-Closed 0
59.93105782247949 382.0573937974777 25.84867653340916 393.4991041746225 0 314.10840752638364 33.27233000825072 302.66698524819947 Oyster-Closed 0
83.80104690046937 302.80290312269886 160.38079552382624 301.4664787998726 161.89380264245847 388.1476380277944 85.31405562420332 389.4840269697742 Oyster-Closed 0
247.14658175355362 304.7399996934501 292.3806816004035 304.6720730388719 292.53904506983963 410.1080740944034 247.30494522847584 410.1759984833414 Oyster-Closed 0
57.44766835905102 384.4597478643057 41.11227938941738 416.7673115801254 0 391.8313104904167 8.118516475122306 359.52434843512333 Oyster-Closed 0
252.8575533042058 408.35421449831597 227.2696612398031 422.32611537828984 197.97275886142234 368.68572062421555 223.5597973710028 354.71410661400216 Oyster-Closed 0
126.4238667070349 412.493190697547 105.30423929319659 435.81161484858967 49.60622693337791 385.37879431161696 70.72538529600206 362.0609765486107 Oyster-Closed 0
