108.55506552667066 227.39645244536533 48.53457192467249 280.97466383828737 0 189.74151017034114 27.107971077031834 136.16447488888352 Oyster-Closed 0
186.48663267316806 127.00654353991516 249.16515660407094 127.16914133617705 248.78339117216092 274.3236711056794 186.10486716506784 274.1610776208601 Oyster-Closed 0
0 163.196435 130.797725 163.196435 130.797725 340.674146 0 340.674146 Oyster-Closed 0
230.56227572924763 314.29169142343494 193.13943364177612 336.57504848845 127.73870875336797 226.75394092488608 165.1597274597625 204.47128700344996 Oyster-Closed 0
357.1724196257128 275.6259963447908 384.77208718968177 263.120089752536 415.1178516907785 330.0811024060881 387.5183385509881 342.5867632136401 Oyster-Open 0
116.15941586487315 318.430024426818 167.90359439075473 286.635332232188 219.69709584265001 370.910706959924 167.95366772643683 402.70443690968983 Oyster-Closed 0
87.05931600000986 410.7035080000098 83.31216799392132 330.203747696075 156.41011651580266 326.80204763810457 160.15909081985592 407.29988279803206 Oyster-Closed 0
48.69038649646245 77.83773303358254 85.26426603890286 63.741238950924725 114.51052657192122 139.62050112546433 77.9367072441346 153.71688503367074 Oyster-Closed 0
395.5947030762909 78.5456057091608 385.62179435004873 116.16150196742029 297.22623378047865 92.72552266080692 307.19930897821905 55.10987566613793 Oyster-Closed 0
60.4209809558306 165.700393170746 30.586287429403455 168.91006868307812 22.619256858641165 94.85460635371697 52.45347376056816 91.64495567254761 Oyster-Closed 0
