138.0228318163172 224.14993532871688 81.82862192676839 271.8487832372249 0 169.9158524437061 51.49368449497706 122.21810850985932 Oyster-Closed 0
211.79494974955378 134.52932086729422 274.2467867965679 131.41229652976494 281.99355144988294 286.6137741175512 219.54172283567095 289.7307067438013 Oyster-Closed 0
193.9873453941691 262.1697346806789 78.0887519516582 362.99312790250116 0 247.3317196359887 93.35874840177712 146.51166886592662 Oyster-Closed 0
264.9609667462355 326.2813751845713 230.442547015351 347.07461318488845 159.76268418881955 229.75582933374932 194.2792637672792 208.96331307181515 Oyster-Closed 0
391.7275409750946 306.4233281750692 411.33470592370213 297.0490510616154 435.0577690795981 346.65921631391905 415.4507011482492 356.03334476129766 Oyster-Open 0
151.34240102285548 317.7082050698463 199.0758723145991 288.17785622193196 255.9194626917706 380.0432574657208 208.18676265539762 409.5726184772299 Oyster-Closed 0
126.5016850000211 415.44742800000995 126.0107033807617 330.50569554115657 199.44696578643197 330.08151411096304 199.93998849572017 415.02118557035794 Oyster-Closed 0
71.71687633085821 69.54854181866816 105.7618317923916 55.33393283402578 138.34044953310513 133.3608287561734 104.29555681204147 147.57532972195085 Oyster-Closed 0
420.19241348802825 112.48342626603637 406.8477060491932 146.95287641111042 316.4935225426525 111.97289670297215 329.83835816739156 77.50378313360011 Oyster-Closed 0
96.53265652765913 148.28724398916177 70.35199098224984 160.57656125924944 37.87346650513791 91.38702308763052 64.05379919925326 79.09779379179903 Oyster-Closed 0
