121.66360273253667 214.8180957156242 56.03911430169319 250.63504162905394 0 135.11167560187562 58.60796292597297 99.2954577493988 Oyster-Closed 0
214.49003719678876 142.94945619449118 276.6164481326705 153.7888215128781 250.36460657737553 304.24044969884244 188.23827145167888 293.4014153930779 Oyster-Closed 0
1.6040708188047574 137.8507575604145 137.613570285499 136.26829892651853 139.56667621896122 304.12208074047726 3.55717533416464 305.7044870982743 Oyster-Closed 0
224.85967986244214 338.92691805999885 186.19175792124224 352.2996097805238 142.1409514339175 224.9401937649616 180.8064448213663 211.56796601612677 Oyster-Closed 0
354.4962594850331 344.6088730898725 383.2984113541861 337.75160437595173 401.7422490638601 415.201303178326 372.940159745056 422.0583881140819 Oyster-Open 0
114.4733968015862 308.33075975381934 168.0993748577057 289.0462471547874 204.0853417011749 389.09592602372754 150.45969315613547 408.3798058649477 Oyster-Closed 0
67.40936999998667 401.92014299997805 80.82528734932202 316.7728260946057 154.55250594139216 328.3869632345586 141.13888208963908 413.53223441846836 Oyster-Closed 0
90.30570348390393 52.46365826482429 127.12857663215254 45.69874175016757 142.19404937703803 127.7023786934613 105.37118912536243 134.46725027667566 Oyster-Closed 0
423.50582178563127 161.53104167882293 403.69795240059466 192.85677267225827 323.76908668160104 142.31775450780123 343.576898610816 110.99242654748963 Oyster-Closed 0
97.57329358857532 133.76849336723666 68.96420733168998 140.3581093598636 52.05942060265079 66.96586994444922 80.66816993700922 60.3762920762039 Oyster-Closed 0
