377.2395923793483 138.7337410817337 387.830444035495 163.35016535012093 344.64164071804043 181.93042756020822 334.05098003083185 157.31416470836294 Oyster-Closed 0
332.04865594998773 164.93008747315375 341.03479995784437 153.0129448885944 367.265488066143 172.79130157813853 358.2794087792281 184.70838547228274 Oyster-SemiOpen 0
399.17006778096766 197.53544996202967 371.008476523235 206.7086181465977 357.3934763622892 164.91258261708256 385.55470725300256 155.73947744679032 Oyster-Open 0
327.08777148721856 208.68536806999683 290.00515195468324 201.9590193668525 298.68452463998256 154.11384329806063 335.76657966937273 160.84013937915773 Oyster-Closed 0
252.61569299998519 207.54311600000094 243.75148859121327 192.32526899932927 290.1241738755489 165.31537247883168 298.98837656718024 180.53308497360277 Oyster-Closed 0
230.03791624398582 244.10456380312195 208.60517294118108 233.10862031225136 238.59574452360903 174.65772106286968 260.0280687692539 185.65353573431082 Oyster-Closed 0
273.26657737743517 184.22575544265408 290.29344721600137 199.1660433279485 248.67128056550428 246.59719875165342 231.64457734490497 231.65708851203715 Oyster-Closed 0
331.8266918956506 258.9297717189382 311.9154591258848 235.7318423636431 369.89447053351614 185.97185097255667 389.8054771138559 209.16943488525283 Oyster-Closed 0
194.18286905945934 182.20253563460952 225.58914266888678 190.38147538511504 208.5989961440573 255.6166199029229 177.19276245408037 247.43778588811082 Oyster-Closed 0
215.6607782460378 280.21823300063136 197.2404336602376 272.4657615252395 224.58537667614655 207.5004902195129 243.00521813683372 215.25283982524203 Oyster-Closed 0
267.91953599999033 296.6432339999924 235.2114281221111 263.92516582823276 296.3108824846313 202.85156651738524 329.01839222614944 235.5690302941299 Oyster-Closed 0
307.0411663061568 294.7619431703531 263.3060011397647 276.51711625429783 280.58834573335844 235.09547959417475 324.3227015698103 253.3401146820343 Oyster-Closed 0
387.87027899372333 269.6416406863861 367.7248562428904 306.965146128037 314.0862900574102 278.01699913461414 334.2317494175113 240.69405339361867 Oyster-Closed 0
117.45494952193985 250.91818799977017 154.40804775608922 253.66966551020786 151.23249290831154 296.312824125077 114.27939743280513 293.56137484451546 Oyster-Closed 0
351.12667088659873 314.6905896634798 323.1433110082726 327.5993012279449 296.11525940727006 269.01610126741485 324.0978241754601 256.1076030345077 Oyster-Closed 0
0 247.31715000000003 49.601831 247.31715000000003 49.601831 302.936371 0 302.936371 Oyster-Closed 0
56.197831719302485 250.768815562098 92.03797747996941 262.98854263434947 71.30793114842527 323.7805789708883 35.46787810507158 311.56104940478787 Oyster-Closed 0
181.9783090095043 267.9368422096679 210.58252969231762 286.5445762629278 175.62621038935322 340.2713602458116 147.02224399997795 321.66394499998984 Oyster-Closed 0
355.5181072409687 325.63434742937216 333.7241153054674 359.4476251919307 266.18192820826516 315.92098286399903 287.9758109581162 282.10846057264246 Oyster-Closed 0
269.47167176195944 358.68752193807677 245.12451961191618 350.500331787096 265.99933004817285 288.4358804728223 290.34564173245235 296.6229166372586 Oyster-Closed 0
369.63832480269775 359.451229666948 340.67327907016806 354.3993972001608 349.0361672662184 306.4623776982823 378.0004096968187 311.51413872393624 Oyster-Closed 0
113.26356513253995 303.1884931438 131.49831691852523 327.4787084933945 80.60247999580679 365.6784151974896 62.36823341027775 341.3886574624133 Oyster-Closed 0
1.2880389777456003 365.19074078358625 0 336.5312718378639 73.90521891826938 305.7809897251822 84.49852496198582 334.43971107249763 Oyster-Closed 0
130.85143330786377 358.15196760388915 156.36642873448727 297.45864268268787 228.84596722450806 327.9225140970323 203.33267096379132 388.614397495617 Oyster-Closed 0
209.08087028404407 378.24238564056054 223.75264593364045 335.1084177925542 288.56514358050845 357.14883540112004 273.8944913576306 400.2818501681064 Oyster-Closed 0
277.51467129068624 405.0379653891303 275.11301760175047 336.22401843115523 352.2128249722955 333.53369495826615 354.6161412899455 402.34591643486704 Oyster-Closed 0
92.14012343706781 353.0142909055176 95.26173295376793 377.0371158178832 59.87158996843209 381.63437875737173 56.750286710568616 357.61183086071753 Oyster-Open 0
6.380594845220912 409.2153391187163 0 379.58231518070863 54.45282981462515 332.9205351104879 74.69741083378176 362.55277277364394 Oyster-Closed 0
124.13290649104965 413.5313453007182 80.36398770712913 404.5472459800838 94.49125508056386 335.7443594991219 138.25821242351958 344.72825132928256 Oyster-Closed 0
121.75263900002028 406.8938569999997 124.58881775603732 353.3961548566738 200.0203244468139 357.3938546719916 197.1855684517941 410.89020387149003 Oyster-Closed 0
22.437589999997726 401.63280299997786 23.84990292578368 374.9951420585896 83.07705895631807 378.1340770922779 81.66531385795315 404.7712006584462 Oyster-Closed 0
