355.6357485509907 172.79679590284007 367.9584478431825 144.82562119811485 404.88081547429465 161.09102516407896 392.5583135767447 189.06203146091028 Oyster-Closed 0
353.6173667538351 176.43714057871784 360.59220048325733 164.9472821959007 392.13791831403796 184.09581498660893 385.16316256198843 195.58560545049977 Oyster-SemiOpen 0
425.3927740845829 200.69841509328614 401.92272245855565 214.49730072968785 380.8375522897186 178.63635072241422 404.30735593072313 164.8375577683953 Oyster-Open 0
359.975264439443 217.38931889659221 321.92512735440687 220.22549188283722 318.4623165814228 173.76762670366278 356.5118494771632 170.931476241846 Oyster-Closed 0
285.676937000022 221.42114600000406 274.2803659413985 205.56640833813327 312.6856457671238 177.96221169190503 324.0821734563142 193.81681692420278 Oyster-Closed 0
272.70010836279107 257.76456694644827 247.5264040539805 251.39341498841046 262.7727172896266 191.15908014045698 287.94584509517153 197.53015655785293 Oyster-Closed 0
299.9812885507381 198.12093212266123 321.5631287110591 211.19742583302838 292.2077963206866 259.64185216387904 270.62606735737063 246.56550692615562 Oyster-Closed 0
377.7244786202791 270.3372382948269 352.0167319422544 247.73472759324048 397.1008618965752 196.46212925804633 422.8081890280446 219.06432425719547 Oyster-Closed 0
254.96928329406 268.35065747086617 221.69404635007595 269.29529509047586 219.81839128304637 203.21578388431615 253.09273373693577 202.27115879977234 Oyster-Closed 0
255.37289139387212 221.9742479277884 276.18301109163076 224.2962734282461 268.4572249588309 293.5274457225807 247.6471114535234 291.2054572262266 Oyster-Closed 0
323.69285999322165 309.7378125659783 281.7750806892327 279.42349898810835 327.4908706849892 216.21786863934156 369.407627608849 246.53164983681876 Oyster-Closed 0
362.6580265905832 303.88245241075026 312.97323200139726 295.9808486890065 319.6455400455052 254.0349038352137 369.3293209721196 261.9364255905744 Oyster-Closed 0
372.5219189999916 262.71568699999085 397.55695349187226 244.85326301742597 435.8600921357465 298.53001370860284 410.82530846201917 316.39214397566974 Oyster-Closed 0
162.68169824796132 272.1323356495402 198.72816974711895 265.5898902744357 206.1506693696756 306.4794247075065 170.1042173204405 313.0218008527821 Oyster-Closed 0
410.74141994812817 324.6014661832525 388.1557297293366 341.03880613707355 346.6272061404852 283.98538942567365 369.2123094692215 267.5483577212032 Oyster-Closed 0
100.77860021072775 267.5699466680073 101.62067659533204 323.9793373274363 27.3466880624037 325.0866230701654 26.505721481229557 268.67832287321744 Oyster-Closed 0
100.68839239440422 273.236387196864 140.1889955417646 276.550198968291 135.13822409114437 336.74589697152777 95.63762695353944 333.4321388546391 Oyster-Closed 0
230.1092314655034 285.17217015050267 264.99843981670347 298.677233672041 244.2403215728591 352.2946089931558 209.3512300578259 338.78976309019 Oyster-Closed 0
419.71315024501746 336.7459758066872 402.6954943210076 368.99346321941204 323.6131622742505 327.2670192352332 340.6309166916508 295.02036467497066 Oyster-Closed 0
318.1078403563479 303.58914223491956 344.8271381243794 304.4633548453545 342.720661660911 368.8330862821173 316.0013646824009 367.9588903648408 Oyster-Closed 0
171.44974138463658 320.5479808955427 195.0355738929211 344.9807154520341 154.0727869538714 384.51463655827087 130.48739695036056 360.0823353168895 Oyster-Closed 0
72.18310258057318 387.2511135768347 58.85948058040594 357.00283746914766 134.95589927359833 323.4912466399863 148.27975534743382 353.7387378770558 Oyster-Closed 0
199.35858411843583 373.8104461566321 219.6653015860611 316.2620071227478 299.5498898043843 344.4440942044749 279.24498926489105 401.99099107892783 Oyster-Closed 0
281.28722351124816 391.43269891523306 293.02498428648687 350.3561860961359 361.73255654576496 369.98450494795304 349.9959432076066 411.06003783623333 Oyster-Closed 0
416.0014408540155 415.99999999999994 356.19901383335673 415.99999999999994 356.20027680134444 344.38768100000004 415.99982999178246 344.38768100000004 Oyster-Closed 0
164.70891891036445 370.7315717555872 168.77552954573184 395.4255958733671 135.7069989578158 400.86954390918663 131.6407044179541 376.1758008031777 Oyster-Open 0
88.98254320784326 428.7291359109258 64.47719608947227 397.8703092492603 122.42085202131057 351.86896183688293 146.92582742245213 382.727029064544 Oyster-Closed 0
163.58762118957384 358.57495827387146 209.20485930763607 358.37162526059745 209.46179599998504 415.99999999999983 163.84455792600056 416.203329008791 Oyster-Closed 0
203.37301726990336 415.99996936139166 203.37470438413948 371.33834871943895 280.0186954194578 371.3409587002501 280.0181909852072 416.00138665182965 Oyster-Closed 0
106.44526699999187 415.9999999999863 106.44589503757379 396.0493213149397 162.8404839778559 396.05069132146997 162.84025819638555 416.00096902459524 Oyster-Closed 0
