379.5000848145428 114.7934107911752 384.98813736897864 139.99004021556905 337.19400030313045 150.39948672886857 331.70611179724074 125.20299896887195 Oyster-Closed 0
331.21028148024925 141.4741708388962 337.50679914958164 128.2925473097536 367.73419686230045 142.7308894210145 361.4377447935731 155.9124569195258 Oyster-SemiOpen 0
404.7865485580078 160.72716104775185 379.16311955056153 175.71542500684927 357.0516858812007 137.91577161047667 382.6748884529625 122.9275916845326 Oyster-Open 0
335.06576502570897 184.14456461000947 296.554940175276 185.00319043899628 295.49837810859026 137.60530727381555 334.00868419973995 136.7466872443974 Oyster-Closed 0
260.2153639999924 196.34039099998623 248.8563761897567 182.7018019500572 289.3817121098946 148.95183676429107 300.74063429025045 162.59031601462013 Oyster-Closed 0
245.04188898401844 235.52660096675973 221.35779337394706 228.55040247019292 239.47814928744992 167.03766781634596 263.1617517117047 174.01378983797593 Oyster-Closed 0
276.2854558054569 170.05371766503575 296.06778032519287 182.01882933572855 264.0285980178487 234.98646317904402 244.24637170542337 223.02148285383694 Oyster-Closed 0
349.6922211843521 232.49304795157377 325.7486627485523 212.7188272012658 373.7625738124152 154.58562174260632 397.7057522650357 174.35959010649634 Oyster-Closed 0
228.98856503184652 184.3678446504369 226.4471699930582 250.05070693645396 193.20271853766099 248.76419764565412 195.7445111379493 183.0817450973803 Oyster-Closed 0
238.0104620738275 272.79263578531345 217.96164041206794 268.5814884866968 232.1191033064897 201.1879996512185 252.16735359280574 205.39908400795238 Oyster-Closed 0
293.7230920000038 279.51826900000293 255.1490089634317 252.4536021733415 303.53602506165043 183.49733224090593 342.1091962869905 210.56154829207793 Oyster-Closed 0
332.5490656872971 270.84428376307375 284.9778537269267 261.01597502119307 293.84775689669914 218.09049056866363 341.418096676749 227.91870613139778 Oyster-Closed 0
408.16880406768905 232.50864667258756 395.874317985792 272.0693951033662 336.3859982426038 253.58332785622912 348.68076785822996 214.0231174486648 Oyster-Closed 0
133.69185101615585 262.2067184072853 171.12743493759262 257.24900979420363 176.61098435577878 298.6497575873793 139.17541113676998 303.6074150651628 Oyster-Closed 0
380.56043218604464 282.1033432543621 356.0428581757733 300.60036433165885 317.1781972780991 249.09163969926635 341.6952757674262 230.59489548315364 Oyster-Closed 0
66.48363062057615 270.5128126515901 75.24098957415845 325.31219824085235 0.65409141868804 337.2284608659567 0 282.43018424954937 Oyster-Closed 0
72.19432949533439 272.3753415789779 110.64661951319431 277.552048366966 102.27899823232656 339.6964320546038 63.82672456163709 334.5198124589447 Oyster-Closed 0
201.82354703327655 266.67453787402053 234.08258997033408 280.09194183082593 209.94076086977293 338.1261739910139 177.68184600000677 324.7089939999942 Oyster-Closed 0
387.2391778989404 292.10556310508747 372.82472116791905 328.69272212085275 296.35258151536254 298.5680826349304 310.7673497003416 261.98169317399083 Oyster-Closed 0
307.9460420602845 338.9249655451245 281.84734305417805 335.52797649681327 290.1152584968586 272.02088354871694 316.2130649550345 275.41781355659265 Oyster-Closed 0
396.5344791616226 319.68564074461455 374.5101583249634 318.40306077871014 377.12115688964695 273.58009196865294 399.1449690079535 274.86265720223383 Oyster-Closed 0
140.34546117731588 312.52118657280175 162.70219579872355 333.6635428567401 119.50302469621965 379.3341167799226 97.14668963650547 358.1921663420766 Oyster-Closed 0
39.95448523958112 392.38937594489886 24.7807966387154 365.8874086100711 101.8284877781116 321.7833877560166 117.00218396980927 348.2846159357082 Oyster-Closed 0
168.87433445998613 362.67510822907155 182.208822685021 299.7793025292906 261.0450594101203 316.48990027840074 247.71230810410634 379.384193491693 Oyster-Closed 0
251.18071099410008 368.36665777274396 257.4845588294993 324.3062275504155 326.80316324168234 334.2214871868138 320.5003756111764 378.2809662739588 Oyster-Closed 0
407.5953997400611 369.9091815020958 331.9971031272762 397.2424248179151 306.6915315409824 327.26308071440815 382.2867017143799 299.9304580138688 Oyster-Closed 0
129.43061533769287 364.37852669568014 136.46610170595523 387.28446897026254 102.13885090051554 397.8249061134884 95.10368814022513 374.91923968733727 Oyster-Open 0
57.324026736951055 424.69782452012555 34.847204976933426 397.2469302268259 90.31028065497958 351.8459375440521 112.78673866326062 379.2961733875256 Oyster-Closed 0
173.4942145787645 410.7638859014156 127.8018922373667 410.68262212270645 127.91433220220279 348.0138685923897 173.60473352486588 348.09513065769056 Oyster-Closed 0
169.78493463309496 411.228495951401 163.4217346817495 358.9820394829163 239.62226187291526 349.70344937720665 245.98660876773647 401.9485618430381 Oyster-Closed 0
70.89635199998884 412.67814099998736 70.21642531493853 393.1959651060418 126.6394159124684 391.2269724187712 127.31971796577636 410.70875943610713 Oyster-Closed 0
