241.41049638769255 170.44016891501622 257.22932853270686 150.27905584967652 291.11070508012926 176.86178845828184 275.2920185877738 197.02276788189877 Oyster-SemiOpen 0
275.7145762347718 185.84225409141575 300.26290338912077 146.3491620602334 346.85842664275333 175.31086022432874 322.3104991818109 214.8036041097511 Oyster-Open 0
248.56951095001568 217.75798444564902 196.3989857189481 223.70796987437848 188.08274452812475 150.78938747528383 240.25204758289328 144.83947215941345 Oyster-Closed 0
73.69843718413904 170.84809694156604 105.19624570145243 192.36428700530536 88.60502696422554 216.65067913771188 57.10730691138451 195.13459688178253 Oyster-SemiOpen 0
150.81294949482617 228.6130805777201 137.71380073561522 212.42378514286042 186.55818439821087 172.90547383582347 199.6572366643195 189.0945900606768 Oyster-Closed 0
127.18229132776833 272.34886323354516 92.04533917146546 263.2033190425367 111.4789900039832 188.54967875148793 146.6148998861463 197.69508039189674 Oyster-Closed 0
274.90915346496695 296.37128877344657 232.76325351292326 273.68553329269446 282.4523180901342 181.38423325451015 324.5966539751462 204.06946557376205 Oyster-Closed 0
163.11877812866078 200.59179075128193 184.0327913061701 212.55900073934 142.94810087523365 284.3516860216662 122.03424149204511 272.38468713875943 Oyster-Closed 0
320.40114301088033 201.77868162240503 359.9338479268554 208.58237852494588 342.528830338284 309.70291137054215 302.9961632881241 302.8993716174535 Oyster-Closed 0
100.50159602581698 302.826841220252 52.580899394568405 301.2164446605506 55.78659581424654 205.86952865399184 103.7052613222877 207.47989120728326 Oyster-Closed 0
390.0228805667102 287.0157777808048 367.1766490266855 284.4901559956563 372.73787013686524 234.1939074017683 395.58358600035353 236.71950075774248 Oyster-Closed 0
357.17684200002986 242.7159689999962 374.20955693862925 239.0727712451294 389.36376709831165 309.91295124847954 372.3310727935859 313.5560845713208 Oyster-Closed 0
363.2545100645548 315.7558719978523 335.7147313318237 308.4736973780342 350.28379507498175 253.38617584990746 377.82283062050556 260.66824717577623 Oyster-Closed 0
99.1423129257164 242.10619807513123 121.25819555149428 245.6853877192684 105.88424288134411 340.66804778752083 83.76838160433181 337.0889464849518 Oyster-Closed 0
174.60523199999807 357.07134600001 125.26358947406698 318.009019123288 196.7577211472344 227.71699548072547 246.09750616323436 266.77818113661897 Oyster-Closed 0
224.16116287882323 347.2661043345873 160.54373250867502 323.02576439117917 180.988156264797 269.38260999780977 244.60375600000407 293.622556999995 Oyster-Closed 0
247.34581025797524 290.7815892613957 293.0309494278772 270.05570637962416 330.9101267370788 353.53739474807355 285.22532785493604 374.26273825052573 Oyster-Closed 0
0 309.115865 19.377641 309.115865 19.377641 352.536306 0 352.536306 Oyster-Closed 0
383.433118689205 389.942088304624 318.22868264922727 407.7105255464547 289.0092788605252 300.5011197539532 354.2094759974607 282.73329857761365 Oyster-Closed 0
283.7917675540739 377.1154548072881 246.0758736597527 396.2232163063427 207.27661103394348 319.65403571367153 244.99086277144306 300.54677251210785 Oyster-Closed 0
367.968530788723 308.4343483659586 406.2389169556809 322.3681593091593 371.8670359194948 416.75219262007016 333.5968637273654 402.8188246068584 Oyster-Closed 0
152.02601101685286 409.59039882283366 150.2208810543816 357.89351118930983 186.8837403231446 356.613780573117 188.68948955636006 408.310022989681 Oyster-Closed 0
332.75161858178035 402.56527106987267 311.49781324904325 426.8451513253182 270.0127646274086 390.53984176583725 291.2662553350492 366.2604155334251 Oyster-Closed 0
