264.06187672243686 188.16897338787197 278.99449531968276 170.13419544311736 315.37027820809453 200.25110757541137 300.4378167606592 218.28573912381373 Oyster-SemiOpen 0
298.4191457060988 206.12636678777898 322.55505724644536 170.85368314376905 373.6597795547859 205.8206536357236 349.52431973051716 241.0929379896396 Oyster-Open 0
209.0299208687684 168.88445825784962 257.1922014703159 155.15787181049186 278.47798008809696 229.83843013368624 230.31577931093125 243.56482920849768 Oyster-Closed 0
130.15954951276217 196.56965194703255 115.23416535359866 219.05506595733078 80.48996320671358 195.99393225890492 95.41531563188255 173.50867935484877 Oyster-SemiOpen 0
178.03106328867216 238.3761846233059 164.15391910531253 220.26048521802858 209.7801122468809 185.31232087450502 223.6571721917462 203.4278267925327 Oyster-Closed 0
158.83744520193795 278.5734596386375 121.67428728995947 271.99014436228003 134.5995052614162 199.0382167761562 171.76154408119328 205.62143113804373 Oyster-Closed 0
310.6375183615128 315.1787173088221 264.02730420517764 293.0253358323024 305.06455936415296 206.69704512925188 351.67298473741903 228.84992132584443 Oyster-Closed 0
187.65819763334366 212.53804562435397 210.8450938710448 224.43035016715814 176.4740650011372 291.4375307442402 153.28730215321048 279.5454247245232 Oyster-Closed 0
346.2965780342565 229.7552339332353 387.2105881384232 233.27556605181488 378.74205947821974 331.6857550750418 337.82805937024386 328.16550914200656 Oyster-Closed 0
134.2626867064464 302.6307977523243 86.48665445754523 305.20316158976027 81.39356409181346 210.60138556660425 129.16756659063321 208.02907629389284 Oyster-Closed 0
416.00012769735986 311.17226599999987 401.6214023078719 311.17226599999987 401.6215753618053 269.917597 416 269.917597 Oyster-Closed 0
386.98180599999614 272.62493200000455 402.9606206790195 267.91917957306055 424.5572619049708 341.2410246934881 408.5784880864958 345.94667941294824 Oyster-Closed 0
399.78278538696395 346.7430713990936 370.80969385533535 342.1483724189741 379.95332701657026 284.5046944745991 408.92550188978566 289.0993196316827 Oyster-Closed 0
127.64625182500095 249.01849876708204 150.47368732660107 250.74302346589062 143.49614707191358 343.0910162461477 120.66871637658551 341.3665331840568 Oyster-Closed 0
213.69799100000455 369.5595259999864 158.89969487087365 327.7751113900432 223.75629313628815 242.73532500216214 278.5525195283044 284.51855236124993 Oyster-Closed 0
284.2879816501809 315.37627875061617 261.8130069705039 364.20291647027744 194.30251352743653 333.13272700109036 216.77775126729466 284.3071448660737 Oyster-Closed 0
281.027356873823 310.2968674507194 322.4482495956836 288.885101097945 368.6514866489815 378.2480329111186 327.2310468362775 399.6591451705174 Oyster-Closed 0
14.233900311766774 305.60751911401763 53.8000874279096 303.7650637950889 56.29931416994441 357.42536213721974 16.733129089701833 359.26778871875166 Oyster-Closed 0
338.99835212435937 319.52318536294115 406.89401027593703 312.5724952918284 417.45902082664907 415.7507900595784 349.56340371396436 422.7012456212514 Oyster-Closed 0
324.3649152787548 399.2610356048363 290.29395372436556 418.5011876443336 245.1280862648382 338.53810698205325 279.1974428454414 319.2985213451624 Oyster-Closed 0
401.32363779298976 347.2083437985742 414.7049224653674 342.99161803923437 429.3810437361535 389.55399682677285 415.99978964886395 393.7706562851064 Oyster-Closed 0
195.07389304547178 415.9999995785105 195.07479497468012 369.4768459994195 231.4193112718567 369.47765192570165 231.4189949985739 416.0002171084507 Oyster-Closed 0
318.9915152654248 415.9999652549361 318.9918685615121 395.4756226610059 356.86992024592473 395.4762625990686 356.86984499886603 416.0003236992459 Oyster-Closed 0
