255.75766787207613 179.3367992038474 271.27897210590163 160.5255894520332 306.2915036217055 189.41314299566744 290.7703492068795 208.22421333585845 Oyster-SemiOpen 0
289.852133516335 196.45902673100645 314.6008573958861 159.57057592294979 363.5026542480664 192.3772672082451 338.7543561559978 229.26534291189978 Oyster-Open 0
200.64875962518272 161.0341585417657 250.02040184576617 147.89618035823304 269.5642912673284 221.3367061757718 220.19271707082225 234.47451599326075 Oyster-Closed 0
87.53580492891706 170.063968028905 120.84252062818268 192.34856750847058 105.24487229992155 215.6593080389424 71.93824246624354 193.37481452387044 Oyster-SemiOpen 0
167.4334254633286 232.324646802507 154.00077717283784 214.9597673047184 201.29164557109107 178.3805476374247 214.72420903934108 195.74524006341798 Oyster-Closed 0
145.9529423514541 273.95793372200205 109.66266399597953 265.89120733282806 126.02958348959874 192.27081664785229 162.31878712696562 200.33741951722828 Oyster-Closed 0
295.5754112812465 306.3588308932875 251.09834653679718 283.53280950930673 296.59989134327043 194.88431133920074 341.0752860350731 217.70980993203838 Oyster-Closed 0
178.39063830376836 205.61275381067009 200.4836975350845 217.75227186355093 162.64856224126197 286.60228753592776 140.5556490457784 274.46297593708823 Oyster-Closed 0
336.166489088926 217.1477794959201 376.5433519987164 222.4847898391672 363.39012688660296 321.98289911035135 323.01328732127877 316.6460160843892 Oyster-Closed 0
120.3464127597399 300.6179986286219 72.35719880622128 300.9675343296085 71.6679896665155 206.202471021737 119.65518792484363 205.85294263046652 Oyster-Closed 0
409.4785887107864 306.143763694369 386.3434001597125 304.5268660191531 389.8987461760662 253.66827925259292 413.0333667474333 255.28515725462086 Oyster-Closed 0
374.7920199999826 259.5391220000021 391.2971019896613 255.40552796763615 409.4446792093586 327.8568685177734 392.93962677773743 331.99038240114714 Oyster-Closed 0
384.14907468616366 333.35240125960615 355.79847593279555 327.56971567537045 367.37263664005513 270.8373788020834 395.7223935470611 276.61997606172156 Oyster-Closed 0
116.34578342655732 243.80875758517197 138.90246916824253 246.5552785341702 127.51764130315496 340.04371911310864 104.96096776736522 337.29726465101703 Oyster-Closed 0
196.7521210000341 362.6899540000145 144.68477455541142 321.6662554844782 213.13064572955045 234.8106662491617 265.19606113574264 275.83318872896973 Oyster-Closed 0
267.61241526014055 304.9278264355833 245.50037037453512 355.78073241761683 179.91807789029554 327.26830231597353 202.03043313590751 276.41643041085035 Oyster-Closed 0
266.8960622938466 300.8918484553361 310.3666442246358 280.0743299908826 352.141644588497 367.2923157498954 308.67145139178683 388.109241282885 Oyster-Closed 0
0 303.985355 39.7058 303.985355 39.7058 359.267787 0 359.267787 Oyster-Closed 0
406.4185860286998 406.8955666379805 343.6109161812419 426.17216477596963 309.9588962841626 316.54590013609675 372.76218836318367 297.2700310103278 Oyster-Closed 0
306.460035968812 389.0931842599923 270.63572642391955 408.02371772030017 228.9436799541836 329.14177304927927 264.76634697312693 310.2117674391696 Oyster-Closed 0
385.52273460169454 330.59697306139816 406.5127452859306 329.2681639832246 411.81712804056224 413.0376398360914 390.82712106897816 414.3664125904802 Oyster-Closed 0
175.71257627362502 413.2278906695323 179.02714289773576 361.5532610694986 215.5970542508112 363.8985097276811 212.28317662664995 415.5724837009421 Oyster-Closed 0
350.8432252529492 413.958399670009 330.7750901953623 435.19332213407046 294.5144364759144 400.934490855154 314.58225722167845 379.6999348828259 Oyster-Closed 0
