295.7146350697658 49.11620376409244 300.649424557414 67.5097157555705 266.7052516753538 76.61646854919857 261.770503393971 58.22299153113413 Oyster-SemiOpen 0
172.72092298963616 103.67167494946241 147.53651571238152 91.09491208676152 179.81052216712123 26.468393595782334 204.99476920401503 39.04511034556976 Oyster-Closed 0
185.41579191905112 56.77192942265813 210.1695950291214 42.64677543786313 239.990192959056 94.90585418572024 215.2364313768012 109.03095210077315 Oyster-Closed 0
55.01776961955693 55.446128502234814 60.947922482890135 102.76132679531375 31.910689355285285 106.40052359056249 25.980646061816515 59.08542625317703 Oyster-Closed 0
344.4328157897835 105.88938256180045 324.5462319042417 101.9754771834539 334.01090238461984 53.88640196244732 353.8973522169508 57.80029370423145 Oyster-Closed 0
68.28818675660659 127.9492430761537 47.58464524102601 122.41992327472211 70.50497091078432 36.600773043910976 91.20825763615358 42.13005677641939 Oyster-Closed 0
92.38476829996944 108.23807952709096 71.54506864423456 99.41726983959195 90.10625794531734 55.56607207816289 110.94582923774942 64.38685058218266 Oyster-Closed 0
228.3120511415982 56.27643730262979 250.73781474269708 59.78230345142885 241.9640959563767 115.90396401324888 219.5383357534265 112.39811300803146 Oyster-Closed 0
119.24196541529818 64.38914341660495 143.736579643195 66.45594994570052 138.91658729678966 123.57897512494911 114.42197414269685 121.5121783213919 Oyster-Closed 0
340.10365261287734 126.08562286682988 314.92052018790855 135.15153693577307 289.5010545740515 64.54277370765217 314.6838988625241 55.476916772799534 Oyster-Closed 0
185.13159526696836 68.08517483792677 218.07517026229834 72.40559793147746 210.6324526493263 129.15604186146294 177.68888178812995 124.83564023849227 Oyster-Closed 0
275.0870178244986 153.64134005856988 251.36375535478146 148.14961634248652 270.50677447425187 65.45815025336381 294.22969300045224 70.94983456371568 Oyster-Closed 0
113.74693272042714 153.33403092942177 91.34057222699994 152.62519175924314 93.80949964863248 74.59255286976953 116.21549755526212 75.30138617177671 Oyster-Closed 0
416.00001085774056 124.47313799999999 408.7573199411272 124.47313799999999 408.75734238668156 101.36307200000002 416 101.36307200000002 Oyster-SemiOpen 0
173.63621825239898 137.851402726941 143.04992068743013 130.4082046712026 150.84354364809042 98.38324506380059 181.42963999689528 105.82641743193057 Oyster-Closed 0
251.2845919031315 90.21394392762025 274.1712389296772 95.82775512119757 258.00016329939535 161.75308325799233 235.11353149097704 156.13931377667137 Oyster-Closed 0
89.2983120607023 164.92220383663167 60.01002967774548 161.99580934701248 65.4976687506678 107.0772786854391 94.78559203227996 110.00365593392785 Oyster-Closed 0
209.40599440299047 168.39455783364048 189.86127129715896 160.23529665574074 212.90915031885015 105.02868018679325 232.45362834609477 113.187883471577 Oyster-Closed 0
15.313307111842732 109.49265727614245 42.474319832457695 112.10432175530524 36.904964853514684 170.02316333175708 9.743954608253262 167.41151741929986 Oyster-Closed 0
117.47247280096781 127.87959371923195 134.63323741194472 129.0270521689824 132.44363153092854 161.7724510189804 115.28286735056099 160.62499738215794 Oyster-Closed 0
185.611873942471 121.64697076360139 206.48301302260734 135.43597658410496 180.44420634099515 174.8469279859428 159.5731340810744 161.0580067464604 Oyster-Closed 0
154.9361740880886 182.9829204473881 132.04205179970086 178.71547981152224 142.76510350115132 121.19157864434541 165.6588819354547 125.45898672182958 Oyster-Closed 0
210.00591706071646 0 224.77847641334301 0.6408681341479022 219.6492851655421 25.92941240145194 204.87672605468106 22.93314475187243 Oyster-Closed 0
88.00704218677129 200.1185263516562 57.84181415217972 197.6166637921421 63.092317821850884 134.31853415418286 93.25697706947903 136.8203727731871 Oyster-Closed 0
22.638251051197585 142.84757736293673 55.19856411423825 136.19652652852972 67.10096167292795 194.4622659751912 34.54066604287436 201.11325822683273 Oyster-Closed 0
91.26969820003069 150.5702483327949 120.03980259972377 151.0398732879078 119.01603963125672 213.7541546927948 90.24593525539967 213.28453443716344 Oyster-Closed 0
270.66279916387793 213.9226573214845 244.58722498413044 213.62557280403712 245.31223560621947 150.01694944775497 271.38728499999706 150.314031 Oyster-Closed 0
155.25803931372138 205.86149284013547 136.5214497517809 213.08218560330707 116.73886285346089 161.75215906499534 135.47516284335143 154.5315274304434 Oyster-Closed 0
164.22612888786534 210.13839397626214 144.08572865518727 206.85827160982396 151.6623592046235 160.3406717960761 171.80245733889387 163.62076913902496 Oyster-Closed 0
249.1643229999645 0 249.16432315187194 5.28505314780699 222.85172284367218 5.28505298047175 222.85172300002523 2.1633635981645863e-11 Oyster-Closed 0
240.31305791367777 227.84909434382973 216.1845986596927 225.45399140965532 223.3226532794688 153.55303302298245 247.45052711300377 155.9481065304528 Oyster-Open 0
183.59636537230472 225.72930915516034 158.80390138183066 219.19236031088627 173.20667552149462 164.57246371235644 197.99866766101331 171.1093458193001 Oyster-Closed 0
7.926703333101614 170.18911398990937 34.16978151386502 168.9669151016279 37.66961497965167 244.11010758487183 11.426538325104048 245.33228947409705 Oyster-Closed 0
63.400761999113456 235.9466490889286 34.56387728077971 236.71003292474694 33.15597030065328 183.51854865107796 61.992303000013635 182.75517199999936 Oyster-Closed 0
108.90805060548882 181.30639549027708 134.68456416861954 175.4227364441109 149.50050166227084 240.32720647117628 123.72401231783078 246.21079269049358 Oyster-Closed 0
185.20412469773146 236.75412338343764 161.2919047636533 258.59049036506923 128.2902335474937 222.45469235644185 152.20218300001216 200.61854500000038 Oyster-Closed 0
253.41876778818187 250.67571930210372 235.02134098130773 229.91919676388278 270.9547679205534 198.07269758993135 289.35205892075464 218.8290297960378 Oyster-SemiOpen 0
416.0000180147472 245.132958 409.80990198352447 245.132958 409.8099272510008 228.48144399999998 416 228.48144399999998 Oyster-Closed 0
98.46978853027758 292.5598066306325 56.32507158918088 283.72382008981714 74.98219726485695 194.7490879241036 117.12533461087878 203.58490424929496 Oyster-Closed 0
370.35708716211593 287.93281068541415 333.2687524010944 283.9348174685196 342.16807657922254 201.39311410998016 379.2551199967784 205.39103795897228 Oyster-Closed 0
373.66829481778404 230.64508602164196 401.1908765557637 220.7358623677453 419.81776364147663 272.46611408160925 392.2952421171103 282.37521706234907 Oyster-Closed 0
25.46599166287706 223.72139878628087 57.73222401694511 221.76385345226663 61.45514863415883 283.12237857595045 29.188919077514583 285.0798971613267 Oyster-Closed 0
219.58338770198316 291.9379392723414 200.65797910833862 237.63014876968919 239.9691370233486 223.9324649818496 258.8947947515844 278.2397477794003 Oyster-Closed 0
111.80421362745983 234.2754196033093 130.5100962954166 239.4481384673573 118.38962215579159 283.27386282764024 99.6837611079718 278.1011975463013 Oyster-Closed 0
129.73521617336155 238.7906542673705 159.8207751709233 241.29520438879547 155.66130270773647 291.25431897079744 125.57574737851246 288.7497982419162 Oyster-Closed 0
286.647017909374 313.68246105402426 253.16808498707178 311.9231835878947 257.725006583958 225.23035240365712 291.2026328438842 226.9895966678929 Oyster-Closed 0
271.7838947500604 263.34635111321654 311.80424645386665 231.4331185726517 358.62272276664226 290.13807210652294 318.6029016777575 322.05071737410276 Oyster-Closed 0
417.7705627171381 288.0311403959764 406.2710130856067 307.10907158914034 361.396129972818 280.0635015481208 372.8956660741351 260.9858191606827 Oyster-SemiOpen 0
215.00865147889635 325.5322615576932 184.09637177052355 327.2799896423752 179.1816688890067 240.3533226619497 210.09260429832648 238.60563279839073 Oyster-Closed 0
64.9680952236049 39.95082419619115 48.05194511404625 25.90328280529593 69.67305544814735 0 86.58919172769674 13.914553874112668 Oyster-Closed 0
82.5562584759682 266.5577886009169 117.80062139814618 270.5016711253982 109.65911611038973 343.2465221894112 74.41476621086986 339.3027174667653 Oyster-Closed 0
368.6391125236296 343.6313350888429 327.6064307527049 328.28908089665697 349.7015092186266 269.2080936188973 390.73292843528907 284.55008610199883 Oyster-SemiOpen 0
311.28977865647903 348.9200416331116 282.44720050374235 355.5195454474302 267.2656131888689 289.17972857552337 296.10710800899324 282.5803552102424 Oyster-Closed 0
245.10569586291604 355.6411957310494 208.68958141031908 317.96654178359574 248.09636057426906 279.88320880150155 284.5119606230983 317.5573026526543 Oyster-Closed 0
128.4382308230779 282.53206157285626 151.55349673621458 290.4849133522284 126.5494124998113 363.14735065317 103.43422997269954 355.19467202371476 Oyster-Closed 0
146.81150452905786 43.66701429280368 129.28955038740605 43.56513871971693 129.5311291578073 2.017748768294714 147.0530538864041 2.119624255595871 Oyster-Closed 0
416.0000765194018 344.188491 404.3525264867385 344.188491 404.352679298343 309.7554319999999 416 309.7554319999999 Oyster-Closed 0
371.2407004788729 315.342923631031 406.856564940259 311.99644943531837 411.5520803120089 361.9602395914615 375.9362229167782 365.30666376562175 Oyster-Closed 0
193.0324553544524 313.85911153602507 245.02461770562877 322.5472892884754 232.22952998125766 399.0995059771097 180.23741930798133 390.41154108256114 Oyster-Closed 0
64.60330654269274 396.06587220980003 42.46760057877327 394.6433919795122 46.43288876370207 332.96036668158166 68.56772591125628 334.3828190441822 Oyster-SemiOpen 0
114.86588692167788 50.884431425628506 93.0964894259123 42.46796001851363 108.46408646538111 2.719458463231558 130.2334440612285 11.135921052322093 Oyster-Closed 0
245.1256841574068 402.8515314246938 240.96144809506586 331.34506189684066 292.1185121115486 328.36682813589994 296.2838539378681 399.87210404727887 Oyster-Closed 0
250.36445929142792 48.81929128485231 226.30668442726528 47.06921852575095 229.4079197724095 4.437742527600214 253.46565463279694 6.187814017649528 Oyster-Closed 0
353.1698288499574 404.37853304925204 327.9518108465418 386.3195199090147 359.25324200971227 342.62091083873213 384.4706419166396 360.6796072978759 Oyster-Closed 0
416.00041119046364 394.233596 391.94973503697474 394.233596 391.95013092545923 337.66250700000006 415.99993819187875 337.66250700000006 Oyster-Closed 0
294.96089699999357 399.9489790000174 292.16069209004127 351.86429537940035 334.48083308684 349.4003874096489 337.2816705939622 397.4843999304359 Oyster-Closed 0
357.8089830000099 396.2884949999933 356.0238437084445 365.6369586996266 392.9305939999904 363.4879450000164 394.71608834313884 394.13910656861157 Oyster-Closed 0
261.91469532487463 55.710809767279265 242.10142402385827 48.540756036435305 260.01427530498404 0 279.8275025529838 6.211727456435534 Oyster-Closed 0
279.870495592324 49.588768469751265 274.8650319628832 10.680232160738726 306.8121924329171 6.570335157629412 311.8176823282047 45.47884075931905 Oyster-SemiOpen 0
164.95632615364957 54.66204711909198 141.30620268228085 36.33197801664854 165.29394822048562 5.382189823198157 188.94404551780462 23.71224365296345 Oyster-Closed 0
241.13475283479056 47.617158379544776 219.56571692886791 59.4942565614933 197.20519954463452 18.887181691364177 218.77418717179899 7.0101001391144635 Oyster-Closed 0
88.63658668962671 20.376672569132804 102.71304480708932 25.35633966954184 88.78714095798205 64.72178458609707 74.71068651637688 59.74212533984336 Oyster-Closed 0
21.50267571375298 23.12160161814343 45.618154770611 30.906503492710904 33.40212582348613 68.74825746081618 9.286652286231401 60.963368115152925 Oyster-Closed 0
125.26135542015618 24.417157889898096 136.59019045579043 27.30787290985468 123.19570777513218 79.80120150251729 111.86687547875044 76.91049365527216 Oyster-Closed 0
