301.5876725950875 54.64216619986494 304.93419562846975 73.11446665316069 269.85102055728566 79.47017673077194 266.5045411717074 60.99791423408484 Oyster-SemiOpen 0
171.94013585145512 99.04617345195322 149.7461628673118 83.7720798132453 192.0602738046582 22.2882404797289 214.2541323979567 37.56228053745734 Oyster-Closed 0
191.93818731642023 52.151696221011804 219.31621076029478 41.83966048559247 240.20973557947582 97.31068047242067 212.83173328989506 107.6226766150436 Oyster-Closed 0
61.749558063933364 41.37798449315918 63.814156808399275 88.89970953691767 33.76707679669198 90.20504023494036 31.702564908002387 42.68340111891398 Oyster-Closed 0
340.1527660189895 116.04492081169793 321.71593675405165 109.26162139703806 339.13774155120336 61.9105620758081 357.57443830844204 68.69383450920449 Oyster-Closed 0
64.99858111188587 115.19635918082194 46.06952119474954 106.85139881327572 82.82968848763994 23.46868210876752 101.75856394946095 31.813595419453126 Oyster-Closed 0
91.94712223530587 97.44231272551616 73.3872414317375 86.1932714366571 99.10564504334616 43.760780490654234 117.66543505403024 55.009785905184316 Oyster-Closed 0
234.9170308246903 55.245540166179495 255.88702624027064 62.08780548151551 237.80522026016115 117.50376624108223 216.83523862001311 110.66153134335158 Oyster-Closed 0
126.31419386552807 54.118734690996035 149.59187368664425 60.00722132435435 134.99388146280762 117.7136264832046 111.71621093424619 111.82516607941949 Oyster-Closed 0
333.11411669221343 136.5675287516354 306.43712422858516 141.40465009690556 293.042250365168 67.53193829666178 319.7188912835227 62.69484967694611 Oyster-Closed 0
190.4340991515055 63.56180759249871 221.4099632577454 72.87081946319553 204.52264445478068 129.06273575932224 173.54680011126402 119.75377014417579 Oyster-Closed 0
263.88763612361436 158.12837430028497 242.04780404258054 149.3091784854494 275.0399405106036 67.610129724758 296.87946079390167 76.4292573715135 Oyster-Closed 0
105.53330632783764 144.3780130860478 83.97281218297212 140.07090670200242 99.5636175021682 62.029454433004496 121.12379630425494 66.3365274570007 Oyster-Closed 0
410.16250020081134 140.50601446097 401.9422522677705 140.21896500260627 402.76861694144463 116.55585830709488 410.98882100000264 116.84290699999934 Oyster-SemiOpen 0
166.51168827680885 134.70449348422468 138.41925809056556 123.01427620549346 151.4656544778336 91.66385821910058 179.55791771022996 103.35403600778254 Oyster-Closed 0
251.7215548625354 91.42047775144057 272.7342327315273 100.20687746007893 245.74180968330984 164.75752436528796 224.7291719203422 155.97119317812803 Oyster-Closed 0
69.30986175499856 92.42475842971113 95.9208719398739 102.19035828488732 76.10238716486492 156.19385658675805 49.491407441357296 146.42831645695202 Oyster-Closed 0
197.07738081479692 166.7714982975175 179.65577724019386 156.32075273851888 211.54460353925242 103.16349149743213 228.96601079949687 113.61416104470776 Oyster-Closed 0
16.330724229308544 91.54160802803187 42.072271206747246 98.36071856996699 27.062939378607552 155.0182252402728 1.3214085249710479 148.19915767216668 Oyster-Closed 0
113.83059174071605 117.63570790312798 130.20563240180127 121.48792000046295 122.41380385968296 154.6084936378001 106.03876838761789 150.75629726970044 Oyster-Closed 0
181.71690143286105 117.88848744791002 199.7769470389394 133.5241993730045 167.58617810441865 170.7047263185092 149.5262224643884 155.06911142130406 Oyster-Closed 0
141.62558357854505 114.59768563422284 162.42949151672656 124.63012440782039 137.2775353154684 176.7849403793387 116.47367584990207 166.75257586282748 Oyster-Closed 0
226.5734589772037 0 240.2351629603545 1.0262748567321547 230.90785069451158 25.8902134514655 217.24614741485493 20.765244209305205 Oyster-Closed 0
71.3131827361467 189.31246108113095 43.08065591545164 180.9692546182685 61.68124516263924 118.03080078317106 89.91329217719613 126.37393056277608 Oyster-Closed 0
39.89442519947988 119.33874192016404 65.54578727440457 137.28988763308143 28.927926392399968 189.6128652878543 3.2766944156537647 171.6618749967865 Oyster-Closed 0
84.1151459106186 138.63907804600973 111.90193750114486 143.7631391692791 100.60510302966941 205.02071242907112 72.81832362351997 199.89669923066918 Oyster-Closed 0
249.47385485055202 218.83322882907393 224.2593020592285 214.30802811385703 235.9739325634655 149.0394439386527 261.1879630000003 153.5645970000041 Oyster-Closed 0
137.87857620148134 200.55491826565452 117.91707773713279 204.65124202523324 106.93167779352734 151.12131981267922 126.89285910308536 147.0250289621399 Oyster-Closed 0
145.63912256832555 204.94126984879767 126.83269064732303 198.6791008388314 142.07188917684834 152.91617706593303 160.87805863489484 159.17829874681422 Oyster-Closed 0
265.7739079999956 0 265.77390817739433 5.339864931998545 238.4478399794316 5.339864779793421 238.44784014547986 5.6481556291761685e-9 Oyster-Closed 0
217.49193270131946 228.905291747685 194.64074822086332 222.77990209756837 213.70997107456424 151.647020111043 236.56061568930454 157.77233295782622 Oyster-Open 0
162.0252328371571 222.0902101680294 139.3430095155345 212.1714902228919 162.3359357591071 159.59524645935076 185.01776486105155 169.51386576199647 Oyster-Closed 0
0 152.461036 20.467739 152.461036 20.467739 226.251643 0 226.251643 Oyster-Closed 0
42.22080804352299 222.5979501933028 14.075380899645097 218.61024845729983 21.68612003977978 164.89904478847123 49.83104599999933 168.88671099999834 Oyster-Closed 0
96.14087481548995 170.021764708374 122.60405893123243 168.54495160131142 126.29932484638266 234.7564349309822 99.83614221258904 236.23323055722898 Oyster-Closed 0
162.16082699647814 233.14021191606508 134.36107172814445 252.07186826570876 107.7458615697251 212.99254005753954 135.54523800000243 194.06106300001136 Oyster-Closed 0
226.72780445263197 252.2289241951495 211.35375229247074 230.55789995447583 252.52974964593523 201.34907604697028 267.9037415880375 223.01988898933627 Oyster-SemiOpen 0
396.7975457745015 261.6215839583316 381.4406330404745 258.95138137010184 384.78243006082266 239.73452301199464 400.1392124982267 242.40471395591462 Oyster-Closed 0
66.78130979369598 282.7569787568036 27.81195394371025 267.90256044954214 61.01579663826851 180.80555182717384 99.98383039781402 195.65969152981597 Oyster-Closed 0
334.8782222073569 300.95322500225444 299.8214349918708 291.2524355270028 322.4334039499008 209.54929875029947 357.48895497335616 219.24990948225854 Oyster-Closed 0
348.0157141079144 240.52986995073547 377.17113109739876 235.2418344770095 386.84777029819816 288.58747775302305 357.69237089706075 293.87544639302956 Oyster-Closed 0
7.192365968337981 205.3797046996565 38.95459900517017 208.80214072667275 32.2348020046702 271.1599670982991 0.4725756124644249 267.7375758361708 Oyster-Closed 0
228.1605644572228 281.8831877480756 186.59439875471435 290.297401033903 175.11724281135685 233.6042473925452 216.68235379546968 225.19014383415697 Oyster-Closed 0
90.40902738556179 223.83604922825452 107.4814620704783 231.5309788399941 88.24333786861462 274.2092511445258 71.17095159596647 266.5144005630717 Oyster-Closed 0
107.16999869017309 229.84377988086788 135.7684663585169 237.04503050813813 123.62628368984952 285.25999464259536 95.02784559668362 278.05882547124554 Oyster-Closed 0
248.59761871124283 318.71665485883835 216.54321059375434 311.6394212478203 235.49744573146745 225.80625788814154 267.5506175768096 232.88335449017498 Oyster-Closed 0
297.8857934524458 326.61040429942784 249.22461278749324 315.45671790983954 266.09463317909103 241.87123408524315 314.7540431088746 253.024709372326 Oyster-Closed 0
381.93874037715796 302.850223191442 367.73914203223103 321.19237840990354 328.2111644018696 290.5962354646823 342.4106543653288 272.25431854361847 Oyster-SemiOpen 0
176.1689921922116 325.4941644870282 145.77099853778054 322.09472602478473 155.6499995576196 233.77583420088772 186.04666780305706 237.17519754047362 Oyster-Closed 0
76.7562745674586 26.57052987021909 63.05320581687192 12.071919107165176 87.23339755935376 0 100.93646225478733 3.717113827145766 Oyster-Closed 0
56.32111827681365 253.03674536379432 89.60401203870788 262.3855262622623 69.22613758982698 334.92271375203524 35.94331740103007 325.5741158153071 Oyster-Closed 0
324.0811650682226 354.98092894188056 287.25803288477255 334.6041417601271 318.56536134814087 278.0397760839236 355.3874258916512 298.41619530644715 Oyster-SemiOpen 0
261.2226394152349 359.5728599914149 232.23505045097045 353.90829341766334 245.08413513641062 288.1707176188533 274.0706269249531 293.8351725837266 Oyster-Closed 0
201.1354996090995 356.156630529479 170.52507668053295 316.45487673536803 215.87899920066775 281.49290232751235 246.4891502548744 321.19403835625064 Oyster-Closed 0
77.75917924215901 352.9687376276213 57.88249128290772 339.72961075021925 100.98056826292668 275.0360138650845 120.8566382948593 288.27486004620397 Oyster-Closed 0
156.4681219879676 37.58401670926305 139.5016818709264 34.63363130620329 145.86373547200128 0 162.83015977515606 0.9985697756602164 Oyster-Closed 0
378.4295685259749 367.24854560695377 358.24622434172124 363.7394610721395 365.57096385404657 321.62014367728847 385.753806033008 325.1291840913744 Oyster-Closed 0
331.7553906125395 325.6415660073601 367.10948861154975 328.28921603791866 363.371029547332 378.19839358081725 328.01693613094176 375.55078445718675 Oyster-Closed 0
157.15888178802197 309.042279709281 205.66376192572716 325.4033348683131 180.46561209083666 400.0907078282499 131.96092163208596 383.73005728651344 Oyster-Closed 0
16.404216206403362 382.8935106150508 0 377.9776498016246 9.47851430433002 316.90105852740953 30.612926915240678 321.81682566762726 Oyster-SemiOpen 0
123.79337658146324 41.857961522393985 104.2968975441072 30.804773375224784 125.70572766230543 0 145.20218858862427 4.095437703716532 Oyster-Closed 0
198.16333002805186 330.8491969207865 249.28956232789278 333.37178303599615 245.75888679565833 404.91299747206074 194.63265818378204 402.39046994541616 Oyster-Closed 0
251.76438204481747 50.869016910935436 230.53653123221738 40.870872569768935 249.27294298384732 1.0902174371232745 270.5007624832724 11.088353639979776 Oyster-Closed 0
308.0494179266316 355.295063262948 336.0399998075809 370.2374028203428 314.7719584905717 410.06721393438465 286.781531347453 395.1251003428294 Oyster-Closed 0
341.6401079999814 393.1757720000197 339.0727068619053 353.1114341305808 373.73812857652956 350.8905531006274 376.305953640418 390.9544361836844 Oyster-Closed 0
246.31742200000008 399.2843270000184 243.78679847997046 359.7911566152658 285.3068305969791 357.1312605171323 287.8379642376203 396.6238858740543 Oyster-Closed 0
344.697113236125 375.6569679230248 350.75716233473577 388.7393627153514 316.8323995275168 404.4496099918449 310.77254781654847 391.36738283140295 Oyster-Closed 0
267.6388268233786 58.57128756708457 249.82371381205303 48.939818764020146 275.56897643467164 1.3195248479335955 293.3840495389377 10.95098058432356 Oyster-Closed 0
287.4362347601309 53.68585396106127 285.61079887146843 14.608208639747811 318.8885953343706 13.05370596584099 320.71406756163924 52.13131340104401 Oyster-SemiOpen 0
172.57094499999585 49.437161000011756 152.3167487474384 29.290144520033067 181.13268485101798 0.3209523103828549 201.38686822563614 20.467954930610183 Oyster-Closed 0
249.04176926755827 49.66155575828142 225.2733665905871 58.18031252404005 209.84424727749501 15.131153237023783 233.61259210066783 6.612408001561716 Oyster-Closed 0
103.33778262015403 8.87915897829948 116.01157240791872 15.621924104758824 95.71007153297614 53.78082387393169 83.03628702735296 47.03806682536571 Oyster-Closed 0
37.00902447980843 5.8425236110361185 58.83584383726702 16.741351753867892 40.53712225264462 53.387697879606094 18.710310266433225 42.48888134906797 Oyster-Closed 0
138.67846839769481 15.858360818798895 149.0598484225884 20.306105987584967 127.17174371580404 71.39447373906401 116.79036936450211 66.94673806057148 Oyster-Closed 0
