269.69798981301574 47.337164906470335 277.32226307301244 65.04257664303795 245.54134433481886 78.72787412046071 237.9171106089234 61.02249574290197 Oyster-SemiOpen 0
166.1219383081043 118.16449208544414 138.47144292045778 116.46305922266762 142.9883474392118 43.06070401122024 170.6385743318242 44.76212898264011 Oyster-Closed 0
162.27345698882345 70.48506663083478 183.9092849335284 52.80134860074905 222.56677403380309 100.09786529837157 200.9310204276444 117.78150279182259 Oyster-Closed 0
5.725618570217193 95.09088084694137 33.39036839198525 86.67516612108713 47.30534326728957 132.41656979539033 19.640610372323863 140.83224418507393 Oyster-Closed 0
327.7598691420171 96.13138521524715 307.43512502829617 95.83573014250115 308.1437473216174 47.1266101489795 328.46836552885 47.42226430051783 Oyster-Closed 0
38.42338436884165 68.23469879985052 59.72658158992999 65.8379035550483 69.59668581675578 153.56376898796668 48.29349237888164 155.9605434756691 Oyster-Closed 0
79.71529917876614 133.61620751784974 57.415068358994176 128.54099577816984 67.8149674918277 82.84580867909344 90.11500376980985 87.92099722257689 Oyster-Closed 0
204.35646437333708 64.43001013656635 227.0777053200145 63.863449669855626 228.4878858659249 120.41633806041145 205.76664502863787 120.98289591018955 Oyster-Closed 0
98.28426825955103 87.51947176953342 122.71558108676254 85.16883095435703 128.17006803168988 141.85872661519136 103.7387573452761 144.20935397022245 Oyster-Closed 0
326.8578337465915 116.79265154010025 303.98494580787883 129.83387857929446 266.4235202772361 63.95612621725961 289.29618951893644 50.91497805554326 Oyster-Closed 0
163.90345430197704 82.04378923396519 197.0992453469189 80.39318419638394 199.9319467915957 137.3613963664503 166.73615643993253 139.01199230399155 Oyster-Closed 0
267.9602730400911 152.8352899767255 243.53508138757024 151.6622422021777 247.56017380500634 67.85838143388787 271.98499847317 69.0314208618958 Oyster-Closed 0
108.72127363177424 175.287490854148 86.63003970539648 178.58733178854948 75.09858008574884 101.3894984982587 97.1893902334923 98.08969020989278 Oyster-Closed 0
412.99689483919065 110.25313613533876 395.72274247647147 113.28806801122448 389.37252228294165 77.14431221770599 406.6465760000319 74.10938899999738 Oyster-SemiOpen 0
165.11507628669278 150.93205966534472 133.54510194133036 149.05670038324686 135.48680322718792 116.3734043914367 167.05653369281208 118.24875638043144 Oyster-Closed 0
233.06651058268108 94.42352404921029 256.69878354321554 95.87118228963234 252.57079953014545 163.25665821876117 228.93852759527 161.80901091632677 Oyster-Closed 0
86.65818187947661 189.47158403426292 57.34598431167251 191.8369876959887 52.93829962798554 137.21710767843766 82.25006177060277 134.85172103443267 Oyster-Closed 0
205.8492105745063 176.9664134150738 184.9578328587304 172.32245180959035 197.79956390925508 114.55568314307303 218.6906391925404 119.19961006979575 Oyster-Closed 0
7.644290837721201 145.86174722035258 32.06927926508797 144.5817572993097 35.115758016036125 202.71232874909472 10.690770587891166 203.99230722766725 Oyster-Closed 0
107.87791499999003 149.95737400000192 124.92873563018657 148.01741373730624 128.66459240744007 180.8513381445848 111.61377343446293 182.79128903839472 Oyster-Closed 0
182.34830308347227 186.5452959913194 157.63527480416815 180.8038065963438 168.1691237502746 135.46593477442715 192.88183753520207 141.2073860757016 Oyster-Closed 0
154.70636152212683 198.72819460841703 131.3598533936056 198.6245931418363 131.6205624743816 139.92374194873543 154.96666752004967 140.0273425289123 Oyster-Closed 0
175.8370683541325 0 191.00034835276892 0.1267110216516155 190.41554862639168 34.62982239218955 175.25226861664123 34.37281733019131 Oyster-Closed 0
91.73247668719341 224.93566204653956 61.654606348467496 227.87268924474222 55.514217530493625 164.9898242920346 85.59143404610586 162.05282942027438 Oyster-Closed 0
17.369016575004935 178.74844890329558 47.88005066509868 166.6325747806041 69.76497094670049 221.741177596388 39.25400591088328 233.85692533547802 Oyster-Closed 0
86.13011400001415 176.142167 114.40034665991698 171.47900339555798 124.77939541633168 234.39730240781074 96.50917681836654 239.06041239914595 Oyster-Closed 0
274.225178018125 212.70575215655185 248.6303937718112 217.0564289863616 238.0901692602929 155.05140645077284 263.6844500000225 150.70077299999753 Oyster-Closed 0
158.96691844129236 221.42628717124788 142.03147853552218 231.57246801447948 113.4256341577493 183.82843017484578 130.36082222472032 173.68234565126002 Oyster-Closed 0
168.73107141391665 224.4225944102793 148.29644458115217 224.8011919685473 147.42396287326847 177.70358950383863 167.8582506735911 177.32499507740002 Oyster-Closed 0
215.94132494661972 0 215.94132608185828 14.17823600525627 188.4227472527964 14.178234783675858 188.4227484291332 1.5825944723570822e-8 Oyster-Closed 0
246.9228569103907 231.29747993032558 222.77815416949306 233.26143306780017 216.9215446538874 161.26196208845937 241.0656439714112 159.29803371099746 Oyster-Open 0
190.65656753103394 237.06940254157772 164.9578772506611 235.04396639955144 169.40906999142317 178.57585528701568 195.10721450074925 180.60126940604738 Oyster-Closed 0
9.065159862413566 206.478770557496 34.94064523991983 201.93305515341146 48.020738050901855 276.3814380623858 22.14527204008118 280.92707946482153 Oyster-Closed 0
73.88572543820192 263.93117777511503 45.814473448659555 269.79387658335577 34.936160979683336 217.7111543469273 63.00681500000064 211.8485190000024 Oyster-Closed 0
109.0865067058985 204.06705788107064 133.12124248405598 193.89461906546674 159.44268522023413 256.07975513033614 135.40802967483978 266.2520545845193 Oyster-Closed 0
194.23066876366647 248.051167656522 174.46913370428229 272.8577086177904 135.40949139792065 241.7448449280895 155.17088600000352 216.9385749999984 Oyster-Closed 0
263.96536786884826 252.27760346071878 242.05241430838578 234.4032554062112 271.80820922347993 197.92778481908672 293.7209140492196 215.8019719576636 Oyster-SemiOpen 0
118.6936608202268 314.32241087564506 75.5020589372034 313.1561575684786 77.94825483144086 222.60519605203024 121.13801913103453 223.77142463173226 Oyster-Closed 0
385.8822647349989 271.694398333343 348.69971943341807 274.4029118785144 342.67570668851477 191.70575132399486 379.857020840569 188.99728229385568 Oyster-Closed 0
416.00019941455685 259.59971900000005 387.2607083012299 259.59971900000005 387.2610413757975 206.27251500000003 415.9999077797438 206.27251500000003 Oyster-Closed 0
34.483493973250006 257.98839231699367 65.65949114865725 250.37186760195058 80.24686296233995 310.073085264218 49.070908717905695 317.68949309736246 Oyster-Closed 0
210.70869405716803 246.27267703878883 246.8267544778828 227.23001719146995 274.0364062172448 278.8325918923541 237.918519627121 297.87499598259944 Oyster-Closed 0
121.33326413853138 256.1659661843932 140.77465992459838 257.936079270538 136.67649234053897 302.9408474371335 117.23509934120739 301.17075402142444 Oyster-Closed 0
139.88565056938387 258.00731092558965 169.8861032791392 255.08749045100333 174.8115085252066 305.68808114699215 144.8110610994845 308.6078646797549 Oyster-Closed 0
307.972473498663 309.4166729410352 274.8123786147298 313.6672435387438 263.73888812121004 227.2855367900978 296.8977047951921 223.0350462075028 Oyster-Closed 0
284.3885182070371 262.27503019494554 318.075924375029 225.15260543460678 374.7518461706786 276.5782356569385 341.06514685757793 313.69998160144866 Oyster-Closed 0
423.11694660521243 266.65982203211763 414.0124269901171 283.55347997714205 374.9856722456898 262.52312828728355 384.09020725933806 245.62964449955427 Oyster-SemiOpen 0
239.33420094609028 330.7989666613878 209.4395778017024 337.97379048978655 189.12717770870222 253.3507854339689 219.0205130750037 246.17612325929807 Oyster-Closed 0
40.38270276461844 70.36539281086903 21.01712721151489 59.133228199714566 37.767658813543676 30.25353329825334 57.13318763902862 41.48568048115414 Oyster-Closed 0
98.35896387470348 292.3710448019203 133.72461190232207 289.9395348637866 138.71784185997603 362.5516878896606 103.35219895667979 364.9831466173803 Oyster-Closed 0
394.34783988380514 327.5289108418704 350.85624392621685 319.6014658668359 362.1461536818133 257.67644072017816 405.63637179141006 265.6037568269707 Oyster-SemiOpen 0
338.4396244784475 340.7271593590703 311.54912759532453 352.12436697277633 284.7381577152519 288.877100326885 311.627735039674 277.4801169356715 Oyster-Closed 0
274.6291263365056 357.00836778593305 231.76523077195088 325.141929997633 263.8343487490274 282.01379837952373 306.6973836976649 313.8797688300885 Oyster-Closed 0
146.40937706920158 301.21696002298347 170.76549665669154 304.9815006364224 159.09020063165372 380.50451167402287 134.73410045067067 376.74005717252163 Oyster-Closed 0
94.73556683082643 26.81269492298177 111.00886536646794 20.508810112179233 126.01158505619605 59.23780652582487 109.73829208248571 65.54168134007918 Oyster-Closed 0
416.0002852053731 344.985824 392.8744288669659 344.985824 392.874788741894 295.39775699999996 416 295.39775699999996 Oyster-Closed 0
215.7545578087702 323.84401831618027 268.55451998120407 323.0865151772894 269.67133193162226 400.914041599945 216.8713701779743 401.67152581404025 Oyster-Closed 0
102.84087032674506 413.5369647874361 80.85951235238826 416.0946444605502 74.63674087668915 362.6255923408873 96.61729136631766 360.06796039831295 Oyster-SemiOpen 0
91.5472777184441 74.06302793344547 68.41585640366611 69.57597636098996 76.49751681705311 27.914327410142647 99.62885187100983 32.40137030200076 Oyster-Closed 0
280.8989711753711 405.221203828731 270.05831175672574 331.4862932818292 319.7911253584025 324.1764168110624 330.63276058737756 397.91012302437423 Oyster-Closed 0
224.7086776106189 53.02457137957676 200.7742017707351 55.6065346139452 196.20502836349988 13.25073157627702 220.13945348535708 10.668770807077562 Oyster-Closed 0
389.69334935154257 391.82199151049554 361.041486600654 378.34446087230106 384.28849182311023 328.9365325674363 412.9395008229076 342.413826448431 Oyster-Closed 0
330.93235612529315 397.86599240613424 323.08191881594394 344.47015761068536 365.69190072363926 338.20708851737754 373.54295296633063 391.6021709286168 Oyster-Closed 0
416.0002840643174 389.0465919999999 390.9261280000319 389.0465919999999 390.9265115124581 348.110553 416 348.110553 Oyster-Closed 0
237.40591445169048 58.458269294421356 216.45489817346606 54.87328909144369 225.28998873598175 3.2403447382024058 246.24094852738563 6.825320111849388 Oyster-Closed 0
253.57866944382113 50.19354965247532 243.0527314402716 12.094101536561006 273.34624128021096 3.724764516624242 283.872196810531 41.824184462387635 Oyster-SemiOpen 0
164.29080350875665 55.25762700518542 140.68636152609542 71.68827912819465 117.45793257990226 38.31816387435918 141.06232401498346 21.887535844022803 Oyster-Closed 0
215.28600267413276 53.33415214218476 196.36826856090192 68.34010376517887 167.13455082072323 31.485768142024913 186.05224110160998 16.479843477585934 Oyster-Closed 0
60.145603856744856 47.94210252388884 75.00645278310185 50.372888223011586 68.32264107024821 91.23471330356887 53.46179355655477 88.80393381950641 Oyster-Closed 0
3.2243609999932232 61.5244769999993 15.797300478279794 60.86556580618953 17.873956000395992 100.49062373692144 5.301016681773035 101.14953305988324 Oyster-Closed 0
96.99709117228849 46.845314444102335 108.71921487001964 47.674017437899245 104.91343788615268 101.50683222742217 93.19131452127476 100.67813214758333 Oyster-Closed 0
