172.26593021715962 51.64012402556547 176.55437465053546 70.55113584510873 116.46933884638565 84.1763440816015 112.18097495488473 65.2654021023053 Oyster-SemiOpen 0
273.9693781048845 49.86648918481101 282.1658287994651 92.06390376900593 235.89400128944908 101.05153720782246 227.69770046328995 58.85425449899974 Oyster-Closed 0
77.05015690701839 68.23348487897313 95.04341996455696 106.6109534496607 47.20902415877208 129.03750457326933 29.215970615507104 90.66021502981455 Oyster-Closed 0
0 65.768616 39.606663 65.768616 39.606663 138.241541 0 138.241541 Oyster-Closed 0
118.21162065519457 118.57070973970094 109.4593503980177 86.9307789501418 165.70467797623132 71.37232954036314 174.45704282123552 103.01210441313258 Oyster-Closed 0
247.87767531936333 116.18129858774458 207.6008403111191 142.00587104129673 164.68249349550388 75.06988392126506 204.95892098507466 49.24548758855514 Oyster-Closed 0
406.79317573886874 77.22389242197653 418.36952892474073 90.31129556957804 390.9978556783026 114.52224914726347 379.42154514347203 101.43488647066583 Oyster-SemiOpen 0
94.91358139049771 174.98347391494542 65.38480419809639 157.21136174272152 102.75885088160794 95.11605425203875 132.28722898671913 112.8880109229856 Oyster-Closed 0
150.11814057132506 162.56135972643693 112.80161835811305 157.05471362462396 120.35475087425584 105.87352970711171 157.67081960738142 111.38014152019922 Oyster-Closed 0
42.96460969936743 124.69834252144821 55.74223025502579 158.1203151232239 4.789075133019651 177.59922502741927 0 144.1774970866791 Oyster-Closed 0
88.06527300000744 224.32237199998733 68.329219006926 180.9589398096033 144.33611109479898 146.36763378518253 164.0723348990723 189.73050354571237 Oyster-Closed 0
80.4833465653719 239.39933645467096 33.34207729075206 237.86136322810154 35.678454622011486 166.27093927620854 82.81848608077053 167.80889193718752 Oyster-Open 0
151.12744808634307 190.99638479881924 180.16717495892954 171.14033316011268 211.2686495197231 216.6236532038401 182.22908528954576 236.47950863728389 Oyster-Closed 0
98.908856390437 259.42525269766395 90.50704285206302 206.11731084934334 165.56548618201123 194.28836549404673 173.9679514181662 247.59548553251634 Oyster-SemiOpen 0
412.70166040794356 207.67402681401086 418.5902887843258 229.7472045594615 390.3836470447095 237.27127847581855 384.4951650006442 215.19822588771385 Oyster-Closed 0
257.31265172716303 205.9996537424109 312.44650372330216 186.9567853393292 336.2966579262247 256.00317707876843 281.1629447610503 275.04576162396734 Oyster-Closed 0
268.91436572080784 205.74202981862786 305.9815607905439 222.59525494797455 281.57042816506873 276.2799211838379 244.50336008191516 259.4269058076946 Oyster-Closed 0
327.4042442896207 236.3969220627206 352.0817790365072 202.15330879157852 401.80578335856626 237.98345280882305 377.12873563805624 272.22662742743415 Oyster-Closed 0
20.752312536504178 247.76388507576632 88.27921165317093 229.201828960961 105.99035947818993 293.62560056011944 38.463577139234985 312.1873583997979 Oyster-Closed 0
147.0398637126127 316.84421997599975 91.15979551754936 294.04375043169154 123.12651856761295 215.71148372828975 179.00466674713607 238.5115161295329 Oyster-Closed 0
275.81260292554 267.59701605358066 243.943267333907 334.59241706292175 152.76497408882278 291.2237129354911 184.63468910178563 224.22995256294155 Oyster-Closed 0
0 257.039547 29.457737 257.039547 29.457737 336.768027 0 336.768027 Oyster-Closed 0
310.9407307617803 269.3798115767618 320.5006816097084 243.36682319205272 382.3395786303736 266.09016797406025 372.78010883780007 292.1027459769083 Oyster-SemiOpen 0
346.56352982125827 287.6212951269205 334.4895001744226 310.4306548833244 280.6140355639509 281.9155738474781 292.6880978585905 259.1065669930491 Oyster-Closed 0
282.60683210705974 265.9527804497619 333.72938488589716 308.0438834384663 301.0824787908932 347.6887097629156 249.9604666928317 305.59819478525924 Oyster-SemiOpen 0
136.30155653744805 329.52916072555035 158.68435200001477 288.3919369999894 216.10054698013482 319.6265859458656 193.71864147110682 360.7630441338438 Oyster-Closed 0
69.32605026877354 375.5500068946682 39.72871585408939 320.6847266030038 119.32208041990089 277.75573142602184 148.91952674780623 332.6195831581526 Oyster-Closed 0
411.8454154149367 332.84743666578225 376.8311994258729 332.44007535101736 377.39131994820855 284.3498510481218 412.40461700001106 284.75720699999994 Oyster-Closed 0
372.9105232371221 303.3066292842956 370.96068984040903 350.92276719440804 323.36369354069393 348.9734112688925 325.3141496379867 301.3579204182703 Oyster-Closed 0
74.2486432824735 332.77587743516654 76.97333234972393 412.47246145017033 2.3709963531946414 415.0204235137731 0 335.32578942825387 Oyster-Closed 0
85.23858773379106 410.7532656272029 81.14764499688317 340.4796005389933 177.74491261293588 334.85764227030705 181.83795300524798 405.12900453635467 Oyster-Closed 0
180.78270504795 406.09559132001414 176.60321206300432 361.2126254395113 254.55374391200894 353.9553166220994 258.73429198589656 398.837099813221 Oyster-Closed 0
295.86745203467217 395.37829153345626 292.0587592975353 354.463808014274 408.8803198508067 343.5896155953841 412.69041213037053 384.50257823686667 Oyster-Closed 0
86.91840978420441 13.308659436009963 101.91780911471506 51.907602244489645 60.136172347072716 68.14366610116495 45.13683837388817 29.544774895874678 Oyster-Closed 0
96.7755815639648 65.74506528793515 74.72545945808452 42.96636027843694 116.14063152625386 2.875999847136966 138.19071159416126 25.654659837190138 Oyster-Closed 0
142.27568068423352 57.797248750851566 138.13453494383793 13.328197518095692 197.3482290599677 7.813966023123861 201.48944311600644 52.28293823149058 Oyster-SemiOpen 0
61.26596880884608 55.676631284968266 33.787306193502445 81.59236658835735 0 42.871952971472005 24.74773209046907 16.95627673705297 Oyster-Closed 0
