164.93564891752249 73.72826999246726 169.11334831421482 93.45695428683138 113.23940181695798 105.2883508323529 109.06180469464744 85.559756011333 Oyster-SemiOpen 0
273.28853320739654 121.47083730622978 226.26678311329306 116.24209222959392 230.97478058130582 73.90581393849926 277.99618995708806 79.13453990040375 Oyster-Closed 0
73.2421412580079 87.76692716646589 93.12296452273586 128.82010750449808 51.8174009950053 148.82244711367557 31.93681067494981 107.76946600553573 Oyster-Closed 0
6.058361999981571 86.63861000000057 37.4512185107742 84.44347102787177 42.20016934038358 152.35713280899176 10.807314623063576 154.5522561940099 Oyster-Closed 0
163.37665088890935 97.12568601789216 167.28670340097597 131.9874254443642 115.72775789173102 137.76984939317538 111.81791019369848 102.90829907846064 Oyster-Closed 0
250.4323697209038 138.87160281076595 216.3189780614921 166.05343630296034 162.1513042825136 98.0740813724521 196.26429440188804 70.89249817101083 Oyster-Closed 0
403.79681333833287 104.77051390774571 417.4619276374797 118.25814622343694 394.1976665023649 141.82786610415664 380.5326007634212 128.34028234044067 Oyster-SemiOpen 0
108.83833210169178 194.32052657800074 74.77164212108619 179.36284624088128 102.16652554316533 116.97349642440847 136.2326577503809 131.93103568103413 Oyster-Closed 0
122.52423305700358 177.95802462599528 126.89729931754118 129.41409334694066 164.83704672715612 132.83177988675527 160.46425408365758 181.37545700837853 Oyster-Closed 0
50.34665840914022 142.92249843077454 64.01227178349654 178.49845261648568 17.398665374861594 196.40265827682506 3.733365326112107 160.8269698851143 Oyster-Closed 0
109.831020000016 244.62252699999286 88.12345158380413 198.25746576204403 157.05189621093814 165.98820957165165 178.75962333178904 212.35265121940006 Oyster-Closed 0
48.31541963879863 192.7491740034061 94.56708181693466 185.8604650427659 104.68325600472599 253.77626091140922 58.43161536344269 260.6648762066963 Oyster-Open 0
167.94966205357923 213.5415287615172 192.49573630027953 192.97517987568494 231.11689960641525 239.06600629582698 206.57105428144132 259.6321087249839 Oyster-Closed 0
125.29310065684695 280.1936179409918 117.71000630737399 225.28139189471426 187.14780952462752 215.6933773669256 194.7316038141762 270.60474723020866 Oyster-SemiOpen 0
416.0000324539469 259.85615 406.82178450190986 259.85615 406.82183334819274 239.776617 416 239.776617 Oyster-Closed 0
276.73935465658724 231.73107695404482 325.1585920913676 207.0784853030766 360.959400427997 277.3863435294151 312.54045508942727 302.03849721849895 Oyster-Closed 0
287.15747807036314 231.5507798089306 328.71558295044815 243.55926562928076 312.60458533249766 299.30827887046456 271.0465462556713 287.29995520256523 Oyster-Closed 0
350.8739823226897 262.09453831426 372.1948370183709 229.9949177969862 426.69456909115615 266.1898867884484 405.37426489504287 298.2890193908328 Oyster-Closed 0
141.71643847597807 299.7509125012738 102.16672224140711 343.34720872552487 41.51171449212052 288.329786136814 81.06068543557558 244.73443955984925 Oyster-Closed 0
116.63792817259309 297.8341174480821 153.9766674826642 237.77177521635795 218.4201650727482 277.82904264481135 181.08274353231536 337.8902356976637 Oyster-Closed 0
307.5633861335118 293.58068952322515 278.6668244586908 356.0555323037173 181.7534520678455 311.235385030869 210.65046585397795 248.76229824879584 Oyster-Closed 0
26.480916747346782 278.41217249109866 55.24332899631918 272.905803678188 70.10207403741151 350.50750463148364 41.339695728354855 356.01375268132944 Oyster-Closed 0
339.42074389240224 294.6167183113703 348.41547415936657 270.20654829997585 412.49844144614326 293.81638239009817 403.5042247257479 318.2261147038413 Oyster-SemiOpen 0
379.88953030043194 314.49190823559843 369.0948724509217 335.7405335401557 311.08978400630076 306.27747203897076 321.8844952959698 285.0292290890201 Oyster-Closed 0
310.50095192087247 292.1398028131663 370.7894378471974 332.34996165444295 345.0232903596843 370.9740973425627 284.7352516085775 330.7644869728926 Oyster-SemiOpen 0
256.71554560657387 347.81331578884993 235.68370079939996 384.6221037446678 170.20460242013723 347.21567176941096 191.23645200000465 310.407738999997 Oyster-Closed 0
112.71605599076793 397.75780908654787 79.3430885769958 339.0397263593417 152.62691054736206 297.397127618667 185.99990209564203 356.11369815487745 Oyster-Closed 0
410.4150074909012 375.3227572804412 362.76212952667265 376.677569806463 361.4070345576729 329.0018594797316 409.0585052544702 327.6470669637506 Oyster-Closed 0
125.57926642689563 352.742224580866 126.26966024521971 415.9200477850268 42.55853046636548 416.83254060255985 41.86994265472822 353.65650817206233 Oyster-Closed 0
134.68460307352507 415.99997846520984 134.68745397376188 358.50692887759453 231.13246144731602 358.5113998609406 231.13150696040248 416.00252233790275 Oyster-Closed 0
235.64412099999026 416.00000000001654 235.6455660132524 379.94703955343954 306.5154549802428 379.949320718273 306.51490497919804 416.00139372346456 Oyster-Closed 0
416.0006226853984 416 348.36739600001965 415.99999999999994 348.3687196828869 374.582206 415.9999969748569 374.582206 Oyster-Closed 0
32.56510507115672 53.15211509708083 59.634734018596646 24.278601085413435 93.76207807080573 56.273727331978286 66.6925197514829 85.1471742588698 Oyster-Closed 0
91.84922561590065 86.06067239782222 65.7601862988231 62.97363438150948 100.50295560168888 23.713587068790392 126.59191259926229 46.800561915604206 Oyster-Closed 0
132.19509012870185 79.46039080497499 128.985955373435 34.250734413762125 184.9492961707292 30.27827095004824 188.15854407452935 75.48780370987777 Oyster-SemiOpen 0
54.67441527598203 75.22143829629617 31.467771140298282 100.43388175824293 0 61.18956662232051 12.037807544093084 35.97721301682078 Oyster-Closed 0
