191.753834965024 42.94121268388584 194.21578504047648 62.33529460724131 133.4389364331255 70.05034363524905 130.9770519072954 50.6563207602621 Oyster-SemiOpen 0
292.3608577857776 51.26755931606226 296.4575378213558 94.41708201435377 249.84172099853095 98.8426732093735 245.7451846193435 55.69328413145885 Oyster-Closed 0
95.95493728774454 50.163495092356406 110.36425950595003 90.31682610973415 60.61296391708311 108.17007943298773 46.203818492656865 68.01689973785753 Oyster-Closed 0
14.335127788650425 39.3145703097787 58.69773722924219 42.65568413753909 53.04160857669194 117.75592194896657 8.67900099999315 114.41482499999834 Oyster-Closed 0
131.84166677245958 104.72733750568021 126.11914627712395 72.1379354195567 183.29613913979847 62.0980378537936 189.01876790248207 94.68729937086697 Oyster-Closed 0
260.24722188839587 115.52842136447337 217.61407567500646 136.89034906384546 181.81308830542912 65.44113627970924 224.4457770278459 44.0793470484356 Oyster-Closed 0
414.3896631872085 96.74424650867184 424.7474279673661 110.87416423954112 401.771784254448 127.71575750547147 391.4140631654627 113.58587932604739 Oyster-SemiOpen 0
103.21426636965043 158.93125099189467 75.49541825050255 138.56284193062447 118.65727628009336 79.82680092285493 146.37582838469825 100.19505155557637 Oyster-Closed 0
158.9598309808498 151.84947847345592 122.57041125013347 142.84792351735058 135.05292179865864 92.3889408067869 171.44194784941283 101.39044427420728 Oyster-Closed 0
56.60472117084646 103.46820455859779 66.2313303298688 138.19717465424867 13.886838338683447 152.70598024002035 4.260479968539585 117.97722696962715 Oyster-Closed 0
91.48135899999761 207.89218399998003 75.8002915485813 162.5707969085985 154.54134171432088 135.32770766792535 170.22269507129386 180.64855312652026 Oyster-Closed 0
82.50971642497461 222.1880561647036 36.05808642832926 216.10280230861187 45.43468486501661 144.53540675020471 91.88521387855872 150.62058620900638 Oyster-Open 0
211.35359564770988 215.3740140421107 179.4107917108995 229.60992581682459 156.78737201691547 178.85002826507784 188.7296522760371 164.61425010650927 Oyster-Closed 0
98.73927825559804 244.19934828999345 95.5530298775011 189.87137438389482 170.9833396822978 185.4477607786847 174.17031639950073 239.77494590221772 Oyster-SemiOpen 0
414.8996487698605 223.26077707419284 418.671068562242 245.97712315609948 389.00787767545626 250.90119559432478 385.2366177925687 228.18499079354015 Oyster-Closed 0
260.4983326389738 206.1153612964327 316.9675160268416 192.9217605156745 333.72666136307816 264.645347709227 277.25754760410564 277.83874652142913 Oyster-Closed 0
271.97510699603663 207.30623310794925 307.19887740505874 227.44895735620906 277.6537313556619 279.1093622589814 242.43014543775644 258.96689321292547 Oyster-Closed 0
326.743889732541 243.72345140778256 354.99182698876393 212.2336637973035 400.40309601929766 252.9658153214348 372.15559697324716 284.45518255475076 Oyster-Closed 0
22.62438513961024 224.60837187351396 91.25928166073209 213.10178844680718 102.37660476640303 279.4079750638957 33.741750971850706 290.91438508505206 Oyster-Closed 0
140.6518089639976 306.5420406343724 87.34645092772189 278.75669953390906 126.83455246197627 203.0107003333554 180.13827221232714 230.79552796671328 Oyster-Closed 0
272.9553332343785 270.10181001445613 234.00533192751027 333.66481723928865 148.40083984727244 281.21380033505244 187.35072801185015 217.65232002574578 Oyster-Closed 0
2.716829834753298 233.48361063455135 26.01343263178569 233.21256782260602 26.919842406674434 311.1106403911875 3.623239692642528 311.38167816645506 Oyster-Closed 0
307.211922651677 275.2149986808078 319.51629793824395 250.19730169101481 378.2432341241438 279.0769699987476 365.9393321732714 304.0942619709635 Oyster-SemiOpen 0
340.78273417945456 297.1638777103939 326.3004463116631 318.657684161692 275.9555873738318 284.7405576005399 290.43779580136106 263.2470900699623 Oyster-Closed 0
279.23596979044305 269.3762276812213 326.3144219172609 315.97228472215426 290.2831561848834 352.369747476085 243.20536250693112 305.7743486979334 Oyster-SemiOpen 0
128.2126831360947 317.9004553639972 154.93630800003302 279.20837699998333 208.88030383883233 316.45987639596086 182.15746964816935 355.15124854133296 Oyster-Closed 0
58.46821268163694 357.62006333153477 33.96823575106828 299.90124799499074 116.77596337286377 264.7575203055824 141.27640229147073 322.47491321953754 Oyster-Closed 0
406.0061078972176 349.363597626055 367.3727870095536 346.4544576485855 371.044752740072 297.70783175098524 409.6769990000066 300.6169309999995 Oyster-Closed 0
365.201451412795 315.45663540837313 358.4135105119567 363.0306937763088 311.60725596198245 356.35298527168766 318.39574739776435 308.77958751535317 Oyster-Closed 0
3.627481653365976 311.74491489695356 63.63750769814942 311.0467948846721 64.61541708318691 395.090020754171 4.6053914142466965 395.7881225499793 Oyster-Closed 0
70.82026078651688 398.9839899379411 71.25052541289915 326.01231724223214 167.15831227003582 326.57773078971366 166.73030629053756 399.54711066681114 Oyster-Closed 0
165.80599111562333 402.86026675444253 162.2301863177272 359.0520959335607 240.61308347857994 352.6552959402693 244.1899312374153 396.462318337407 Oyster-Closed 0
286.5349049999859 393.0054949999774 284.23256503867015 364.7872267228915 393.01734867665436 355.9116331078342 395.32061334610626 384.12891472642275 Oyster-Closed 0
65.54030183794384 12.429553941698446 100.54607409382879 0 125.97657313237505 20.728865598635934 90.97081847874142 46.702840014643876 Oyster-Closed 0
115.79906134704288 49.56945061286018 95.8830211820532 24.82129675867046 140.92800882217125 0 160.84403530546479 13.319573190845228 Oyster-Closed 0
161.52604899773723 46.14271948567169 161.789786534242 1.0999169341432402 220.86076261207563 1.4457870738358958 220.59708151505038 46.488531412371096 Oyster-SemiOpen 0
81.84022493323937 36.20201375444257 51.77851135840319 59.02779884180991 19.50177374328632 16.519127372658318 49.5634424510863 0 Oyster-Closed 0
