345.3170278601792 112.47049098424034 313.4385834908717 91.73224874225195 347.5404606233715 39.31226723983365 379.41871668808017 60.05042697541701 Oyster-Closed 0
109.52237408224391 35.227109141230414 123.40478845650068 75.3652592618647 69.14820735623653 94.1304615640861 55.265948454754835 53.99244403008491 Oyster-Closed 0
207.2788554485851 54.88678214030533 216.57227149189566 83.0436834069456 157.16400701050588 102.65146454513722 147.87073268005042 74.49468257450901 Oyster-Closed 0
357.2511227628129 74.3308994346787 415.6029786661784 71.93217854431542 417.92115421293784 128.32379180898178 359.56929894316636 130.72250049674082 Oyster-Closed 0
122.64537699999346 119.02926299998917 98.30255196709186 99.60002157937227 141.1123632278177 45.964547070840176 165.45504758894094 65.39370166396351 Oyster-Closed 0
253.1511524680027 58.30278286140435 290.33127736023744 74.64568369239856 263.7682017476036 135.0757501465044 226.5881250168859 118.73293805021699 Oyster-Closed 0
217.30267016774815 150.1294348724158 177.62483700746816 140.2898392792584 196.34372763680585 64.80978187887418 236.02096902844642 74.64929794468726 Oyster-Closed 0
299.3222478714015 140.83255221049194 295.20707838984526 101.78617390494087 349.70300410416166 96.04286842242212 353.81837133241424 135.08901534681195 Oyster-Closed 0
414.48685505203684 0 414.4868581814153 19.98962203595046 377.3132814542223 19.98961854415215 377.313285000022 0 Oyster-Closed 0
120.54316573426331 153.53933632079867 104.92284442960954 122.66850968533154 163.52735329828283 93.0159457558993 179.14771503774682 123.88656035002613 Oyster-Closed 0
26.02335884284912 148.03610498760878 22.1696639814254 92.32723970417246 79.78087143194716 88.34206473977837 83.63487543617885 144.05058510171423 Oyster-Closed 0
416.00015855528545 184.228219 394.5616319612782 184.228219 394.5618144697946 128.04170999999997 416 128.04170999999997 Oyster-Closed 0
247.23013736228313 119.2350311719851 263.750861064349 142.5767706725394 234.76257424755386 163.0931411050118 218.24196479047896 139.75150424000364 Oyster-Closed 0
390.3103484511339 133.1958358879714 397.21503501599364 160.85643737284278 331.46056984815004 177.26907109738727 324.55618051909914 149.60872674440523 Oyster-Closed 0
324.96173194150833 140.54916289406933 302.8339424199803 184.2583060741522 263.04914742193796 164.11784600817208 285.1769753354238 120.40896678190447 Oyster-Closed 0
136.55552560803335 114.68885370360562 183.3170515650163 129.13404501972775 163.7616614649014 192.43557340677626 117.00019757705377 177.99051320721847 Oyster-Closed 0
179.45410530492882 185.7347092895659 170.26019353248557 150.47394865278935 225.6878782163003 136.02232649419844 234.8819730367395 171.2827924689801 Oyster-Closed 0
297.9361483444118 19.672346361809147 295.50968054324767 5.7801254666620725 364.51393558729615 0 366.9404076257888 7.619779063620019 Oyster-Closed 0
322.69266818880715 162.2483459186809 335.72619888008194 195.0689927082578 298.00744284290704 210.0464671772185 284.97416930236795 177.22603807403544 Oyster-Closed 0
228.51284608861533 170.2203322003677 249.70655086329862 144.1049453763872 301.31603827850995 185.9860241353418 280.12262848585306 212.1011376515229 Oyster-Closed 0
337.30053936431796 245.3108411505994 303.35074472849374 207.29330992176037 369.4115574566713 148.30520833553803 403.36095249604114 186.32217832888432 Oyster-Closed 0
8.680117702489952 226.1234961159652 9.414723284342472 153.4439967551113 63.50915713505674 153.99082406251563 62.77521259400237 226.6696651805377 Oyster-Closed 0
220.93826595964492 176.46102097109917 275.2433415894229 175.859036031711 275.8792923145702 233.2242100034433 221.57421679281106 233.82618869548674 Oyster-Closed 0
348.16006800804826 238.81017863734084 316.90788811058883 277.6492868534555 263.46254649470575 234.6477646157604 294.71444070789585 195.80920162734765 Oyster-Closed 0
123.73240035645358 279.6948193104193 104.13641738207662 206.79811857669776 200.7438925841525 180.83035356390178 220.3408064291325 253.72558501319773 Oyster-Closed 0
250.67674569897645 260.99915596893464 215.76833094170433 289.7496473542101 187.8895185263791 255.90314855797072 222.7975034665069 227.152939786431 Oyster-Closed 0
230.92632478889936 274.2296702907331 245.75997340525282 233.20056125210715 308.50782153486216 255.88367128522793 293.6749276607079 296.9121392734615 Oyster-Closed 0
410.0488813484262 337.4159418305369 341.5130761415239 334.9403245138013 344.6556965306263 247.9959754273907 413.188423999989 250.47153699999933 Oyster-Closed 0
132.70192731263887 331.18729156661794 145.00463622799725 254.41862219989417 213.78210219412722 265.43916021078536 201.480972881458 342.2064216277733 Oyster-Closed 0
206.16623488071127 363.0803499426482 183.45948437400875 335.47336583872465 254.2422497319494 277.2652099281659 276.9486118409732 304.87149826765676 Oyster-Closed 0
172.6602383267964 0 172.66025040755267 31.49908279321864 116.40630260685793 31.499071496650124 116.40631377304817 0.000004624660638392688 Oyster-Closed 0
352.19895061343414 390.7801067835578 347.37337756142733 327.09074684516384 414.1847529999759 322.02991200000156 419.01155495151033 385.71790188754613 Oyster-Closed 0
96.61574537622437 386.8056821526568 55.6212083893879 372.31757443554136 74.38455979965147 319.2404830327426 115.37779682913242 333.7283394162673 Oyster-SemiOpen 0
256.1210185845521 0.3433251064807002 267.9483290273747 34.770969933956316 219.09063901191985 51.55552157257506 207.26337433542358 17.127914341032806 Oyster-Closed 0
316.28981574915815 50.96733401194916 324.93247772435643 10.40814629734148 397.89475754964224 25.955463116661676 389.2522159075561 66.51454221499306 Oyster-Closed 0
186.2280636337091 9.101440748494767 207.83761097026945 27.78625951378813 175.0091611654134 65.75321884665247 153.39964430176042 47.06843114595061 Oyster-Closed 0
70.97571826368221 0 89.1235509865437 31.844912954515564 38.26590534398201 56.80158165396126 20.118134293556068 19.819425824008942 Oyster-Closed 0
255.45239792105713 19.8591241870632 278.7008549204875 33.060725154478305 249.29528884089814 84.84464670765581 226.04685746724135 71.6430813085215 Oyster-Closed 0
