313.7243140669525 134.7801447505351 279.7411560632063 116.51951124116337 308.93055703951177 62.19922038857791 342.9134295890726 80.45976012440214 Oyster-Closed 0
18.611569805343606 96.8688291102582 68.56964019517545 71.58046961754725 88.40713115212566 110.76957758148903 38.44912566001949 136.05783655180562 Oyster-Closed 0
170.44904975583268 86.38681451246819 181.67995654282277 114.10087048838894 124.40050976934799 137.3121552098392 113.1697998409254 109.59826512201852 Oyster-Closed 0
330.42525218791343 153.38873228112686 320.5388084442202 99.33990960426031 386.15086049816455 87.33864095291783 396.0375997731062 141.38706937384728 Oyster-Closed 0
91.6337489999969 155.74127099999652 65.40812365553575 138.07946239433898 103.27625728563362 81.85160569244954 129.50162875596288 99.51329824957327 Oyster-Closed 0
216.3657371273548 87.19448264409941 255.2968310154829 100.36971337833536 234.40127163436773 162.11176513328834 195.47021720438715 148.93662645917848 Oyster-Closed 0
189.198228028421 180.36874497202336 148.46105522801008 174.1278332302347 160.15211179971448 97.82106997740323 200.88849466978718 104.0619184365568 Oyster-Closed 0
269.48022846376625 166.26939820586404 262.85539936950227 127.46475064973127 317.12165183377147 118.2005793193452 323.746692659628 157.00495151644094 Oyster-Closed 0
374.2232108676362 26.168200492783413 373.23614233805347 40.28416355264323 335.1668494755868 37.622120249007445 336.15393199999744 23.506172999999304 Oyster-Closed 0
92.60668908702792 190.31593838628692 74.68229802210772 160.24498627369994 130.24588636090994 127.12662473136795 148.17027255027278 157.1973131297848 Oyster-Closed 0
0 132.798652 51.874231 132.798652 51.874231 189.930271 0 189.930271 Oyster-Closed 0
401.9635124020788 202.07636327485156 367.16048541088094 202.07636260631233 367.1608054961798 136.50864633146756 401.9631379999846 136.508647 Oyster-Closed 0
216.27239031724093 147.90819838214767 234.7042136211312 170.29958090904762 207.6589018570885 192.5610889080877 189.22720396367004 170.1698236297199 Oyster-Closed 0
360.83499143074005 152.604939527985 369.58421063609785 179.93541042957378 305.424909714744 200.47295325659297 296.6760270039995 173.14276913919917 Oyster-Closed 0
296.0098860926446 164.25441185228473 277.2458216690429 208.89566061559333 235.84607633362975 191.49482602111883 254.6102446126897 146.85389376007214 Oyster-Closed 0
104.93496681992474 151.4774867656452 153.26306361213574 161.75160605152013 139.7453505033409 225.33330891692162 91.41729193495848 215.05930139326344 Oyster-Closed 0
154.19191571197007 218.6628892772602 142.63722523792603 183.8404677029476 196.91965473820892 165.8297589325341 208.47451701578757 200.6518348443952 Oyster-Closed 0
257.43751826557127 45.6339031085598 254.1056885447906 31.864042789264793 322.1167720316407 15.407676369696727 325.44861971524006 29.1775130855048 Oyster-Closed 0
296.07615410367 185.75091184433856 311.4363997767614 217.93824933580018 275.11546597299093 235.26948071189932 259.7555016947699 203.08238254618198 Oyster-Closed 0
202.1842185285459 199.89599813234233 221.06097447429056 172.6162457310778 276.59113347912717 211.03874615328132 257.7147528961068 238.31816393975282 Oyster-Closed 0
317.92556295979375 267.7689145271356 280.63191843925233 231.90303490982885 341.2261530664291 168.9026530504172 378.5191735404587 204.7679519885493 Oyster-Closed 0
0 195.328533 37.940355 195.328533 37.940355 269.006606 0 269.006606 Oyster-Closed 0
195.28094422873983 207.03475584028882 249.35077344229285 201.38175581598495 255.4225213388745 259.45166527285716 201.35270270138062 265.1045973509814 Oyster-Closed 0
328.2538374920696 260.5781548205748 300.4379912870354 301.1263299272294 243.05856198443144 261.7683976488007 270.87425381087814 221.22086087833955 Oyster-Closed 0
107.44799052582312 315.71173380517024 82.9564967038641 243.74803465523848 176.22818218475004 212.00840566464376 200.72049811792022 283.9704654949198 Oyster-Closed 0
401.9631772547218 69.62348999999998 379.45734111552156 69.62349 379.4573786699075 27.10195999999998 401.96313704871864 27.10195999999999 Oyster-Closed 0
200.5209226925581 319.8544593591895 169.70045231967742 287.7648837808016 201.91552082952694 256.8286682482423 232.73566785805087 288.9178856090134 Oyster-Closed 0
213.68303344412197 303.15272647929595 225.58133619126238 261.6035368061469 290.7736416837979 280.26965348195887 278.8761861138264 321.8181171901732 Oyster-Closed 0
396.89068695698734 354.78434774082774 329.4825520997729 356.7828043531041 326.91082134323733 269.9990149300452 394.3157410000131 268.0006059999992 Oyster-Closed 0
120.51892662017781 366.25279910680086 127.76857132601435 289.224564037783 197.59301056158074 295.79508682672474 190.34507108678736 372.8217447475481 Oyster-Closed 0
197.72579782042885 393.4715740450021 172.65160381063833 367.2546806901059 238.03787777047182 304.7322925045718 263.1114417534591 330.9484738668919 Oyster-Closed 0
124.13655314688731 23.59264182906736 135.5810898287309 53.92800212288418 81.76648407419634 74.23030093985278 70.32203590856443 43.89501561414393 Oyster-Closed 0
388.77059653531614 418.50444801954177 341.13435067176397 415.1742067009418 346.45559909876465 339.0956866455308 394.08939199999077 342.4258409999986 Oyster-Closed 0
58.42832479369099 416.00005787233664 58.429111355864734 363.1242014220272 101.46763981784898 363.1249042663606 101.46763310634924 415.9999818249801 Oyster-SemiOpen 0
214.43151532695265 28.854300481114464 228.64145082019604 62.71688308841681 181.47610876649924 82.50890446794712 167.2662711332414 48.646404149430936 Oyster-Closed 0
278.1606693399299 75.46077513445019 284.0851416239566 34.676609657387274 358.959015355711 45.55299240217918 353.0347285545504 86.3369867713653 Oyster-Closed 0
144.964613656226 42.23886952587072 168.3470239691851 59.401233918260395 139.05835826950351 99.30442376817207 115.6759946405582 82.1421122858984 Oyster-Closed 0
0 48.675718 46.955527 48.675718 46.955527 90.962112 0 90.962112 Oyster-Closed 0
215.1495001101939 48.573647285094594 239.77031873107262 59.89920708735292 215.1556221819519 113.40889656547557 190.53483231996142 102.08338376532988 Oyster-Closed 0
