337.2068330392758 119.30058865387012 296.6218370861425 113.32046056164634 304.88740780726584 57.22714687683548 345.4720643492292 63.20725010565344 Oyster-Closed 0
31.37968965398977 100.1578265664868 75.10936816355388 70.43230978477351 101.42366388816663 109.14311556540078 57.694087183641386 138.86850561186913 Oyster-Closed 0
179.42037689448262 81.52655889549672 193.1297858209182 109.56080438514482 141.15377731248736 134.97755939215998 127.44454731930455 106.94346579523646 Oyster-Closed 0
331.5736389210615 89.17452620599863 393.17565658707827 70.8067632990257 409.36670043850245 125.10760966739888 347.76472399232443 143.47527337236426 Oyster-Closed 0
112.4065514251597 154.58116062797785 82.72614075821548 140.07910500086638 111.59905700676973 80.98870605105368 141.27914575639807 95.49067050751196 Oyster-Closed 0
265.27559378873775 135.02731349791097 219.88721204573085 145.91939893846686 207.1292436060612 92.7561194917346 252.51715592158507 81.86409239753402 Oyster-Closed 0
212.7018804182335 173.3192068998019 171.52676648647684 173.7703773329491 170.68969676428605 97.34131567597593 211.86403382269782 96.8901495987129 Oyster-Closed 0
286.81487470450156 157.46731247178283 277.9411301228138 118.179877758115 332.58262151844974 105.83851033125643 341.45654568410464 145.1256818485741 Oyster-Closed 0
371.1987697454497 15.125171095650064 370.7320895891062 26.57852026760203 333.10301756334593 25.045265086991613 333.5697049999908 13.591923999994329 Oyster-Closed 0
118.72860004843824 189.19618007498912 97.20073691142898 159.28617431309908 146.64138468423698 123.70261612039452 168.16917218836534 153.61237792792372 Oyster-Closed 0
21.044850871414383 194.7317753678034 10.601008234752953 138.69416577681702 67.66739400277584 128.05909649247528 78.1115872038863 184.09623236894421 Oyster-Closed 0
416.00021936129997 187.041297 387.84419112571413 187.041297 387.8444735480407 120.985302 415.9999923318428 120.985302 Oyster-Closed 0
246.5611593384674 145.8088683867771 251.19943449416678 177.31049248643856 220.13397822905972 181.88417498302135 215.49586203390572 150.38269307187406 Oyster-Closed 0
378.546269800343 138.59741992651146 389.38689012173927 166.3202014830816 329.5418632157962 189.72030652209853 318.70154697677935 161.9977827203275 Oyster-Closed 0
273.8352895759017 138.84788386849797 317.2024714710751 153.7803324671259 301.98137458173005 197.98361618118034 258.61424493297454 183.05127140920163 Oyster-Closed 0
170.92753427740172 220.39760419954405 121.34056114403575 217.65114118302463 124.8555957359531 154.20341345446738 174.44152576271517 156.94984737568333 Oyster-Closed 0
183.04856706445207 214.96260343154626 168.7696895940462 179.64759460968008 220.3806111882841 158.78111506922212 234.6596067964747 194.0957913488864 Oyster-Closed 0
257.53949435756294 37.27486392752196 253.29928617307087 23.30731840913234 318.25390320419683 3.588645493127537 322.4941213274651 17.556175176291735 Oyster-Closed 0
286.77833153383835 193.7202403771195 319.4224713500371 174.069732077326 338.77487049607953 206.21658574951292 306.13082740566824 225.8669649350578 Oyster-Closed 0
228.03731279004205 193.09191057080722 243.90853296044952 165.9818973146234 305.5609291345063 202.07315218750833 289.6900994259122 229.18282679110118 Oyster-Closed 0
354.1834679185995 255.51821943791109 310.66894131696245 222.64576088953083 360.09863762453824 157.21978391134923 403.6123351231072 190.09177343595982 Oyster-Closed 0
14.098653591299808 202.63104453948768 65.45380707779987 194.2772512156013 77.30839774150809 267.1472934672406 25.95327698496112 275.50095969261037 Oyster-Closed 0
223.42721927688035 202.34308812751908 274.41859745853435 188.70489609286292 290.76078968420916 249.80119937738996 239.76947760319672 263.4392194128424 Oyster-Closed 0
363.4519048213042 248.40573813231708 340.0692372293961 288.6844391612656 277.70668558317993 252.48493561794086 301.08935389693215 212.20686575063178 Oyster-Closed 0
153.35193053630428 313.64387789074954 123.13996814128768 240.67599023897594 207.3703939786501 205.80494394342807 237.58289260027232 278.77131238540574 Oyster-Closed 0
404.78517123748315 54.280015430108264 382.97503717445943 57.82817350555937 376.190510009852 16.12438722075821 398.0005876892501 12.576233844065854 Oyster-Closed 0
273.65017675413765 281.03571634753536 246.49798526218365 313.0183510312696 210.6445144308418 282.58379874547927 237.79647279556957 250.60153181595916 Oyster-Closed 0
253.62479208508012 295.1905836795623 263.1002123839644 254.23463445607092 332.27471324397266 270.2362669287848 322.80012897427514 311.1914900441674 Oyster-Closed 0
416.0008761270765 341.314818 372.57243606161865 341.314818 372.57356822840666 253.64943700000003 416 253.64943700000003 Oyster-Closed 0
171.2547193814753 363.004240548026 174.88323095841406 286.27044647329365 245.05634618714612 289.5882001732327 241.4294548462458 366.32044234240385 Oyster-Closed 0
255.90753626825244 386.5061889372819 226.48103264451856 362.0296860469545 280.81287041267205 296.72449962342046 310.23846833405696 321.20039218472493 Oyster-Closed 0
124.44331916895317 20.643010236942224 138.4686765983788 51.366853741389775 88.50355413539728 74.17562560339857 74.4782793283448 43.45185221213372 Oyster-Closed 0
416.00027455080635 404.92957300000006 398.5279365945207 404.92957300000006 398.52841817639637 339.260717 416 339.260717 Oyster-Closed 0
114.73380611851462 416.0001194061878 114.73460767133292 361.95873176472037 158.38915686086693 361.95940465072636 158.38916228829476 415.9999900432713 Oyster-SemiOpen 0
214.1001495055898 21.796653637525154 231.4154167080851 56.024362129664 188.38849249772102 77.79082866471867 171.0733075600583 43.56319037408438 Oyster-Closed 0
280.21484416065505 65.53076586732861 284.1576448602864 25.03985890318049 362.0097001958493 32.62063356773811 358.0670497466781 73.11139645957277 Oyster-Closed 0
146.31334591230916 39.502842342895846 172.9904118905797 54.04743428747097 150.58753192498625 95.13749900970187 123.9104953199494 80.59294725227468 Oyster-Closed 0
3.960345535801025 52.26419956139239 52.547463959759625 48.58252535834941 55.75440276278459 90.90424265762921 7.167286046649679 94.58590689843834 Oyster-Closed 0
216.7769601502623 42.57270250869335 243.62431416766776 50.26464887025318 227.86555604476598 105.2672722741774 201.01821329466475 97.57535424115775 Oyster-Closed 0
