36.57703168033913 88.69325201349233 68.96233002016015 81.7816653502874 85.74529389311283 160.4190154917501 53.360014251575194 167.33054144534398 Oyster-Closed 0
287.02557417897697 158.26499068995716 275.4974635009821 98.60270863049814 319.2551731174426 90.14801910943237 330.78350286800924 149.8099970453249 Oyster-Closed 0
238.94090996239174 218.4515507559171 186.85449524224168 220.40712073322618 183.6254551985985 134.38842034318307 235.7104854647696 132.4328763015466 Oyster-Closed 0
284.96268786687506 351.3759225511166 238.86571857228046 366.5593393768386 180.23951725395818 188.59082091328833 226.33258834699518 173.40810973924872 Oyster-Closed 0
43.64309492319808 354.22400804072197 6.943945024315326 328.9423114886926 64.86883851670427 244.87299684408293 101.56662031620363 270.1540385336347 Oyster-SemiOpen 0
47.75089924875647 318.6315460256279 88.34310945231482 295.28318717381615 129.73230850197433 367.2266912995054 89.14052859020012 390.57446778309884 Oyster-Closed 0
418.1385967989372 274.0264022620424 414.67983458423987 374.98201185990746 311.042878199456 371.42908500603716 314.5045048109314 270.47644896047757 Oyster-Open 0
92.26215692455298 362.0051759407538 112.51957271830906 300.1969073985176 195.73850380790827 327.4661066488893 175.48303009013398 389.2727174378874 Oyster-Closed 0
336.5854660605073 408.2745124892781 291.7620132914599 432.8269283266085 249.93456013581454 356.4835174641161 294.755909513864 331.93181269123215 Oyster-Closed 0
242.99456285025371 33.88025695087192 238.12254688870962 87.03152654454544 184.75171841573683 82.13928067001198 189.6238672489999 28.988165851443505 Oyster-Closed 0
