52.446229445995414 50.985755993734756 85.41037679751753 54.71242765973855 76.35787870784043 134.78495308807274 43.39373571642136 131.05830580093243 Oyster-Closed 0
290.95582929420925 94.45675740685158 330.4358930119306 111.38046550716928 306.1316951886656 168.0762204887747 266.6516993399455 151.15263158445154 Oyster-Closed 0
205.50992036323078 212.76426066417548 156.9084631311598 198.73296440857683 181.55446061347538 113.37107546093506 230.1547605623382 127.40219469170057 Oyster-Closed 0
208.8780486235337 348.7662466234002 159.25692738456928 348.6870704380722 159.55100806928021 165.71304340798784 209.1678985860708 165.7922161543327 Oyster-Closed 0
55.50748845002454 245.9234284184347 0.7525153323331324 282.66502902612194 0 252.8097853817029 35.47179769649301 216.06846632201368 Oyster-SemiOpen 0
0 271.467926 42.860457 271.467926 42.860457 346.024657 0 346.024657 Oyster-Closed 0
379.6507392609856 329.4017460620127 287.5853490156369 398.48459202242145 232.74780797977655 325.4150617564637 324.80998521887886 256.3340104212514 Oyster-Open 0
37.212488615634356 281.69941486784546 107.44428919158236 279.4652074149119 109.87280616257704 355.79218045523805 39.64100784835682 358.02633975948646 Oyster-Closed 0
238.59258532910826 399.46850843943776 186.02963421290042 409.45534498577746 172.27567950769662 337.0761585363468 224.83616032634745 327.0895645204147 Oyster-Closed 0
247.40187448421057 81.87398378801714 200.13353157526217 63.02210532323214 221.24799591749616 10.081215536151284 268.51612080067207 28.93304270442519 Oyster-Closed 0
