39.05842850521367 82.86909646124793 71.93448528714725 78.96318503545264 81.36836010307889 158.36639251976194 48.49230899118993 162.27227087625775 Oyster-Closed 0
281.88922701122283 184.2629324476447 278.56034670525696 123.93000461738464 323.5134043791513 121.44989730212083 326.84263087395084 181.78244618365812 Oyster-Closed 0
229.36338053228246 236.67339685584327 176.94940832204884 233.71378393993098 181.7945457152091 147.92762236562467 234.20700622140794 150.8871926661181 Oyster-Closed 0
262.75748849014053 372.7528347896764 215.6933869002787 383.5770464044528 173.6703460727731 200.88115585244392 220.73005471154102 190.05747758846096 Oyster-Closed 0
21.254451104046893 344.29289382877334 0 314.29420463043976 52.783422670079744 239.54829925881177 86.92946954591753 269.5462501395749 Oyster-SemiOpen 0
28.929869995448826 310.32636753186097 70.98993567069556 291.1927843138677 105.91464496547633 367.9512860284359 63.85487607750474 387.0843902163069 Oyster-Closed 0
369.359573777725 422.83738816706045 281.5549207890399 373.24267249124574 332.5753909154628 282.93929793459364 420.3754769585903 332.5323888884845 Oyster-Open 0
68.68956290178176 358.18577470632704 95.74884562670559 300.6191323861821 176.47849750979003 338.5585757859906 149.42107651098559 396.1236289707484 Oyster-Closed 0
251.6936109999806 416.00000000001046 251.69503049373816 356.77383259923363 299.00666890478533 356.7751873259366 299.00620499714205 416.00038722798985 Oyster-Closed 0
251.9399838132631 56.33767521098482 240.38563447689376 107.54440623388506 187.14683418066124 95.53150234185364 198.70131583205512 44.32496636404762 Oyster-Closed 0
