324.70218031594777 38.44949056801919 380.8029107313305 39.72887897677751 377.6567301724717 177.6854937373325 321.55599961449843 176.40612228386715 Oyster-Closed 0
80.97036989280241 43.040012078733554 115.03669634816106 42.434860993201525 116.45661882040804 122.36708913388183 82.39029256231152 122.97223672766029 Oyster-SemiOpen 0
155.40385021073234 157.73756315142114 116.48603972906858 151.8136105876374 136.6947595934107 19.056556688040544 175.6117337527612 24.98044270410425 Oyster-SemiOpen 0
341.7320740000032 126.65516200000074 387.4402039500055 121.13659988356196 395.6996472953324 189.54373836673145 349.99152744793173 195.06224736562507 Oyster-Closed 0
232.23928971637724 174.90106624235324 264.12780639623816 140.13409321423194 325.3679103700706 196.30109305245477 293.4798865617122 231.0675967773896 Oyster-Open 0
51.995482261387224 215.57115954992074 7.231962163630669 213.19438517866 12.256129579363915 118.59145559909999 57.01840314185756 120.96819673935629 Oyster-Closed 0
320.5709209917368 173.04480987061652 355.0978935633684 161.98039723471166 379.88900321816254 239.33699055134318 345.3621065184816 250.4012400848639 Oyster-Closed 0
269.48575170971526 260.64790163270925 219.1866251267893 234.76256644400868 257.507876025069 160.30647855822767 307.8056760880245 186.19139606116724 Oyster-Closed 0
178.83658594112057 244.14273101956903 141.17943011218813 245.7528996375136 137.7722490083288 166.06308118773782 175.42828699999882 164.4529370000004 Oyster-SemiOpen 0
59.684834571864485 168.946038797744 114.95044416533347 173.26445141797882 108.40072175968089 257.07953811743096 53.135121035818884 252.76119293164248 Oyster-Closed 0
0 163.333098 25.043868 163.333098 25.043868 273.815532 0 273.815532 Oyster-SemiOpen 0
286.30546170957314 233.05772042777363 331.5073968301658 250.84111058618 312.5394411966772 299.04795154093165 267.33762082872636 281.2647762982634 Oyster-SemiOpen 0
56.3769091280119 223.44602499765813 93.9135134713797 223.83060148067568 93.11089600470223 302.1612119429295 55.574291751334385 301.77664244135957 Oyster-Closed 0
178.91048578279515 231.35258027414747 241.98624206426757 214.35548690598466 280.432767571594 357.0106328129806 217.35727163639967 374.0070724960696 Oyster-SemiOpen 0
148.56149962235577 365.1751462831652 118.73369085168451 357.4319496099208 152.87383136915741 225.9462448453626 182.6996546618284 233.68917215443776 Oyster-SemiOpen 0
257.3880770000178 369.7300340000126 232.4272132656224 341.2768104557661 307.9144013431978 275.06721266976433 332.8747257363648 303.51965474329273 Oyster-Closed 0
246.23189875014577 400.6418866305006 179.99534263643727 417.6292014172772 135.8195286467453 245.4022529031828 202.0494913452021 228.4158419334227 Oyster-Closed 0
272.0256669507544 0 294.4384057157404 7.564287010206932 265.81618022035764 72.41873617098909 243.40345433553375 62.52735758740589 Oyster-Closed 0
49.84277330804616 31.902488103385306 47.8696508545363 1.1052628979577326 85.45605012829401 0 87.42918656031543 29.49437915897131 Oyster-SemiOpen 0
353.4820452627464 389.624126901557 309.49611763071516 388.67497369489746 311.29788138109507 305.25038319673547 355.28153839984225 306.1995117043971 Oyster-Closed 0
279.0035607287755 99.00312479741496 250.38639958100248 71.25477936826665 304.01213729457595 15.95039135737587 332.6292011542391 43.698643343312355 Oyster-Closed 0
388.19392832720405 22.941766194275544 422.4591551442063 25.607081754912063 413.6235194842011 139.19670055236287 379.3582940706401 136.53140674228928 Oyster-Closed 0
