326.26419654360507 68.63966030777337 382.36067691316566 67.96032980220373 384.0095780163065 204.11649462750674 327.91309821810137 204.79581387851405 Oyster-Closed 0
82.60494152696992 51.726941416876016 116.45275730520734 49.94798479431416 120.71110080783546 130.9695881446962 86.86328625493115 132.74853325040766 Oyster-SemiOpen 0
161.2547958760515 169.39184280499938 121.55800539813208 164.67381437084904 137.08304160978878 34.05580913591631 176.77887566321806 38.77377893797998 Oyster-SemiOpen 0
338.13883159017496 160.11800747031148 378.97083004954766 142.9057279345404 407.28670001172577 210.07473160189684 366.4548206434847 227.28680400076473 Oyster-Closed 0
238.2987404384694 195.19210472618695 269.24019587745715 163.41777201586314 332.66807698722187 225.17892801152718 301.72715282942954 256.9527433353622 Oyster-Open 0
59.578054660149064 219.05259144126927 14.604225665931153 218.2305623900343 16.320874586359423 124.36275875069981 61.29343224472177 125.18477620383116 Oyster-Closed 0
327.48410530379624 203.19290007326703 360.48946675289335 191.78855894422932 387.82504255291497 270.89356345089357 354.8197796463937 282.29770548692113 Oyster-Closed 0
315.3014104204558 266.06451664026247 263.5789996524327 288.64956730614136 230.25245650293073 212.33422966443794 281.9732947617558 189.74957309416737 Oyster-Closed 0
187.27542069938136 257.4959545653775 150.00427102261528 260.3782152544691 144.00764184853324 182.8347664314097 181.27764499999466 179.95255099999886 Oyster-SemiOpen 0
65.57839272265119 175.30313693009063 121.32127574363403 177.7292900527376 117.51829204716705 265.09925616975073 61.775412226077606 262.673143825524 Oyster-Closed 0
7.717168061899429 163.67510740037952 33.36877026721049 166.24962144595335 21.814015283580375 281.3686265940628 0 278.79416959060086 Oyster-SemiOpen 0
294.61797089485117 258.3177340336159 342.01347098618135 275.90729378722426 324.24784940736936 323.77002554268967 276.8524655557849 306.18069532979683 Oyster-SemiOpen 0
64.2795855464974 231.27333271508928 101.73931817656558 230.34960025056665 103.61910917822024 306.5708902770384 66.15937720227157 307.4946060267656 Oyster-Closed 0
188.33457066174014 251.3839017809117 248.92090229960377 233.37531567666832 292.1517930182745 378.79490914341943 231.56579152257837 396.8027342870901 Oyster-SemiOpen 0
161.63672245309863 377.51572054185215 130.76998808652934 370.4219023008358 160.32769519052817 241.8387993665506 191.19231890537776 248.93236704039253 Oyster-SemiOpen 0
270.4553389999928 392.6016670000179 245.0695215844862 361.4623104443057 318.01545615277064 302.00711184101823 343.40080324968585 333.14559973578287 Oyster-Closed 0
257.7769421121229 413.46072129946435 194.0680644433014 431.60845282252325 146.01975381972807 262.9579105555046 209.72229238905857 244.81114346633842 Oyster-Closed 0
271.69593618638464 22.425854288836817 295.27019020148146 32.38709534626479 269.0179523178231 94.51525162715951 245.44371758579655 84.55404376138922 Oyster-Closed 0
52.27056519085818 39.35393475614595 47.50715984558701 8.092651406450415 84.33957216455019 2.480351458545911 89.10299444731208 33.74161442939904 Oyster-SemiOpen 0
367.23420827196605 415.7886074882449 323.2600376419614 416.37478656841193 322.18634684376593 335.75712069755866 366.1581412108935 335.1709575966767 Oyster-Closed 0
282.6449229328864 123.47466239639299 253.01181326302685 93.22588242606538 304.7337993532201 42.557343778496715 334.3667740718083 72.8059776503698 Oyster-Closed 0
384.541604 59.84658700000001 416 59.84658700000001 416 172.288741 384.541604 172.288741 Oyster-Closed 0
