316.522150860892 48.48292605671665 372.55633326677344 46.17662636423968 378.1943303230619 183.15561287371432 322.1601511522131 185.46187990142215 Oyster-Closed 0
73.16279667210256 54.1757717328464 107.02127924045635 51.40855496145662 113.5881914916099 131.75750530787857 79.72971164084811 134.52470394429082 Oyster-SemiOpen 0
154.9765740027724 166.31768908258712 115.4941050525922 162.8383241989486 127.14974035134583 30.583226293190073 166.6312696699497 34.062548485534805 Oyster-SemiOpen 0
339.14650299998175 135.53870600000357 384.0265813600454 127.24558685563376 396.8019071714116 196.37918028394895 351.9218528054407 204.67221377978876 Oyster-Closed 0
232.57171984768138 184.25734567782487 262.48432436719304 149.52234839652783 327.4977253108118 205.50649375971537 297.58566653335583 240.24098192895892 Oyster-Open 0
55.163934910484386 225.45927952804146 10.287990076234564 225.94748712108785 9.262097207596526 131.57339908173847 54.13671293774678 131.08519871167172 Oyster-Closed 0
321.30123860798994 182.9462881119476 354.5243980110645 170.15461094766275 384.1703330433629 247.14689536820254 350.9472821876152 259.9383727222688 Oyster-Closed 0
312.22668960621013 249.86182439728913 260.2054687054988 274.98180691431827 224.40345265139695 200.84455642616527 276.4232448478979 175.7249819205533 Oyster-Closed 0
183.68081152820378 252.79272515981802 146.3659789665835 256.77530820472924 137.98913304560483 178.29046558705068 175.3028259999992 174.30794500000107 Oyster-SemiOpen 0
59.86968191569758 179.93775640607714 115.44292433775627 180.7239845469859 114.22911063391803 266.51362688684463 58.655868652400386 265.7274118795038 Oyster-Closed 0
1.8595488013452268 174.19768242556538 27.386420116818044 175.98620676807784 18.97161771951869 296.0768718782945 0 294.28839164396214 Oyster-SemiOpen 0
290.5404432082869 242.2729812824556 337.5504619634048 257.71936520818616 321.46389595984874 306.6712655231366 274.453964330507 291.22507337379614 Oyster-SemiOpen 0
60.12353273362169 235.26681747915026 97.55829993920997 233.2561927644842 101.71258580273206 310.59320152430587 64.27782168632257 312.60378874641435 Oyster-Closed 0
183.70203449811015 243.10456853950708 244.67602435214576 222.74815855609538 292.1243738311641 364.8511273487176 231.15077759750056 385.2067171623992 Oyster-SemiOpen 0
161.3794721601298 374.70909986458526 130.7533191937 368.72905592991907 156.46894886430528 237.05906939270932 187.09297381119904 243.03890094103585 Oyster-SemiOpen 0
270.3731899999875 379.12521800000553 243.74706114445507 350.67609410357886 314.9096551529037 284.08675119574366 341.535131810997 312.5350937363187 Oyster-Closed 0
260.76114281657647 408.7430761667938 196.6520082515599 429.30972731485383 141.68531827097468 257.99781013104626 205.78784660257952 237.4323314096637 Oyster-Closed 0
261.02093949778646 7.44567017162105 284.42098838652964 16.249922909995167 260.00984696877276 81.12995009189112 236.6098099095143 72.32571985734515 Oyster-Closed 0
71.38609931135215 4.989415875179466 81.22960817686544 35.23792430281774 45.64696995297709 46.81722796471029 35.803490289683396 16.56874361987006 Oyster-SemiOpen 0
367.6332364589907 396.5225741455136 323.706006795499 398.3838805236651 320.20475696504946 315.7452707055142 364.129683734689 313.8840135789726 Oyster-Closed 0
274.7201417801007 108.18836571903265 244.2210211745769 80.7310898781095 294.2748744576711 25.13259536717698 324.7738618050389 52.589764704536265 Oyster-Closed 0
378.9478555537171 32.584409636597336 417.3927464970875 33.11455404236789 415.8278965020545 146.59269134056794 377.38300569697094 146.0625516905435 Oyster-Closed 0
