229.03236716550964 41.92481245250575 323.3224500573997 47.10466423856742 315.9504667705587 181.29639151937116 221.66038317101265 176.11660759071282 Oyster-Closed 0
71.10319343771698 174.26101635951213 100.32653445825781 127.55327100255903 209.90472198991847 196.10878608031243 180.68252358424797 242.81553843101503 Oyster-Open 0
46.526021202524134 223.10687819355906 97.07293794984798 150.82801329904677 185.79522880480363 212.87016265055718 135.25000983522114 285.1475089531747 Oyster-Closed 0
252.1351319443893 263.2912654655402 236.1104486929471 313.62003044983584 142.55666047128034 283.8348186255155 158.58199256490843 233.50721798370216 Oyster-SemiOpen 0
77.55189163912291 53.883784872132395 67.67450425444258 26.58112504507206 131.43202314258815 3.5153048115233205 141.30943629317335 30.81792852855546 Oyster-Closed 0
0 251.6732338369617 66.93720562352974 194.11568944996986 159.30106331946808 345.2209610814847 65.12879510721905 402.77581683872904 Oyster-SemiOpen 0
135.42032000001564 360.6387899999807 122.05586676020175 310.55083747261904 233.88999661314665 280.71550929043144 247.2554961114547 330.80185089649444 Oyster-Closed 0
124.32607170574556 380.2983638877049 82.85488593305126 436.08742418795765 0 343.68873726542176 0 287.90262600001876 Oyster-Closed 0
227.44816339682802 326.9968484806084 309.13970069540665 324.84938520216184 311.14718047727 401.1990192886018 229.45564546619426 403.3464300159811 Oyster-Closed 0
128.77062800002022 82.40332300000621 119.70791677870511 40.469599109790806 212.6970229768849 20.3727860031602 221.7598632482077 62.306320103232075 Oyster-Closed 0
407.4986431522957 159.32872063788707 330.1520264294195 154.37221513578365 337.29011955574606 42.997046759113694 414.6351764112733 47.95350152617222 Oyster-Closed 0
