232.46008738672754 44.245578253220785 326.754511976651 49.9769067759525 318.6146168374653 183.89579155932057 224.32019226887132 178.16453971977683 Oyster-Closed 0
73.69619900158068 172.46751700204 103.54391531861984 126.67764862730891 212.8423129658695 197.9191327736163 182.9957200724748 243.70801938745 Oyster-Open 0
48.973926602448046 220.82104756370492 100.36766846055252 150.0454659360569 188.5129916305741 214.04797104497186 137.12090474399884 284.82206056635255 Oyster-Closed 0
254.48840548387307 265.9209144897425 237.4570549260934 315.6342254557585 144.33001666981727 283.7323675461842 161.3619598120058 234.02021487123739 Oyster-SemiOpen 0
80.90899525945133 52.395733672516215 71.55883084054221 24.73764184970632 135.30457700130864 3.1875729837735123 144.65476804142963 30.845628805390632 Oyster-Closed 0
0 247.9892500407169 69.34983500352973 191.91425265339277 160.8662579202246 345.3469550547836 66.84393357022782 401.41932807290397 Oyster-SemiOpen 0
137.07997299998533 360.4916699999988 124.76879080450453 309.9034847016723 236.3314153407955 282.7572781714974 248.6437133931613 333.34384276030187 Oyster-Closed 0
126.0336059821384 380.13249004027494 82.28591210106606 435.43682123657527 0 335.76125668566107 0 280.4599459999825 Oyster-Closed 0
229.2551578200364 329.75381475427173 310.87337024065346 328.0853942152649 312.43679577897274 404.55018210620335 230.8185847900786 406.2185614224827 Oyster-Closed 0
132.0525019999768 82.06829199998505 123.90312638248724 39.79076401959076 216.6298774499919 21.91681907241156 224.77939063934537 64.19415458221151 Oyster-Closed 0
408.9356378448756 163.89827390404702 333.3865899869779 159.93899350384646 339.1967442108871 49.09030220602934 414.74414888502724 53.04953818253897 Oyster-Closed 0
