212.51241819764618 36.86461164377743 305.0275258024012 24.201960251086074 323.3014202268823 157.71218630646618 230.7863575758529 170.3746898681463 Oyster-Closed 0
81.54313199056924 185.49233736882152 103.6779709697148 136.70622233749603 225.36022601055447 191.9116684436731 203.22668149531455 240.69668150341727 Oyster-Open 0
67.48824039252577 237.21664909822817 106.58214421029697 161.10203721016228 204.22057552369733 211.24725233637872 165.12861675895329 287.3601951710342 Oyster-Closed 0
278.12941565860456 252.48447766930434 268.5825876604322 303.70153956858115 172.1298609670739 285.7233853484823 181.67760054138125 234.50749105698787 Oyster-SemiOpen 0
65.8483809878635 66.08785121486414 51.93477374680879 39.70824408605425 109.74510641793313 9.216924398663172 123.65872312312422 35.59647835555399 Oyster-Closed 0
1.4433114447929256 275.103027624816 82.04854520964727 205.73522609853626 201.49510873280815 344.5130072181213 120.89316027485984 413.87733222543693 Oyster-SemiOpen 0
181.3170399999799 363.03929499998793 160.94778858429345 314.05764594228793 263.74350256517937 271.31638442448536 284.11330261725016 320.2965363619273 Oyster-Closed 0
175.97411466300764 389.0712814623764 90.47545444131538 469.2941803141814 0 307.78013021901626 24.394365711908904 227.56303671164332 Oyster-Closed 0
265.6866103589309 321.22174583695977 344.2102298243408 304.04653225969867 360.76586166202105 379.7224856342327 282.2423750240632 396.89728876924056 Oyster-Closed 0
121.02629677123696 88.23289701612045 106.26558479814048 47.00111000574304 193.3361217829879 15.830489323673163 208.09691293429205 57.06209229002628 Oyster-Closed 0
309.80325349211853 36.8596986395698 393.4274410806029 12.669246369424124 423.406197922508 116.30243387209364 339.78207167828805 140.49270693891395 Oyster-Closed 0
