26.61990676133064 81.55691717274189 69.38885117364043 54.10415484596954 112.77683143395916 121.69786163928526 70.00805306111943 149.15042234207473 Oyster-SemiOpen 0
109.41796670850454 38.24806889462626 170.96452317775038 29.792150125473334 189.85450036391921 167.28130905819805 128.30797064244325 175.73712058384166 Oyster-SemiOpen 0
197.30161221305025 53.73671755710623 262.0918024764069 60.61781102654042 250.7684336111888 167.2331132971459 185.97825140805435 160.352091607837 Oyster-Closed 0
326.748368999979 181.90766399999544 312.853510447203 126.19967939845297 406.107595867652 102.94035939102439 420.0029111101976 158.64772535796237 Oyster-Open 0
0.40310795751429396 158.68336331309027 25.36398655566518 155.61568179598495 37.21835102640034 252.06491316709554 12.257482351182261 255.13254038114627 Oyster-Closed 0
38.78103897652181 257.4904071877016 3.5619021115599026 237.60525850937927 46.4640747996782 161.627080319471 81.6823725987233 181.5119379619472 Oyster-Closed 0
354.8350322858896 127.61288293853352 434.2580025575189 162.15412819159036 402.76742354470116 234.55816044669024 323.3447087284221 200.01734935293467 Oyster-Closed 0
209.98092718888074 172.81083916824937 248.51407366897183 177.45152502052298 239.89967379357768 248.97450307321634 201.3665376055942 244.3338790707436 Oyster-SemiOpen 0
59.119386511443736 287.04010739163135 40.699061469349544 199.50215890901526 126.51904085505521 181.44494440134895 144.9405154260312 268.9813338945595 Oyster-Closed 0
101.94234720884924 239.06065256009234 135.18461330201535 296.61311314517445 72.0250840170811 333.0875590640828 38.78403897206954 275.53615580084085 Oyster-Closed 0
447.9805410376903 283.50817682944233 391.6903943294128 364.1953737359003 253.4615983182448 267.77167236401635 309.7508690508803 187.08771935255993 Oyster-SemiOpen 0
140.63528599080018 253.60555718726135 193.75085978943025 225.87721335660007 246.51513719561626 326.9379210516194 193.40013709899722 354.66545375377814 Oyster-Closed 0
252.42114978562677 365.233973517804 203.17496759344067 365.5154401222962 202.35786406245097 222.2161204969249 251.60046602240982 221.93466399363808 Oyster-SemiOpen 0
428.0360738561794 351.3944607117977 353.96901230383446 425.51662649898844 204.52017093354152 276.2004066613372 278.5828137667122 202.082637604566 Oyster-Closed 0
331.2509492481913 50.5942649540672 295.81106048095535 30.05688150633181 323.2470073224249 0 358.6868463346291 3.2501000316457613 Oyster-Closed 0
28.758183073066903 37.16131676575626 33.01700960258313 68.83083317781755 2.546712999988813 72.9283180000003 0 41.258848076935486 Oyster-SemiOpen 0
404.79652853749576 0 404.79657003452303 58.488604940202464 341.935429254514 58.48855508140657 341.9354785161304 0.000014388034452970179 Oyster-Closed 0
