45.844883920617576 61.615226851523765 90.4062742060305 41.76097021875815 124.67210826390874 118.66729681905596 80.11080605303141 138.52141869341602 Oyster-SemiOpen 0
133.08233015687074 43.68215407783089 195.10777512533605 43.52226204620482 195.45954494697435 179.9787356127093 133.43410008454157 180.13862549853786 Oyster-SemiOpen 0
217.79916744325965 74.46121458478459 282.4597704873522 90.70083209153023 256.68362033705125 193.32963694241312 192.02308285402614 177.0902216869703 Oyster-Closed 0
329.0029740000209 229.27371199999692 327.28387535806905 172.45538035229188 415.22186426672124 169.79450989728792 416.9418074512032 226.61199676690046 Oyster-Open 0
33.51773400665479 226.83620019708817 8.550010285125609 227.13749620177236 7.358894059660088 128.40683031370943 32.325811445887666 128.1055393182147 Oyster-Closed 0
34.0348583855739 234.70143383845416 1.2363597602379741 207.71235145038315 53.89886559959632 143.71873366707456 86.69684981648243 170.7074764123025 Oyster-Closed 0
362.8470967953799 184.842527696802 438.9437698932452 234.04985840431036 397.6226277593669 297.94377827626744 321.5265970265282 248.73724808040018 Oyster-Closed 0
244.70454484712536 262.4429666914999 203.33104274031575 265.99535991866463 197.70279567796388 200.44485888097233 239.07519453710484 196.89251327988907 Oyster-SemiOpen 0
48.019160840045515 177.249129026394 145.70537168281226 190.17164237695326 134.65903012757553 273.6681561016376 36.97286303126748 260.74585815519424 Oyster-Closed 0
54.17282713120221 315.8439277532107 35.98224064403257 249.1855617788324 101.42235564547082 231.32976216863133 119.61361778464561 297.98703845553894 Oyster-Closed 0
246.02449317423816 292.7076381998466 313.8164930969215 229.09969935687275 437.2270724373484 360.6070951626646 369.4382797432263 424.21174189647223 Oyster-SemiOpen 0
135.85022081502393 256.90118872032167 190.50887675770718 237.82316564031382 229.05612108684363 348.2457193509476 174.39777257720561 367.32314808335803 Oyster-Closed 0
231.25300528529624 388.34757455416155 181.83339480505674 381.88165621995665 199.92197152350855 243.67250004126578 249.3378728399366 250.13817557633365 Oyster-SemiOpen 0
403.37995019585287 413.5524362378604 322.1131543329939 471.1395173540257 196.95705199716758 294.55355613116325 278.21631802434786 236.97025809387412 Oyster-Closed 0
351.2789988289551 101.9842865175795 318.39561569595026 74.23379403826054 363.7035176131649 20.545985123255385 396.5867490944438 48.29637400393708 Oyster-Closed 0
11.887007421675662 14.174356028969457 53.64259368817511 14.662602856796324 53.26118545569261 47.28116252815439 11.505599122509011 46.792916125555315 Oyster-SemiOpen 0
388.51585272570446 40.40358997427256 434.9762913481791 59.006466115539645 407.410829327564 127.85002102107376 360.95044400000916 109.24724399999903 Oyster-Closed 0
