53.64853159973063 50.83836759608931 99.73965743169538 32.39603677913515 130.42761811779928 109.0908988805564 84.33655905908745 127.53312069088668 Oyster-SemiOpen 0
142.28806719179192 31.548270377774315 204.42652310416815 34.295443810533506 198.36990092524502 171.28851939853894 136.23144554525425 168.5413795891364 Oyster-SemiOpen 0
225.85481873770186 64.75014060352314 289.2586932938393 83.75617019527655 258.90979161162613 184.9970932417301 195.5060021582285 165.99128366962222 Oyster-Closed 0
330.1263880000115 220.220128999996 327.0080562653129 164.64954058310732 414.662432721776 159.73071798049145 417.7815269066996 215.30052905977382 Oyster-Open 0
8.51239324281778 215.3724910828078 12.084854189473845 117.5935460755426 37.24839151080232 118.51306283655137 33.676311998675374 216.2916262177434 Oyster-Closed 0
33.7988676566456 223.9938376263982 2.4803808116630535 196.4840886355261 58.27967427278054 132.9632982006749 89.59772363009688 160.4727158715837 Oyster-Closed 0
366.7704598976816 175.2061797827851 439.77465637151545 226.28059842094711 395.57466537182336 289.45205002134446 322.5711507226297 238.37844161952427 Oyster-Closed 0
244.0103490934307 253.54849213928577 202.2601215172981 255.1980281046301 199.6628031712571 189.45080318493206 241.41195944213905 187.8012884249782 Oyster-SemiOpen 0
146.18633796196445 181.23020110630668 133.2946896089161 263.89005091386383 37.22168673001943 248.9061607121871 50.11456017261298 166.2478224633806 Oyster-Closed 0
50.91773098546764 304.85454779470996 33.591559286745905 238.7906194789441 100.91197015417856 221.1370272996016 118.23882206217604 287.19989057305577 Oyster-Closed 0
243.96366766116262 283.1277884399112 314.8547316877193 219.91366010909059 432.5379961012695 351.8691061836414 361.64989757246803 415.080117296254 Oyster-SemiOpen 0
134.81355704452653 246.0395911809926 191.0567222515965 228.96837182788664 224.64220965014465 339.6052081031958 168.39927917284876 356.6759191575953 Oyster-Closed 0
224.45359122356967 379.2479766407945 175.51808198249637 370.5138111895348 200.24704199278494 232.00022794353055 249.17900292314516 240.73407273704206 Oyster-SemiOpen 0
400.9661010903619 411.83565647712504 316.19129849467936 468.03522388997624 194.14592460603671 283.9684144959913 278.9125331034047 227.77252676927236 Oyster-Closed 0
358.25120332444203 93.49953545089899 326.8642273747537 65.25933314274843 374.8726394431869 11.901771177992511 406.25949631063486 40.141881032033425 Oyster-Closed 0
21.96437793507357 3.330210647924019 63.743463041933865 5.776972144184363 61.868942634118866 37.784883610167014 20.08985728747939 35.3381234918297 Oyster-SemiOpen 0
398.8112518010639 31.748218443439853 439.08087193853135 49.887228596766626 408.062668946317 118.74869130010968 367.7930979999983 100.60977000000636 Oyster-Closed 0
