334.0935065502599 108.0256624978787 251.4083964916499 134.71564725550132 217.39933186207418 29.35526845988439 300.0833044511819 2.66548979066721 Oyster-Closed 0
145.335606765384 23.119730149173375 227.96082570274666 18.50616076405126 235.8081467033553 159.04380732685746 153.1829389230079 163.65732438072385 Oyster-Closed 0
262.83869016823155 128.74591503906595 247.16471586683474 189.51055630806482 160.66387235065486 167.19822692617046 176.33828999997786 106.43433200002036 Oyster-Closed 0
72.76737200000571 131.8395329999934 110.75820099014163 97.47484394200566 155.41772333257904 146.8454338920976 117.42716147655301 181.20984307227576 Oyster-Closed 0
0 162.80490605399396 32.50703560117108 108.56644544529784 135.20879348873495 174.92481412421034 100.16349975833145 229.1622835226841 Oyster-Open 0
161.72716800003036 163.97420399999146 205.1483742567434 145.15531451532328 240.91578863624818 227.67745752521125 197.49475958510084 246.49605494441627 Oyster-Closed 0
385.2200079768372 131.5147599634303 416.0924659094926 131.55300748909173 415.90366229535357 283.94061792808674 385.0312043755148 283.9023714713423 Oyster-Closed 0
99.09480121759043 180.02414075008627 76.90774461839464 247.2838363394238 1.973805913614342 222.5662631115282 24.161347489240143 155.30752748263646 Oyster-Closed 0
318.98245452171614 143.0560428623961 386.4205599606066 136.02810164976802 402.3480151693657 288.85287313725684 334.9099503188954 295.88060772794785 Oyster-Closed 0
236.77851731207193 290.46872772643366 196.46832589740006 207.3391239472586 317.7716105843174 148.52294004424826 358.0823152873345 231.65044436790012 Oyster-Closed 0
111.32443399997283 217.9410400000128 129.6478813227768 188.18612944372725 205.61157059290053 234.96133222247914 187.28872404232607 264.7157169524672 Oyster-Closed 0
159.16111637343784 225.90552462935494 155.2202278572695 273.8414779309352 77.1824300406588 267.4253854082844 81.12405577679601 219.49022184336727 Oyster-SemiOpen 0
185.5305245517011 299.1698894488094 156.33452938944538 302.54437832538747 148.1944740854742 232.1220495419666 177.38948181269734 228.7476194115553 Oyster-Closed 0
168.6358717892399 267.2160746798109 204.98870926850213 232.75322275113717 263.7300162222891 294.7082234837106 227.37789317664283 329.17034786666864 Oyster-Closed 0
0 231.44050600000003 67.19757 231.44050600000003 67.19757 363.635467 0 363.635467 Oyster-Closed 0
247.6818170426959 317.79881339329154 274.8697522273178 242.95967935439364 370.8054226775421 277.8065441740663 343.61985555435604 352.6436658509435 Oyster-Closed 0
69.65387200000987 340.7127630000203 51.126791699804016 294.8423699467871 145.8734248981891 256.57951632599173 164.4009759168075 302.4486986199399 Oyster-Closed 0
237.5691274608762 280.4042059104356 276.058310299235 280.76558785560496 275.3677681165718 354.29969357910693 236.8785853550653 353.93831911029696 Oyster-Closed 0
186.54891687711643 278.9615677082333 238.14718709581211 326.564296022087 190.05488969096405 378.6822829318529 138.45755579342585 331.08053013068235 Oyster-Closed 0
36.754242608822096 67.99796725365006 1.532657064832165 52.58506524404331 30.103896197946597 0 65.32540246289864 2.707148640164656 Oyster-Closed 0
276.45961200002057 411.1743799999905 274.7295814440149 311.8806582641671 349.06330255718785 310.5862289647569 350.7956314174262 409.8775852739574 Oyster-Open 0
56.225920000008045 75.53281599998245 39.67712092180227 34.84405974451728 119.10548917622873 2.539230494869702 135.65433771203607 43.22787259301209 Oyster-Closed 0
