316.23507888727545 91.76525404522488 237.72498566836293 130.27209268872735 189.71853832184934 32.393382653122096 268.2278368683292 0 Oyster-Closed 0
116.89670609192763 36.19736343250981 198.44115634555055 19.960369868528964 225.7750005913149 157.2333422119841 144.23063046059178 173.4701389241492 Oyster-Closed 0
248.01751749674077 122.73239809027143 241.73990230069103 185.08387431603362 153.0238094946253 176.15142799104157 159.30206699998962 113.80071599998352 Oyster-Closed 0
60.00809000002846 154.45698199998913 92.64544207588551 114.60749529826604 143.91748677138094 156.59858967097816 111.28052144293542 196.44771585017318 Oyster-Closed 0
0 197.5284551292253 18.740127462926466 138.45348573165083 127.2858416903182 187.20177627612387 100.75496879674029 246.275523194434 Oyster-Open 0
152.80465799997546 172.72960900000805 193.31733834895567 147.66677473677112 240.30315429033362 223.6122701708293 199.7907812556914 248.67471250266516 Oyster-Closed 0
370.1654133178963 106.9322897153232 403.6784175071625 102.24362679135527 424.6890588809947 252.41350338494067 391.17607820224293 257.1020528943358 Oyster-Closed 0
92.41652884119321 197.91902193468013 80.69030424677112 267.7302177305535 2.9632815356708306 254.67454877892055 14.690375171387132 184.86446905279752 Oyster-Closed 0
306.0021961054663 128.31985478121408 372.11904678045903 111.78285369176045 409.1848583938299 259.968384500165 343.0681838098317 276.50494876341185 Oyster-Closed 0
244.92327303399725 286.12719369688085 193.35236954321954 210.23286232264914 305.58722078512073 133.97451251990617 357.15777697500016 209.86701931987596 Oyster-Closed 0
110.27425199992649 233.5304320000131 123.92684656551864 201.2658037421381 205.85792218832648 235.93091841581384 192.2060223570479 268.1949588968522 Oyster-Closed 0
158.61360554332714 234.190774892926 161.93130676532382 282.00466175067805 83.54261222267087 287.44193716141746 80.22582030751437 239.62888981731726 Oyster-SemiOpen 0
195.27684879329172 302.5055329869755 166.69806326384423 309.9989362040645 148.82048246587146 241.824089434119 177.3983228482066 234.33081883853635 Oyster-Closed 0
174.1970503442899 273.5979145120411 205.17481801069152 233.8948428735894 271.9706177622029 286.0047824275742 240.9937556356963 325.70702461385997 Oyster-Closed 0
0.016440999977930915 262.6282790000014 74.14182505125427 256.1246214746367 85.57548170262453 386.41724021284165 11.450129641627427 392.9206496668116 Oyster-Closed 0
260.0552065708107 311.5246766361769 275.5773198228162 233.43612397124787 375.6309225253899 253.32152261069652 360.11107520274527 331.40808951698347 Oyster-Closed 0
85.99082000003546 360.84769200001864 61.14582894430714 318.45630032073825 149.9145812959432 266.4389204109424 174.7595668985159 308.8291309789437 Oyster-Closed 0
244.31064099998912 276.08341399999995 282.6282716566857 271.0438714099351 292.1555859717155 343.4722259864626 253.8379751543107 348.51166745383205 Oyster-Closed 0
193.52738518370097 282.2454849334125 251.0096504646608 321.938312125654 210.63698167605253 380.3930898038884 153.1553889899842 340.70108481970186 Oyster-Closed 0
16.53160689228025 92.79392352292206 0 84.20896340354723 4.063689733324281 19.686199700930583 34.64484699998866 28.271135000002488 Oyster-Closed 0
288.0906792238238 300.3649205076716 362.1273508041013 290.5971379552213 375.8146109999725 394.3221070000012 301.77801455343797 404.0895750653055 Oyster-Open 0
35.74735800002236 101.43909800000759 13.598518004502694 63.85177215145456 87.9809184778751 20.021184576056314 110.12976156503282 57.608344036307756 Oyster-Closed 0
