338.66214403588674 104.7972020618975 253.84493148453112 127.0142452982392 225.66512558289833 19.431887044971205 310.48133670160314 0 Oyster-Closed 0
154.83440507507476 13.892200074311102 237.49733494650354 14.09486774496248 237.1530017740297 154.53829285508098 154.49007161217014 154.33562728894776 Oyster-Closed 0
265.21930120215256 122.14560045355046 248.05569182668478 183.2814582037884 163.74386042628248 159.6115088046706 180.9078590000172 98.476350999992 Oyster-Closed 0
76.13832899998306 122.10609800000336 116.34589300474545 88.74494352912518 157.95020008174833 138.8861288916101 117.74286371459311 172.2470343840077 Oyster-Closed 0
0 151.88770433799291 36.84452026402505 97.75489506514614 135.28185288455643 165.90923050237896 97.80197042047803 220.0411286062097 Oyster-Open 0
162.99033599999893 155.839798999997 207.9182062327127 139.18145144233398 238.48898444863153 221.6270200053971 193.56124473709133 238.28512425147198 Oyster-Closed 0
387.7949992579888 126.80710570072591 418.7857707575022 128.64474724521165 409.7583264952482 280.87777940227267 378.7675598196947 279.0401882161015 Oyster-Closed 0
98.67240859244339 170.48968995368602 74.61133466892716 238.15682401570035 1.5512754552109982 212.17910986672052 25.612762052795006 144.5128775577387 Oyster-Closed 0
321.019426775827 137.21461035630722 388.8108689988512 134.12020322501184 395.7914819000034 287.0393622560524 328.0000495902641 290.13368057808077 Oyster-Closed 0
230.85551222116555 283.65043550239096 193.04608665355408 200.81642918655842 318.9929789397502 143.33241342197664 356.8030435430046 226.16433021658105 Oyster-Closed 0
109.58523499996227 208.99970600000304 129.1959144592147 179.26482529343664 202.23564653583526 227.4318659483647 182.62552747368682 257.16624994968055 Oyster-Closed 0
155.94178665730215 217.72195886759818 151.10284000255706 265.84368927244424 73.44928095285286 258.0347924533747 78.2889210209978 209.91382352685537 Oyster-SemiOpen 0
178.89143774751574 292.0383171392815 149.50967534135998 293.7112879621513 145.4936501245502 223.17985271129845 174.8744437399946 221.5069101009484 Oyster-Closed 0
163.74460251977507 259.1918538479493 202.26348119410613 225.61534889328283 257.3662209434515 288.82159915993265 218.84798339604458 322.39742540549787 Oyster-Closed 0
0 222.600361 58.645921 222.600361 58.645921 353.436337 0 353.436337 Oyster-Closed 0
240.74827592065412 311.7601244439458 270.1471912722809 236.48625181301804 363.7077070735031 273.02209869147055 334.3110830327387 348.2940313298618 Oyster-Closed 0
60.88810000001831 331.21155400001084 43.56939783619964 285.52616763871265 140.87436869769226 248.64393307716048 158.1935950870029 294.3281297287651 Oyster-Closed 0
231.85831426077493 273.7552224331451 270.11880940230185 276.3346742616657 265.19835886994406 349.30676557387653 226.937868719986 346.72736582087225 Oyster-Closed 0
181.03724158032855 271.4409560332475 229.84150555226006 319.8975085125096 178.79766411759192 371.2972076450047 129.99438296889275 322.8416461263818 Oyster-Closed 0
43.641146073005075 58.13628676447957 9.804027087928262 41.295868880055 38.737984404924646 0 72.57502899999963 5.718836101938995e-12 Oyster-Closed 0
263.2622499999925 402.0761720000195 258.309824709675 307.53547678253835 333.3379744523081 303.6063091112996 338.2924790240868 398.144786876907 Oyster-Open 0
62.91537100001733 65.4329810000071 47.443308271234855 24.90833114148406 128.9913172224551 0 144.4634243396613 34.29834829140581 Oyster-Closed 0
