303.79183428730903 114.47436897432219 302.1154825757221 50.685783661019165 414.97438437091114 47.71967998824888 416.6512326109878 111.50776417538958 Oyster-Open 0
73.50663663118758 199.04219381275456 31.53271359505743 148.15950022925992 77.7540674137781 110.03276606628256 119.72774924297482 160.91503483651746 Oyster-Closed 0
126.15149791905787 162.83240399096223 166.7273205243946 109.9558878231611 230.87631912278084 159.18010583809217 190.30115803023364 212.05602068117565 Oyster-SemiOpen 0
302.0786349999944 151.88628799998784 320.9935378072041 62.19828356225945 426.8552190191185 84.5235242902462 407.94144423430043 174.21058495790166 Oyster-Closed 0
0 181.54756231844996 25.8156135604695 142.83305473167974 104.0779330622754 222.753197171024 64.54167360903739 261.46694757444385 Oyster-Closed 0
15.00102800001332 224.60029199999843 87.088522963164 212.292365068228 99.2759321145204 283.66675810115885 27.18850144042517 295.97448419330044 Oyster-Closed 0
177.32285705418326 175.5632959486998 225.63215828691318 184.83307377947537 203.53226629021083 299.99563521749803 155.22302948586366 290.7260862143748 Oyster-SemiOpen 0
446.4414723428599 254.73258833464186 370.02802272347617 339.9056033621081 225.88033629588972 210.5918246627712 302.29115453514896 125.42226895052197 Oyster-SemiOpen 0
90.50821795989759 220.6598995226513 162.70593971117341 192.5418375672463 209.52716638519996 312.75057817253594 137.32994833881094 340.867782914779 Oyster-Closed 0
415.1276164660376 310.9826417664741 324.962416938517 412.5381684056037 153.3006325458009 260.14462361511914 243.46197834139093 158.594501636192 Oyster-Closed 0
2.073521999973309 32.356865000000234 29.50161693053451 30.599210293157604 34.057750618321734 101.69696857871801 6.6296567822791985 103.45461603926292 Oyster-SemiOpen 0
58.52556151983299 6.998851281565838 134.87154357134568 0 153.49152993848838 128.3007600218531 77.14556819192148 139.06465598762287 Oyster-Closed 0
