309.58865246366986 179.56446232452487 326.1275849614358 121.42140927279347 432.5375020912179 151.68848516433985 415.9996602806168 209.83060534516562 Oyster-Open 0
121.7128933678614 159.8190790480959 70.14918234950528 183.58844212665161 41.28144983854145 120.96607970571569 92.84437200627508 97.19693225650035 Oyster-Closed 0
128.51220720283527 165.121901110797 178.7171264966455 127.74386547598125 229.65475803695517 196.15840658570633 179.45027444514199 233.53594030272086 Oyster-SemiOpen 0
300.6847440000238 214.29898099999593 344.8550747123081 139.28436045248597 440.10547139578557 195.36637086037328 395.9368177199649 270.3795356462069 Oyster-Closed 0
0 132.34670630718654 32.49910205500419 106.4799913476937 92.49015876590056 211.960894537899 47.00772508704176 237.8271416611786 Oyster-Closed 0
5.3799558076534595 184.89674209549543 75.60339986823237 182.85363548801806 77.6606074751362 253.5564216489377 7.437167914460588 255.5995005261801 Oyster-Closed 0
173.55948455155158 196.38566235377314 219.95219662676027 217.97750254177797 173.0760326240088 318.6850060476748 126.68365892319707 297.09371193436544 Oyster-SemiOpen 0
416.20094461822373 359.32298576314946 325.61956242215456 417.59091911918404 214.7994362104182 245.33704571810023 305.3734940368813 187.07227071329095 Oyster-SemiOpen 0
80.80993808363928 208.77627650178644 155.7423933723221 198.1851309773267 174.2878593249552 329.3802272032831 99.35549068967885 339.9710413329067 Oyster-Closed 0
373.3216946159446 401.9039593287691 266.15604446077487 471.5433300405613 134.8427825022227 269.50047922910875 241.99726774739975 199.8659417146332 Oyster-Closed 0
17.40310929676707 1.2169436061801546 59.95409588717666 3.7168515802766917 55.99154711485971 71.1633647150393 13.44056099998852 68.66346199999862 Oyster-SemiOpen 0
96.50816727134224 5.328589019425414 173.74565499999153 12.14948000000053 162.83270581541 135.72325179287327 85.59522751826444 128.90241144230453 Oyster-Closed 0
