298.2903743897514 172.07539180461455 318.81579516462807 110.82559621068839 426.50307140631776 146.91115268368506 405.9787960045287 208.1599764272348 Oyster-Open 0
55.34689504960261 176.32810261251277 32.03093088756941 114.23658122989887 87.657140688254 93.3491695870451 110.97329401194293 155.4402359039786 Oyster-Closed 0
116.14407103817939 159.1602405653624 171.4477908476656 122.89099090817484 216.0140047819732 190.84308780440458 160.71064490199205 227.11188837279133 Oyster-SemiOpen 0
285.05709699997897 207.22051400001067 332.61129845279356 129.10473894775004 424.88646966549277 185.2754277124612 377.3338884809709 263.3897855921796 Oyster-Closed 0
64.982927365043 219.32275247458637 10.518364512216067 229.4824583892956 0 117.77662168651327 44.1435252175761 107.61707274402491 Oyster-Closed 0
0 183.710622 58.272099 183.710622 58.272099 249.119611 0 249.119611 Oyster-Closed 0
160.08371537198036 188.8158633757431 202.85526414338165 212.9593125518155 145.38556442014306 314.75881187194443 102.6144655499229 290.6159908856909 Oyster-SemiOpen 0
387.9729091926383 352.80368095123976 288.6390516038082 407.6739006578891 194.59142269771473 237.43632513122827 293.91725645429324 182.5688619912309 Oyster-SemiOpen 0
64.37420132621992 202.7411272019994 141.14751611819884 199.42785885576023 146.73377449684995 328.8557608085098 69.96047139143411 332.16892949977284 Oyster-Closed 0
340.5321135052727 395.68403068122626 222.96790637708546 461.4112773937378 110.37425060636815 260.04577039553374 227.92652421442472 194.32260273419118 Oyster-Closed 0
21.240403143259755 0 63.063082938515436 4.14459608038889 52.386508168525324 71.63699001378747 10.563831999988906 65.0211139999978 Oyster-SemiOpen 0
101.84093537856825 0 177.24421199997232 7.222147999998752 153.20473712038438 135.19133809244008 77.80149506752423 121.02674802934963 Oyster-Closed 0
