131.44391600000017 164.85147100001797 130.45056118926732 94.13409594106766 209.42854394976166 93.02473208928393 210.42252647969508 163.74145927145548 Oyster-SemiOpen 0
182.44582692253243 72.82667116487957 265.4275776476825 64.57450492811333 278.72315490248366 198.26823317294668 195.74141878887167 206.52026805503095 Oyster-SemiOpen 0
131.90206739812857 200.02852914261106 68.11265861531501 192.44454415931756 84.10327874344148 57.959427130285576 147.89077076958347 65.54329794753669 Oyster-SemiOpen 0
296.8401323104117 164.3776734795727 358.83099361226414 191.93792883620287 318.4045987709251 282.8601963943652 256.4140552491335 255.30048582368153 Oyster-SemiOpen 0
0 190.67908425083658 46.97343080931023 147.65535203837342 109.507635089627 234.1735534064476 49.97967034473186 277.1964184057944 Oyster-Closed 0
94.69800940424466 281.5617110417861 98.77535327376972 208.6658305382515 224.57031760499376 215.70058921966253 220.49508843576768 288.5944598575025 Oyster-Closed 0
0 206.900444 33.521749 206.900444 33.521749 316.219403 0 316.219403 Oyster-SemiOpen 0
113.28485236322012 365.33597675068285 97.53618445835673 285.60518781768155 196.25241418348742 266.1095720538672 212.00274841051578 345.8381216535413 Oyster-Closed 0
384.8879506421472 270.9761120323559 435.7220706240769 319.2544133768937 332.7949174414498 427.60525673868534 281.9629216375761 379.32913476606024 Oyster-SemiOpen 0
138.82559428172317 47.297763441749986 135.70298380318127 78.86953055339602 48.461016839635704 70.24062761068149 51.58375386937405 38.66899896618926 Oyster-SemiOpen 0
