205.19081714691492 73.04780299422852 210.880790373325 143.0757242282983 130.73063985857152 149.5874368761501 125.04126245562293 79.56008675539505 Oyster-SemiOpen 0
192.61404067862895 44.793763213081455 275.8226923218972 46.728228480844805 272.6098740982088 184.92111281643724 189.4012246252023 182.98667462045645 Oyster-SemiOpen 0
125.63436424536121 186.06142327210517 64.86115847076508 171.48966969547192 97.71663211514533 34.46940303808577 158.4882621554898 49.040960912589924 Oyster-SemiOpen 0
296.2546588952864 143.63979028386834 352.27173420299005 175.16377193347915 301.0214678928205 266.22667502303796 245.0048107255352 234.7032929927955 Oyster-SemiOpen 0
0 169.16915388562072 53.57437426231263 133.9603411560682 100.34861874937269 222.0976212377136 34.00102781292662 257.3058233868376 Oyster-Closed 0
85.76543609817236 263.8559719515315 89.94072152403896 190.33226282113634 210.9334235801689 197.2020668225951 206.76004188935622 270.7239670183231 Oyster-Closed 0
0 189.531819 20.681345 189.531819 20.681345 281.509075 0 281.509075 Oyster-SemiOpen 0
179.21622663728704 247.10675867264055 198.64637581699935 322.1096352779277 92.63197469948136 349.56657152456677 73.20434046595983 274.56586589524824 Oyster-Closed 0
369.2111074285094 253.0066532173114 414.27551068411776 300.94116559014344 298.69671292568455 409.57640719992804 253.63454039365752 361.6440728206204 Oyster-SemiOpen 0
150.54744055214906 28.66859359077084 147.31621981203716 60.67265293414189 61.393348816462094 51.9974749789438 64.62465589377462 19.99350914125527 Oyster-SemiOpen 0
