136.4865689999897 157.95041700000465 128.1540418643126 87.94829483979026 207.1264260439275 78.54821151740123 215.4594530793329 148.5497427867185 Oyster-SemiOpen 0
180.0203083696033 58.96531424334906 262.5461709514311 44.31729321330931 285.95861867678104 176.2189816190448 203.43280035681892 190.8668012502137 Oyster-SemiOpen 0
139.55269990518718 194.02494301919845 75.44700738505344 191.28681307363033 81.25972988412468 55.22456995472783 145.36353194909316 57.962659790979274 Oyster-SemiOpen 0
301.7154049173041 139.25313303497364 365.10023581765563 161.64428210783404 331.65752140192853 256.3073451588101 268.2728795084877 233.91659234236465 Oyster-SemiOpen 0
0 201.78461555443175 46.3137708042741 148.50635912273367 120.35444826133971 225.1731582855562 65.18398843242903 278.45032698795023 Oyster-Closed 0
110.11742674464404 277.81694923264814 106.55560418689856 204.98318310272947 231.3326667209476 198.8810173096261 234.8963001966913 271.7128766896228 Oyster-Closed 0
2.541479999978037 213.25193700000065 45.51098903290767 212.00106508321164 48.91603815340204 328.95675110478106 5.946531092289661 330.2075885880929 Oyster-SemiOpen 0
134.0514868280443 359.1143542951405 110.4245728093374 282.0337928288044 208.37264872714513 252.01521370365467 232.00075563201244 329.0936423522228 Oyster-Closed 0
397.30963995722414 236.9238087655019 451.3651251099873 279.9868821258025 356.96963900414266 398.45609414065274 302.91575854707844 355.39481008024546 Oyster-SemiOpen 0
134.56356377910924 40.24757155289065 134.7598638229574 71.97360461523216 47.03207375623606 72.5161384202522 46.83591172403612 40.79023902898048 Oyster-SemiOpen 0
