393.95025506738966 129.17525350561922 344.60891028094557 127.71611050176688 348.4293463186914 0 397.769993000009 2.687568705836672e-13 Oyster-SemiOpen 0
257.76388121038326 152.28587685491192 323.4048959127831 77.2591589285332 408.7482097750035 151.9243152730663 343.108448298226 226.94986651605137 Oyster-Closed 0
415.8363800391453 222.58826473370158 374.6218604000569 223.7893696585379 372.30826042111585 144.38227931998182 413.52169321475594 143.18119052746962 Oyster-Closed 0
181.18417931894874 256.2108684331108 258.3962722227261 133.79658160911285 351.9010662321343 192.77089457430873 274.69209885384043 315.18243845493873 Oyster-SemiOpen 0
414.07431251865637 314.1268326949012 388.6864146071857 313.9791479108519 389.19906741695013 225.96725739358348 414.5858850000004 226.114939 Oyster-Closed 0
414.4046277235975 388.5156313813176 300.7538618249491 410.88170505175924 264.3987652768956 226.14977641701535 378.03818026174486 203.7848564294427 Oyster-Closed 0
93.65242478066648 425.10580752328633 5.217504261956492 412.48818574678506 27.38705312449747 257.1772558533848 115.8133589225472 269.79423390752527 Oyster-Closed 0
146.2687540000261 363.56489399999515 197.50367304962492 345.4606192368608 218.9854840755943 406.2389737282232 167.75075896573617 424.3428517955071 Oyster-Closed 0
232.7592689999874 405.5951889999951 230.7881761063436 379.5398516271393 275.3850900043544 376.16681194402366 277.3565502807105 402.2217495946821 Oyster-SemiOpen 0
359.3043126548364 0 359.304492999996 104.58076300000971 292.9508414743905 104.58061079137946 292.950993754981 0.00003310598393087955 Oyster-Closed 0
