381.0270146445728 150.45442756376428 331.45184643468747 146.7468406536924 341.7743982895736 8.729719680953036 391.348703613774 12.4372765028434 Oyster-SemiOpen 0
243.9669695217235 168.5779662988984 312.6732896123467 95.76391289835357 395.0126288934989 173.45553296937703 326.30763336502787 246.26832133631353 Oyster-Closed 0
399.2441466839664 244.54436728425344 357.9596307061038 244.06225190968698 358.8904236616472 164.4297638353554 400.17372251943016 164.9118719698854 Oyster-Closed 0
163.16944495915595 269.93595009896916 245.1519769244369 149.95725983342527 336.30586519151984 212.23935992847402 254.32656888040947 332.215174472891 Oyster-SemiOpen 0
389.56470654156146 335.953220614123 366.5270024863712 334.0729320297163 373.6836339080328 246.4103630730096 396.72028599997066 248.29060799999877 Oyster-Closed 0
379.6140145014324 229.48382540951837 387.10656955906234 413.9092557492636 270.9859065523269 418.62147034421474 263.49983697540665 234.2025961894292 Oyster-Closed 0
69.8786806620119 428.886740267786 0 414.1731372903521 17.32974141462182 266.5478746188438 97.10720930487878 281.2607652898151 Oyster-Closed 0
123.7613791563781 376.0729045304868 175.84159583600922 359.9953111573889 193.05657131255794 415.7453334250791 140.97649541409555 431.82260044282026 Oyster-Closed 0
210.33193099997516 416.0000000000035 210.332430347029 394.28022294911517 253.02901600160112 394.2810386127474 253.02884756845378 416.0004850109306 Oyster-SemiOpen 0
347.5031587085141 124.38105303123412 281.0674266033493 121.36137926594166 286.2549419769857 7.242572187687017 352.6896910000323 10.262222000000381 Oyster-Closed 0
