394.0890051804563 130.41240161057243 344.80822373577394 127.76144402999604 351.82394682410086 0 401.10401999999885 9.923330606166172e-13 Oyster-SemiOpen 0
257.57030865516936 151.61849927578086 324.9223037453012 77.34807492042084 408.4194101556823 153.0653739425347 341.06863598880227 227.33464968061804 Oyster-Closed 0
413.8180159380245 224.04386286541404 372.62647246168126 224.2837372220265 372.16312506511167 144.60172396799734 413.3535744293731 144.36185285362413 Oyster-Closed 0
178.79943476058543 254.8140242989698 258.39805281045483 132.97433418107403 350.41493751512826 193.08620495604734 270.819388092561 314.9231880584031 Oyster-SemiOpen 0
412.10510952627374 315.39362268036723 385.5154528184794 315.0842612052753 386.5432809201229 226.8077502214538 413.1317990000025 227.11710499999992 Oyster-Closed 0
408.5798871031111 390.18197080781806 294.32855056737753 409.9182545245308 262.3634850342387 224.8736083177607 376.60335154990753 205.13834192043063 Oyster-Closed 0
86.73197900996456 426.3955756516554 0 411.81583461333986 25.198147493283614 253.13594980115914 113.06247888053622 267.7149333524396 Oyster-Closed 0
141.2737743208454 361.62783885622866 193.04003482361804 344.64658058133347 212.95277300427915 405.334418969094 161.18668034376606 422.3153098894534 Oyster-Closed 0
226.71862899998087 404.83569400001664 225.04933556227115 378.7580563297612 269.7740345571401 375.89570634178597 271.4437015925723 401.97294370611246 Oyster-SemiOpen 0
360.1057847269549 105.07756941895367 294.15426214201943 104.83047276198303 294.5482900347779 0 360.49909500001377 9.303122443280788e-14 Oyster-Closed 0
