40.88427984403825 322.2911975095841 0 257.3273867130678 79.11624374497842 196.74505291695544 125.58610701802172 261.7074315641407 Oyster-Closed 0
153.7197109392473 332.45677434259954 94.70586778474535 377.1369860562309 40.8364236211346 305.9969391728723 99.84828884926173 261.317841134371 Oyster-Closed 0
47.98772198227016 357.1019862045635 97.58153676037182 346.11364923256224 112.7669960144558 414.6335342486746 63.173264385059156 425.62161003598993 Oyster-Closed 0
202.287868000014 416.0000000000108 202.2895645504359 381.26945348085513 294.493073086589 381.272901477276 294.4925003693279 416.00233142493687 Oyster-Closed 0
416.00194650839694 403.69405200000006 353.42855781621984 403.69405200000006 353.42983963397273 318.615014 415.9998788473822 318.615014 Oyster-Closed 0
242.09044391248608 367.8303709526389 273.3468769533174 313.4842866665517 384.67339615564197 377.49756917710937 353.4196207499044 431.8413581091922 Oyster-Closed 0
372.93035302953285 313.27419946082404 357.81593527252335 357.13142958974953 239.47618148590482 316.35282778976114 254.59135155908734 272.4970971693563 Oyster-Closed 0
368.7277885377407 315.50619904109345 328.27290491148597 283.10724222609645 386.98577677169305 209.80587142221034 427.4394907938258 242.20409654664425 Oyster-Closed 0
439.76774043070327 178.01769709992305 414.90362775444373 219.03697631244046 349.92595589006305 179.6520086601775 374.790053505636 138.63319925309807 Oyster-Closed 0
312.55781445568937 134.4868329325745 297.12453011764956 66.34359156006161 396.95814365127444 43.733166696221694 412.39180381688857 111.87584648435994 Oyster-Closed 0
307.0398116445285 68.18352655794098 294.23772724966693 18.07890576236719 385.7242564411026 0 398.52641806869724 44.80791547041105 Oyster-Closed 0
254.3679999633896 92.51258493232336 236.82431203571832 32.207458742465704 322.86497096675885 7.176973851028928 340.4087871959673 67.48185116729866 Oyster-Closed 0
357.4948593070294 124.24631417511226 293.9570959141747 159.66278525085883 246.29118748025212 74.15027430190189 309.8280816582446 38.734109331533666 Oyster-Closed 0
278.6617935960312 156.8576649846994 339.95316240529064 119.55945470328265 393.1308886442421 206.94116124928993 331.8399855009593 244.23875340380485 Oyster-Closed 0
194.77213219474288 14.273175814859114 263.08410257309515 30.190806659218115 235.27236064317913 149.54619998112355 166.9604327613597 133.62870883166786 Oyster-SemiOpen 0
129.74698903571698 88.27667464655617 92.56829128922254 75.68764238648531 113.94620258746727 12.553850244797252 151.12469170795885 25.14284319208232 Oyster-SemiOpen 0
137.87881521753297 261.6491415615004 93.09426831908422 208.68020885172206 154.1815318307854 157.0361860338139 198.9655850381314 210.00433632689013 Oyster-Closed 0
247.91822194438282 276.01327428301977 267.88009460727335 347.5929841655359 165.68128291386165 376.08567439322957 145.7219502513908 304.5081384280888 Oyster-Closed 0
173.79068903680673 232.68847716133075 193.41964677555734 291.3788718505919 121.689981382322 315.36435311407786 102.0622936677355 256.67504370468697 Oyster-Closed 0
235.9076119080928 369.9213073406499 205.80232237464224 425.68255002322974 119.65886442217015 379.18341493772056 149.76432678088895 323.4239273878528 Oyster-Closed 0
250.78467424799237 136.58628651139338 242.72161943562605 191.96008107929214 149.50708156017208 178.38660576946717 157.57073265134386 123.01351602748898 Oyster-Closed 0
171.41020776594087 109.94129607260378 120.89846157410284 84.81457157917632 169.37442455736164 0 219.8857202296058 12.49209863810235 Oyster-Closed 0
119.94604783890827 12.529612333058209 125.84379684401574 59.894687528307 40.24544667766531 70.55287782393839 34.347861459569685 23.18794844670856 Oyster-SemiOpen 0
50.756144425722596 21.144818325550823 53.41425383749083 42.49243624919739 24.350868100078515 46.11124475941016 21.692778151569655 24.7636425453741 Oyster-Closed 0
174.62663615736528 103.4509892678996 151.56388612115916 140.90776442678825 66.20240107887003 88.34979311089518 89.26513716669069 50.89332809026268 Oyster-Closed 0
