0.27654673588767764 297.0431477119447 0 225.8893737169464 63.7260940900851 182.64825652616872 95.9041410266691 253.80055922732794 Oyster-Closed 0
108.72136022478662 327.23332747839527 40.55761460696158 360.5562884506492 2.2015539156382147 282.1070972143528 70.36261703728815 248.78491286924012 Oyster-Closed 0
0 388.564579 51.995984 388.564579 51.995984 416 0 416 Oyster-Closed 0
0 331.943059 50.284725 331.943059 50.284725 401.311368 0 401.311368 Oyster-Closed 0
139.49441699999443 415.99999999999716 139.49566870408307 390.2431304023561 228.52278320679397 390.246428333132 228.5223449585501 416.0024858087212 Oyster-Closed 0
301.3192528937361 415.99993831782695 301.3223851198418 353.21577831510217 404.9312227966511 353.22067068880875 404.93028896465694 416.00258709616065 Oyster-Closed 0
205.1029762687067 415.9996117839623 205.10535829754008 351.5898302106012 302.9568513008744 351.59312407472896 302.9565889977712 416.00076198260916 Oyster-Closed 0
329.7154778380973 346.2268683883446 307.1163131584908 387.1462148713835 198.51057163305813 327.17463985930306 221.10983564845083 286.2567759795987 Oyster-Closed 0
325.66092732981633 348.53276075947565 293.8154937346553 308.84514253832555 373.03910452998025 245.28634036062374 404.88395995945393 284.97288260659514 Oyster-Closed 0
412.1521087136316 359.85058602522395 375.2097302379552 359.4207962928751 376.0936834367858 283.51617447671043 413.0344769999647 283.94595499999974 Oyster-Closed 0
442.170871124883 236.22866203238516 410.2750862292887 275.733598582494 337.5685418077046 217.03599014067848 369.4639251535191 177.53180228211698 Oyster-Closed 0
310.25613682170297 162.95742954770733 307.27550366766445 94.27935826803902 412.4290504295386 89.71562675322728 415.4104476982575 158.3928814289536 Oyster-Closed 0
318.79850728576275 97.68257725710349 315.00752205392564 43.494087653383794 411.82240351903965 36.72085494669937 415.6136713107808 90.90906640707793 Oyster-Closed 0
413.7977056072268 28.93546434246501 412.50873299999876 47.36922100001271 355.68956677214373 43.39609985609236 356.9785699999775 24.962373000018438 Oyster-Closed 0
260.5975808589683 112.12715523528198 254.34247393655096 50.762756282050084 345.16044416700606 41.50533789805938 351.415878992706 102.86935392147713 Oyster-Closed 0
356.3078646548347 161.33088503737295 285.28900277653884 183.95625033253248 256.216115675772 92.7003047100271 327.233571024135 70.07518180108386 Oyster-Closed 0
270.7253518417201 178.73636455910525 339.84534178315516 153.62986547287483 373.94509994832697 247.5025676860019 304.82535123931666 272.60859116630013 Oyster-Closed 0
218.1115906129562 25.41375197558237 281.2260953996047 55.73892058816062 228.2544264344251 165.98480443149268 165.14011229436073 135.65994441144508 Oyster-SemiOpen 0
137.05450578152158 86.73764457818969 103.68599890871701 66.53157221843259 138.7127875859769 8.68846617177132 172.08114039498105 28.89447643781247 Oyster-SemiOpen 0
107.94113655799083 256.0034077139457 75.30019688982065 196.52736848091308 147.18068248161217 157.08181514524338 179.82167586362993 216.55696660151438 Oyster-Closed 0
213.38570923253792 289.0906406519253 220.00884087704253 361.7948920035095 113.0114411627219 371.5372702149482 106.39075574828166 298.8352852538879 Oyster-Closed 0
157.40654902382812 294.6234178682075 80.74199990764464 304.22416906264425 73.17419088789393 243.79295584666676 149.836510593228 234.19234770296677 Oyster-Closed 0
181.87161121449753 377.4775391553699 141.88303751744024 427.8380597232268 66.09880366587458 367.674730153975 106.08660461364707 317.31576574522074 Oyster-Closed 0
246.8958587273337 154.11439914852681 229.50081268038775 207.2321493852382 138.79580904935574 177.52850895320324 156.19124718866078 124.41147743082985 Oyster-Closed 0
173.80142260665525 114.9730749452772 130.34269573012716 80.05488886090963 199.54421143708896 0 243.0025926373528 28.8464424084943 Oyster-Closed 0
143.81817076131847 11.14595330059624 141.34952020873607 58.20445174037623 53.05190102908091 53.572265342294656 55.52066380276665 6.513879287164747 Oyster-SemiOpen 0
73.1338303864286 7.437839634010373 72.02116930424381 28.647283230163527 42.21408312211133 27.083572724794006 43.326753043729695 5.874135327446732 Oyster-Closed 0
178.21937945216268 108.42077561150799 148.4005024410253 141.76690669866716 74.63684088905939 75.80650512854466 104.45553779405964 42.46063131455511 Oyster-Closed 0
0 8.747756 4.959634 8.747756 4.959634 36.441453 0 36.441453 Oyster-Closed 0
