18.029502000015782 281.34648199999174 0 208.13990075888003 80.68247589196835 170.36998636706096 110.56573048559221 243.57524760254228 Oyster-Closed 0
124.66746741911629 316.1842462553609 57.71012203684222 348.86588991171607 18.571476483153674 268.6889803933004 85.52623937415046 236.00808246384733 Oyster-Closed 0
21.056445343969244 404.92762731640545 24.003193419721356 373.20543916156373 71.64617770032783 377.6297939563612 68.69999322053263 409.3514615363156 Oyster-Closed 0
20.424068110558437 318.7129980655864 63.164893039655 315.97464186940795 67.73136143776719 387.2343215144443 24.99054205225184 389.9726172721577 Oyster-Closed 0
154.5273554295636 415.9998832946422 154.52894142097284 382.6054983821632 247.7201452387526 382.6090379288773 247.71965196681413 416.0023252574633 Oyster-Closed 0
416.0001733740646 416 318.25607175667756 416 318.25788066592213 351.85259699999995 415.99775344550653 351.85259699999995 Oyster-Closed 0
221.6482396970132 415.99964587519446 221.65073428784308 345.3475676444252 321.5995501520265 345.3507927046917 321.5994079996235 416.00049698872715 Oyster-Closed 0
346.8809586278039 344.9195210170057 323.7479166550802 384.28791217338824 214.4670943109486 320.0844010552563 237.6001189866547 280.7174475935704 Oyster-Closed 0
342.11256613956357 346.9317175830786 310.69485268919016 305.59495298995944 388.2740999798516 246.64093739656667 419.69135949980773 287.97664171540265 Oyster-Closed 0
416.0004623905079 354.99846599999995 392.30870222498925 354.99846599999995 392.30910097498054 290.808924 416 290.808924 Oyster-Closed 0
371.6634398475144 184.6476966057667 413.42787244391366 180.55158024974668 421.8086671022065 265.99618536673614 380.0442454930853 270.09223217368276 Oyster-Closed 0
416.0007593664377 161.32597300000003 324.34167404579784 161.32597299999998 324.34229174293796 92.792118 415.99996004990317 92.79211800000003 Oyster-Closed 0
333.35016150402225 97.51748881487023 330.7268662669667 44.10954473386273 415.8070040535167 39.93048584036026 418.43055655183343 93.33817308192283 Oyster-Closed 0
417.6756165243023 27.65842147739674 416 45.70662400000566 369.5985326033406 41.398618250353024 371.2741720000231 23.3504399999836 Oyster-Closed 0
275.4393657677938 108.8550085688818 271.7144039770392 47.35455711625626 362.88171170999703 41.83271156685646 366.60701516598783 103.33278251159243 Oyster-Closed 0
371.45396349738803 160.18044507335557 301.4045836402074 182.75621189238095 271.6363161038644 90.39062132510448 341.68431172844794 67.81509625875842 Oyster-Closed 0
365.6071602703378 265.30995964629307 273.40169754103044 241.14622023874634 293.046526443537 166.1971565891174 385.2493964817295 190.3605355790382 Oyster-Closed 0
232.61783537539668 21.039435860815516 296.7447267916068 52.29061930301677 244.16783831481735 160.17585898958424 180.04113067156868 128.92497095756713 Oyster-SemiOpen 0
151.9903860521954 78.3801407293581 118.13207828333907 57.42271779292009 152.8068000412968 1.4034270518140557 186.66498124136342 22.36079707949466 Oyster-SemiOpen 0
122.85031392374003 246.23190314082686 91.7261179150264 184.73952535762672 163.57143972771883 148.377760928338 194.69576801759467 209.8692770850251 Oyster-Closed 0
231.46846616369294 282.9239962965243 235.09251083090203 355.72010104039293 126.6972880040812 361.11259161397106 123.07558236445402 288.3187233617982 Oyster-Closed 0
166.52106613619617 225.58890833188528 172.50895200909508 286.0511287887473 95.95558490634721 293.63048265001606 89.96885901183123 233.16933907487916 Oyster-Closed 0
198.538238829311 369.740062620603 158.60916440773144 418.0872886691463 82.36836944291281 355.13421891465055 122.29658946235577 306.78848098375295 Oyster-Closed 0
262.6309549937032 150.17573519985172 243.80184591965735 201.70160148607187 153.37826538675654 168.65869996728281 172.2076938441205 117.13350930307409 Oyster-Closed 0
188.89634821349682 108.09482362680241 145.05622991097334 71.69994819334379 213.86407101908844 0 257.7038905656409 25.211594068962466 Oyster-Closed 0
157.78692009717633 6.429272531350632 156.0951633425393 47.94940770732882 67.63466961440645 44.34491790703959 69.32650371220734 2.824851405835392 Oyster-SemiOpen 0
81.73390908977672 3.3303997961996217 81.19628892225955 16.524588778362638 56.605742186977295 15.522600526335877 57.14336477862889 2.328413293318192 Oyster-Closed 0
193.23256717308323 101.7579408606992 163.62436006048665 133.78688108452388 89.34977874404285 65.12656966222733 118.95780939930773 33.09785664726089 Oyster-Closed 0
10.615369999995892 0.4325430000001792 19.111917185877246 0.333132334096473 19.410033123163885 25.812848363301683 10.913485936620418 25.912259000741294 Oyster-Closed 0
