364.00274719607114 241.90952044854382 277.2893742651722 191.96593400788458 318.559993775114 120.31716649211235 405.2715332806474 170.26008078067113 Oyster-SemiOpen 0
102.50642223771865 320.1856323316893 20.95641346123739 329.0163486121474 0 134.2045745509352 81.40567899922098 125.3741746672504 Oyster-SemiOpen 0
100.63378471849865 366.14103399032336 50.43594742762434 353.00206547581536 71.53885012014143 272.3985518036753 121.73442983041605 285.5372071057026 Oyster-Closed 0
108.04049372087684 285.7806121220373 23.39401859055215 226.0448020293617 111.5453939656436 101.14545540375924 196.18885085729198 160.87974121247387 Oyster-Closed 0
152.13203084941415 402.64286777013626 67.65128468499097 356.97148055303376 169.79720963685395 168.06402179886115 254.27085591535433 213.73308410167036 Oyster-Closed 0
11.930822599515523 90.41464266305951 43.220241298356996 91.14674884909005 41.41162092129889 168.44320372149215 10.122202000035031 167.71110400000038 Oyster-Closed 0
264.0325675937711 131.14743221814956 173.23824133577364 115.29199311331429 193.85170794827354 0 284.6447049999697 13.11161599999649 Oyster-Closed 0
158.78876376431435 123.82673541466221 212.09090998013926 81.19649249544378 315.9762372022851 211.08304482112663 262.6750533422455 253.71221662170205 Oyster-Closed 0
224.1016450402749 263.8101708641089 310.60184418574863 309.44500102450553 258.30059903127767 408.5607218387569 171.80143825518462 362.9274113457937 Oyster-Closed 0
241.34845748328735 98.21282574762628 294.07380832091803 83.99692626771622 337.35982803294246 244.53361065099236 284.634607291031 258.7491472681437 Oyster-Closed 0
