398.59145838642144 144.44137537043932 352.54051411836554 218.7092508552186 272.10364516345 168.83453290444245 318.1544913222351 94.56763978979912 Oyster-SemiOpen 0
85.99264725021203 314.89646540558766 4.141249703257927 317.58131036368076 0 118.97110097445619 79.47425409037896 116.28634990581656 Oyster-SemiOpen 0
95.34713074940373 265.7564941455475 128.37447532308943 301.8008972285049 62.36661476822701 362.2720723543508 29.340175195429765 326.2285500405163 Oyster-Closed 0
93.44562633146779 274.2973966912171 15.496690036758082 215.68383452363014 112.67202853556591 86.4633633968395 190.6183568104134 145.07545359035498 Oyster-Closed 0
127.77354581720283 391.11913491036495 49.742900422937964 344.454115248153 165.45705193084723 150.99687936157292 243.48149763290712 197.6595504655442 Oyster-Closed 0
12.448106431686028 82.57535731919718 43.347805487883306 85.62451767381481 35.68117913052629 163.315045710364 4.781481999987591 160.26591100000007 Oyster-Closed 0
262.7170371816501 111.79485430147349 175.9471336349925 92.45176339223755 200.86954700522256 0 287.6384820000021 0 Oyster-Closed 0
156.0169909873075 107.04927067755231 214.02998367613327 63.2924778398654 309.09852257525563 189.33123214724117 251.08634006600187 233.08709751813782 Oyster-Closed 0
212.419597302498 244.55498320562788 292.3622380336892 291.3821955130131 233.79448438711916 391.34935126660525 153.85296733599898 344.5236630338396 Oyster-Closed 0
240.98456176615946 74.77625947728707 296.102070029101 63.951703872543945 327.45649430979756 223.60007540768314 272.3390469960286 234.4243947784638 Oyster-Closed 0
