359.49147807148984 250.75625562705682 274.59285248241576 197.61045551177475 318.4192682708526 127.60573462154721 403.316097054234 180.75078942534472 Oyster-SemiOpen 0
94.9950688994686 319.4783844964959 13.464828225653036 325.45864363849785 0 130.43741351001708 80.68562927057064 124.45736633771263 Oyster-SemiOpen 0
91.49488441904396 365.34968722673847 41.71878900547745 350.3854233290262 65.68653314982294 270.68047805834783 115.4604356177988 285.6443868407231 Oyster-Closed 0
101.69398497147267 285.4577481032346 19.25984530990172 222.60245211983985 111.84282213342158 101.19239063953144 194.2741905537987 164.04608222461258 Oyster-Closed 0
141.7313974835888 403.62054885355303 58.89878465243601 354.8299980415561 167.74435546098903 170.07658758382692 250.57024684435964 218.86464452381105 Oyster-Closed 0
12.339798104745569 87.16969195413861 43.645993797479605 89.00513198630185 39.12956743440736 166.03766923946344 7.82337199999165 164.20224499999992 Oyster-Closed 0
263.3578714018804 136.64112755205895 173.0218951561692 117.51584349754734 197.79936265733704 0.48702848721043956 288.13395100003254 19.612153000002778 Oyster-Closed 0
158.3458105741047 125.78988139825452 213.0563266663703 84.92582415055219 312.4440740691207 217.98485512553543 257.7344691600738 258.8478605235236 Oyster-Closed 0
218.7333363668804 267.54106710861777 303.5918537810285 316.3689954409254 247.84438435510674 413.23221654668936 162.98706154563115 364.4059295983725 Oyster-Closed 0
241.81311287511198 103.03468244810529 295.0851149357113 90.60114872287294 332.8091383099854 252.22387030202003 279.5372388078613 264.65707559389057 Oyster-Closed 0
