377.9082356240833 155.49095335632134 335.79157552717516 171.2850026829549 306.5528207276766 93.3177513776796 348.66880567621047 77.52383979179821 Oyster-SemiOpen 0
25.814409622522362 123.16087235152479 32.41197341953011 148.73128787482455 9.257583033748233 154.7051994289212 2.6601067210976908 129.13485965254088 Oyster-Open 0
262.4696569043954 119.8177824148146 309.9668216475693 113.86235637564006 322.49083642454207 213.7426116831395 274.9936880761634 219.6979478225752 Oyster-Open 0
233.48619520624197 121.60318671743792 276.5061030252 124.46774198874299 268.23557780635747 248.6678895079145 225.21567665170005 245.80339285192449 Oyster-SemiOpen 0
318.4634939526877 178.28183224163064 391.8320436058675 169.4880868929488 415.7586904946693 369.0923071394087 342.3902260809555 377.8856241458835 Oyster-Closed 0
30.94110399998317 3.6695649637385325e-12 69.92612632591772 0 90.88206692770837 51.16404881248557 51.89705239776595 63.94093073182665 Oyster-Closed 0
266.20401499994114 0 266.20409959654353 65.10523796045143 164.00476668712872 65.10513165444206 164.00487199999043 2.0580574205080052e-11 Oyster-Closed 0
359.1657569999916 0 359.16585353873234 69.88996613984668 263.6697384330837 69.88986751285391 263.6698343066855 0.0000034094393802741016 Oyster-SemiOpen 0
12.837914444451599 315.0648181397547 98.15741693599557 311.5891533046743 102.05297634100498 407.1960730434229 16.733480947776115 410.6716333928489 Oyster-Closed 0
197.79590463606655 0 197.79606450450956 83.30233079313238 77.72954301396749 83.30212522275826 77.72976500002187 0 Oyster-Open 0
193.39892431215776 84.92315230450228 174.90724600575777 134.9048372479786 70.66513496051994 96.33854492353792 89.15697599999112 46.35737699997995 Oyster-Open 0
