67.49705284886295 170.57185761378 34.48567714161982 171.70791491783223 31.656183626349957 89.48285717174267 64.66691037586861 88.34681136459872 Oyster-Closed 0
79.9149719999732 9.37569400000849 100.23689414903492 0 129.8346931478045 30.827389951408264 109.51278217647268 46.8695640978597 Oyster-SemiOpen 0
113.13057768304498 118.57415510296227 144.24683584053855 129.629761471242 120.21921887421195 197.2532003655906 89.10301920179336 186.19770493666417 Oyster-Closed 0
287.85937712025407 141.9056637218915 313.5820867242692 137.82624753693625 320.88814471666046 183.89252502511494 295.1654412537828 187.97191393880675 Oyster-Open 0
50.47448697857908 150.27279426320266 88.9026277994999 138.38838901128835 107.63234922110496 198.94795838084073 69.20426117425814 210.83224775411827 Oyster-Open 0
270.7579732588347 156.6650794392085 289.4264253551264 158.5119021873174 285.0747673818332 202.49791681913342 266.4063172639326 200.6511069116929 Oyster-Open 0
126.9911942100407 159.89612647071323 166.99153594223026 176.82446759465574 140.34990895347073 239.77217485102167 100.34968365715395 222.8440360799114 Oyster-Closed 0
288.6312021693411 183.32006468873945 313.24876374013184 186.03905025271607 308.3557468118088 230.33698227648816 283.73818919255064 227.61801882831557 Oyster-SemiOpen 0
346.94897679124915 233.19202924686934 321.21018715859464 221.94310066356172 342.93331398331793 172.24257071974125 368.67166771378106 183.4913895792825 Oyster-Closed 0
211.8448523356892 237.15366447263204 199.60730564708865 237.55280074376873 198.03088558154923 189.21983715271512 210.26820572805445 188.8207046291491 Oyster-SemiOpen 0
8.707412934025342 185.57757847132297 60.07909826550531 188.83537098093217 55.14791590451205 266.5880432549557 3.7762350258781225 263.3303010950166 Oyster-Open 0
208.28612679599973 190.80315602430866 228.26044862339768 187.58126441881856 237.99016816010044 247.89644216779658 218.01585527178395 251.1182953366412 Oyster-Open 0
168.14184562312948 209.8949473440101 198.41055203633732 204.63035850993836 206.1512529209831 249.13156189961614 175.88255832775394 254.39610272637384 Oyster-Open 0
54.27613834480508 279.3114403642731 31.547407272104465 231.5773382921026 98.82609296114606 199.54565154153576 121.55500329749339 247.27900700851146 Oyster-Closed 0
403.5426669587978 4.695539218784692 402.934150969897 56.997553253277715 320.31304296490634 56.03613925195583 320.92167855282605 3.73426426630528 Oyster-SemiOpen 0
329.71250451427113 231.86683443221833 344.1009827369744 248.9947232542251 310.9582467920991 276.83326676599603 296.56994575736826 259.7055446666948 Oyster-Closed 0
75.07205042379064 76.53746722591673 24.985510497022915 81.3185141587225 18.468046743626473 13.039665061785849 68.55428428817686 8.258633655655816 Oyster-SemiOpen 0
253.3117727066201 68.01755075409183 209.53600844102402 65.16525314771192 213.7689545077883 0.20165710532709946 257.5445229138495 3.0539477644931763 Oyster-SemiOpen 0
243.36076314380261 328.468325577936 216.73829299303543 324.4695287226696 227.38919081888525 253.5746429856069 254.01070894957957 257.5733675587077 Oyster-Closed 0
174.15109723206842 306.5466619464182 162.86192331470738 332.44306811276704 131.85040496213696 318.9261620247237 143.1396525063683 293.0299979115579 Oyster-Closed 0
197.99825925903497 331.6387663163931 178.24298388569514 338.56829010710896 166.7170602437982 305.7145758615799 186.47198135649523 298.7851201679063 Oyster-Open 0
250.39873267214352 359.31945803914505 226.15683547410663 354.7478861775308 240.8137082631547 277.04468030290025 265.0545520742089 281.6161496041435 Oyster-SemiOpen 0
12.201021888475225 321.3027348643436 49.864422286769695 305.1904519336969 77.80907229108925 370.4998550588899 40.14587465953082 386.61178940077747 Oyster-Open 0
6.126786544544302 330.4603686448969 33.29699924835586 328.7203508377029 37.589259929744 395.72887274491734 10.41905063973536 397.46885340242983 Oyster-Closed 0
156.93036714143454 4.937901866952293 205.1289843257182 0.14750640357085446 213.30793583051855 82.43992354678971 165.1093212913256 87.23030300728517 Oyster-SemiOpen 0
227.3504902352106 415.03775136338817 208.75035326609213 413.21191490394597 216.32243487998858 336.0990124650504 234.9216229502781 337.9248019162727 Oyster-SemiOpen 0
74.33011102881574 29.14368312247739 118.57769548511351 29.85881077379645 117.45122233283473 99.55745302845986 73.20363807275862 98.8423281910003 Oyster-SemiOpen 0
0 16.97328 19.515756 16.97328 19.515756 142.516178 0 142.516178 Oyster-SemiOpen 0
195.15443798819615 52.15276306587731 215.80600284709726 55.14589069399012 206.48632639919015 119.44776184509547 185.834764963598 116.45464893277942 Oyster-Closed 0
323.16341014336285 43.31153341431705 374.85584148129055 49.17664590197588 364.4191307414985 141.15986699037245 312.72670862088125 135.2947991967527 Oyster-Closed 0
141.00822373642222 141.77376563526508 99.82111910103049 137.6432260239702 106.1599788655476 74.4403077937175 147.34657657095158 78.57082136404911 Oyster-Closed 0
