362.5371414215442 161.62573582706727 321.6837495718355 179.90619830829584 287.4635120576495 103.4320518112588 328.31623095573013 85.15176042315662 Oyster-SemiOpen 0
0 147.889556 12.795114 147.889556 12.795114 178.209529 0 178.209529 Oyster-Open 0
245.17021393670802 132.21563392853895 292.06135163881845 123.2812113904944 310.95474013670537 222.435826652631 264.06364154754556 231.3701056227326 Oyster-Open 0
216.35359507098474 135.59057685303685 259.44069340729766 135.69814946490143 259.12990311392787 260.174412398518 216.042804820936 260.06684213666074 Oyster-SemiOpen 0
304.81154239399257 187.99355625788314 377.27376971587364 174.59411371228606 413.8529211025052 372.3859326158159 341.3908883915101 385.78470609491745 Oyster-Closed 0
3.635720999998739 17.173433000008757 41.572206998571346 2.06370257040636 69.55989829266036 72.3331364396916 31.623433657845453 87.4428206584721 Oyster-Closed 0
241.5361059871757 7.02794907138645 239.41376400275476 79.97313373748882 131.60110229496058 76.83598453311437 133.72371580211257 3.8910810918409524 Oyster-Closed 0
333.6802016753354 9.708941311743727 331.6440781240417 79.6915808061863 239.06675655720755 76.99780239566053 241.10310999998546 7.015383999989367 Oyster-SemiOpen 0
5.220485858306347 415.9999428053248 5.223699127647706 338.75814765129047 99.4690199570141 338.76149276940635 99.46820628380738 416.0009292436788 Oyster-Closed 0
172.89385986761044 7.304922629296042 178.22893442862915 98.80598304144311 57.1981059134996 105.8621453880209 51.86362650456067 14.361691263831368 Oyster-Open 0
174.21774748227836 100.91896489897479 158.47352247564777 151.62506440108285 51.86441835753067 118.52305873276222 67.60891900002753 67.81757899998216 Oyster-Open 0
