416.00008812769374 184.664678 401.92446128053416 184.664678 401.9245453357653 142.873174 416 142.873174 Oyster-Open 0
370.5388030913564 103.28614640287206 402.98813312628045 106.6030057305054 392.1712684291233 212.42182142855768 359.7219462971698 209.1050118952789 Oyster-Open 0
329.48267600318286 134.77865369265004 341.01012385433205 135.520088251726 338.489256811783 174.71167938296693 326.9618093186946 173.97024880214812 Oyster-SemiOpen 0
141.53389431330652 165.27080075988016 111.58654612333703 164.0339326557473 113.94404684453912 106.96136344894684 143.8909932399838 108.19822334560808 Oyster-SemiOpen 0
188.56052998166706 141.75164482779746 224.53496502816415 144.6522901802074 219.3359268100212 209.12863464265482 183.36149580486745 206.2280184081382 Oyster-SemiOpen 0
204.86975139776405 136.47043398609804 235.37415928273185 131.00073741588034 250.58576856571017 215.83157173324528 220.08138021333434 221.3011953793519 Oyster-SemiOpen 0
295.6405968583349 168.68213648896202 321.2846151978192 162.0780546756925 338.2802664377341 228.06897005567922 312.63627811969127 234.67297317970173 Oyster-Closed 0
320.5466687382723 187.58808926918385 343.7518375824002 184.02459780110058 352.4125689719767 240.41837824602914 329.20740867746645 243.98183158461217 Oyster-Closed 0
324.20723242801614 43.116094258070376 330.39111403343486 32.25553594051553 351.50455198214695 44.27725467133094 345.3206820235646 55.13780288269185 Oyster-SemiOpen 0
342.32438869693215 249.66236304039126 316.67918773090423 267.9055731561566 275.2047063025857 209.60843350057752 300.84938388925366 191.36548965939656 Oyster-Closed 0
345.47143284298363 229.314899084505 365.98240333139256 253.0318217380404 343.4733184951692 272.4958833739173 322.9625111751702 248.7791159196736 Oyster-Open 0
200.6096507292459 204.7612950641298 215.26597213693458 224.64198992617798 187.94260239550204 244.78322013824365 173.28642981189478 224.9026598379715 Oyster-Open 0
259.4023100449558 59.57221280811829 240.47343293977247 55.72319975338588 249.6510839773291 10.589146001542344 268.5799082847443 14.438153477324898 Oyster-Closed 0
412.92577318015174 257.60737697235055 419.591355311808 287.40066132373477 372.3397558323486 297.97023774277886 365.67457896331325 268.1773051600695 Oyster-Closed 0
244.97123371573252 301.89042821422095 215.26735788259975 313.1735868989526 187.15256134759693 239.1675302137808 216.855454070188 227.88457634974557 Oyster-SemiOpen 0
19.550932110407302 296.5194796358987 21.608126632509084 205.78007966852957 82.85740356297174 207.16868913920493 80.80145870295746 297.9068793059279 Oyster-Open 0
406.96556718352076 324.30472219967794 391.29697955103256 324.6465326015873 390.46095812295243 286.3207033318241 406.129227619258 285.97889636784686 Oyster-SemiOpen 0
341.14502528582307 278.4143816098723 360.37926207586133 271.1197281679545 379.6598642876488 321.9503541533665 360.4256827693134 329.24490277831876 Oyster-SemiOpen 0
375.8056743087909 354.83098177728664 363.9258956278645 352.18768054625014 376.797071445646 294.3530230980364 388.67646478241295 296.99627999934546 Oyster-SemiOpen 0
264.37049010236296 81.2629138756713 218.37703684930966 73.99580704586018 228.91445591690717 7.3058763801811315 274.90765799951623 14.572962174282033 Oyster-Closed 0
186.3475441988994 333.4098262965018 192.68108622667205 341.3828708891867 177.02640720207273 353.81582176943584 170.69291739238906 345.84282539131556 Oyster-SemiOpen 0
312.5418254585311 20.229704000570468 310.2004730887529 35.79992859797061 278.0906946549185 30.971452351380318 280.4320560000051 15.401239999990484 Oyster-Closed 0
267.91880163485985 77.42957868938164 256.16325641613366 71.49336032058666 279.064331675374 26.142480553738686 290.81983069839407 32.07868477382447 Oyster-SemiOpen 0
379.82409943912353 117.16055551863113 343.33366623728216 115.65341896210968 346.1099851901454 48.439317853919256 382.60003921743555 49.94644627072173 Oyster-Closed 0
129.49231686905114 83.20756639407226 137.64500886277528 69.04882003161872 159.9628733471145 81.89944011631582 151.8102121635493 96.05815980625356 Oyster-Open 0
165.8829130786944 52.84865233361491 204.6065313315048 52.05642314006941 206.85594656778994 162.00449552915694 168.13232850850545 162.79671656580894 Oyster-Closed 0
