283.14646626913236 16.330369681039627 279.7547505022412 46.78928124424061 234.9968548875695 41.80528402159423 238.38860199998453 11.346408000011122 Oyster-Open 0
270.0337269632546 185.90698903214331 234.21268828725078 182.2332048337613 242.78754480375937 98.63179932182918 278.60782689140615 102.30554412081746 Oyster-SemiOpen 0
275.3450899198506 154.51248854478007 294.3445567833296 159.85220812503553 284.7049404765203 194.1495207045275 265.70548551058164 188.80983029320535 Oyster-SemiOpen 0
0 58.978418 90.569038 58.978418 90.569038 266.988088 0 266.988088 Oyster-SemiOpen 0
159.3264320312519 6.492029690572012 157.76075238851627 44.917088984560486 121.10726429090937 43.42356687591657 122.67297400001553 4.998540999986456 Oyster-Open 0
395.85335107006904 247.23083669083184 372.4210944810111 245.18092785399392 379.2070444761375 167.62238149053144 402.6385950000149 169.67225800000193 Oyster-Open 0
171.99940038136265 142.07348255394146 226.86789411660357 152.26580489912718 211.94361632450818 232.60334008278323 157.07515822891946 222.41115316012815 Oyster-Closed 0
122.15766902548057 41.93175692733084 108.9843269314224 42.965411625028196 105.96124467853952 4.437861501497726 119.13456423217212 3.4042077404456066 Oyster-SemiOpen 0
332.447129749522 21.820218718335678 326.8917317532796 71.70982279105719 288.2233809630379 67.4039092988539 293.77884500000073 17.51438599999839 Oyster-Closed 0
282.7489358988132 277.02253365027894 238.5818376178686 249.65511216993266 296.4777421629915 156.22913367450445 340.6434339098887 183.59598329697252 Oyster-SemiOpen 0
152.0787265055078 336.6995698064814 97.53932117102886 317.9542393352678 141.10036619055973 191.2356271158827 195.63672819685235 209.98039406599963 Oyster-Closed 0
180.85186581671223 232.14473667883738 224.09007473646852 239.4026603265387 210.6975993560809 319.17645683199993 167.45942510257737 311.918676634955 Oyster-SemiOpen 0
243.6270523541898 243.59181361868355 271.9436383428365 246.05868637504832 262.3172920023244 356.54090986384915 234.00071588794526 354.07410908979466 Oyster-SemiOpen 0
336.24109727874384 21.607372509547154 367.9678817172571 39.076154314151694 337.89626353375934 93.69186094470493 306.16951729793436 76.22313367732106 Oyster-Closed 0
314.95675113921243 353.1927843761285 286.9554673617786 351.1696293247008 290.62468527369856 300.4021715495358 318.6251582551813 302.4252973328415 Oyster-SemiOpen 0
40.93979392777328 276.96699161407554 99.13341348718677 258.3611449906169 123.5984198952865 334.8690111886466 65.40498312148338 353.47445428990494 Oyster-Open 0
15.797336743107735 360.02724118917877 0 344.71887885595686 14.491100438201101 258.70590809633444 51.43890059716796 274.0138988672515 Oyster-Open 0
214.64738714596024 274.34794550943855 267.57534953056893 264.13105089667465 294.98552811837726 406.1018678441657 242.05770237635807 416.3183176901842 Oyster-Closed 0
38.874509279819904 298.55520823131013 58.49811837272864 301.35855476080286 51.98765663027734 346.92405881431154 32.36405547193135 344.12074904924077 Oyster-Open 0
260.4204634439411 28.766895767253164 285.896541778111 27.118648121413838 290.48747717809965 98.07786556820798 265.0113994113599 99.72610663036001 Oyster-Open 0
146.57037447451512 97.08379847808838 126.40855920625108 74.28748277640668 171.26605825930528 34.614390805228865 191.42781894034852 57.410628188092105 Oyster-SemiOpen 0
202.49467062907934 21.423958920194956 237.7481799654197 33.658575635037984 203.42946136061073 132.545542686683 168.17599230845008 120.31100947981807 Oyster-SemiOpen 0
283.43550180403327 89.4660937823756 305.37124217905875 87.94977591110666 311.256789973846 173.09053879701872 289.3210509895871 174.60684171790632 Oyster-Closed 0
