293.54617592845534 131.69233821892928 313.67736599318596 132.84363311336207 312.0544238636903 161.22087525727983 291.9232341802417 160.06958458270566 Oyster-Closed 0
372.30684750984074 209.5722315400224 358.1566877505211 201.3084822349588 380.4146023531939 163.19849898498634 394.564599485333 171.46218746390159 Oyster-Closed 0
20.5675224573788 135.78913355709068 50.41586656597792 144.3247566975091 40.2820387390675 179.76034650692483 10.433712200512673 171.2247671966787 Oyster-Closed 0
77.65325785403911 135.29098065840992 123.87146324443893 134.00795725773395 125.95669101915337 209.12034478156724 79.73848599357734 210.4033535330447 Oyster-Closed 0
170.09997278641822 246.77526738506975 129.26363923741155 231.28553404297014 168.2564902607446 128.49619571388516 209.09148132379778 143.98564482320197 Oyster-Closed 0
405.81155885527915 224.97336578171922 393.2805553262515 234.8789204874194 370.5949183569319 206.1827621859733 383.12580930135664 196.27727619767444 Oyster-Closed 0
223.56314750696401 158.26553587458108 253.19697394481045 176.31408819686578 213.16639229332577 242.03547032969766 183.53275344613212 223.9871615895521 Oyster-Closed 0
126.51383578425884 255.23602429990396 98.41738149299636 247.8518190374582 124.74623018972488 147.68229106335278 152.8416780772459 155.06635509623754 Oyster-Closed 0
248.78891960041437 261.9464795902932 207.41071481132167 243.73812672442907 238.9633213505258 172.04335599107512 280.34040069010007 190.25141806647588 Oyster-Closed 0
268.7961817876094 190.75946457291425 291.6835942906109 194.88550243231208 278.6735090951661 267.04707257060414 255.78611285548322 262.92109558167436 Oyster-Closed 0
337.57446818176686 53.122376607028315 309.20891904337986 66.82998086093691 278.7236152133446 3.745899981788615 307.089086957727 0 Oyster-Closed 0
77.81038337330028 236.33906637710186 48.30972298482811 240.99638738254484 40.43858594404446 191.14069575915462 69.93869205181545 186.4834195055251 Oyster-SemiOpen 0
85.3253359823866 0 85.32533659895489 12.778083577309012 67.24324451716166 12.778082967469988 67.24324511211671 7.086542981985108e-8 Oyster-SemiOpen 0
373.0588665081086 3.282742583582219 411.57297900000776 12.112425000001169 399.21412204513763 66.02031413764274 360.70001024297017 57.19064669485723 Oyster-Closed 0
373.73478350790174 278.3549411616495 354.5102100898912 269.94729357203744 372.4045360068267 229.03607555328847 391.628776942056 237.4436397690024 Oyster-SemiOpen 0
280.608267892163 319.6115232387525 269.33809773473695 319.18579652098794 271.7463215422722 255.44807769331794 283.0161354273696 255.87379776483593 Oyster-SemiOpen 0
7.259331999975984 249.4870480000006 12.851364105998073 249.3243562801751 13.41775658970073 268.79011607463127 7.825724518392235 268.9528070721977 Oyster-Closed 0
163.23297256288788 249.1326394576229 208.4863079530478 263.8887606807652 182.44355469842412 343.7433030010187 137.19036958274955 328.9875058950179 Oyster-SemiOpen 0
8.031976591326384 276.041118591996 14.6305280111701 275.84914887142185 15.276375806974102 298.0456424590701 8.677824437025265 298.2376111036554 Oyster-Closed 0
144.63687858861158 296.77975602783835 154.43684439122808 306.36651271804584 130.99164200895757 330.32888124702833 121.19176388483902 320.74221326652327 Oyster-SemiOpen 0
73.05060828230853 280.2930652575043 109.12435717097105 299.5804278473423 52.91505962215888 404.6888661454554 16.841789787806192 385.40219847148506 Oyster-Open 0
123.84686126102315 386.0245973901916 109.09358739212985 383.0983561830841 118.10997418220722 337.6521950378187 132.8628218574595 340.5783925138659 Oyster-Open 0
154.7587530269666 338.9445478065102 184.9732832588743 337.3439933123059 188.2194420951564 398.6094873617529 158.004914326968 400.21001006071384 Oyster-Closed 0
177.17994466431264 406.25914165556543 182.88100539928564 352.08439347406085 212.78513468009987 355.2307175915466 207.08467101383212 409.4049149975321 Oyster-Closed 0
228.6340659999878 408.43861599997706 227.3220509695202 370.85457838626945 266.1547862999578 369.4992511908691 267.4672834371195 407.0827930091471 Oyster-Closed 0
76.5650687890411 50.500497693508144 59.57488145161915 47.31847168038287 67.45446454656849 5.2462219638619905 84.44461806888285 8.428244773686995 Oyster-Closed 0
41.93063888504548 0 64.82552504904379 0.42094788957720786 62.990242290215974 60.829058591467955 40.09535609859813 60.13348192032085 Oyster-SemiOpen 0
406.8133443701481 41.20553396914954 432.56193791674013 51.869477501225525 399.3173468897585 132.13910483822877 373.56878866779516 121.47523090518581 Oyster-Closed 0
118.11412960175221 89.6119813320417 132.21936387924507 20.985860200944504 197.93159774714877 34.49214928132047 183.82665908764102 103.11800423984685 Oyster-Closed 0
88.89252872911675 28.800418421128846 120.3868750255715 27.722181151299957 122.3695749098988 85.63480553290216 90.87522878081654 86.71303965211136 Oyster-Closed 0
218.02011268592105 79.45461906163968 237.1688519602285 44.57157378041519 294.48650595893923 76.03531065894815 275.3379477043418 110.91819989661347 Oyster-SemiOpen 0
302.45458487304495 61.13671335741814 342.1153928210624 49.147291512354656 368.0192820024786 134.835817674166 328.3585146207006 146.82514701468187 Oyster-Closed 0
100.50327503248991 85.50680844437264 78.36538933069824 108.47163630655943 47.440107093574625 78.66021684590349 69.57792837270608 55.69545905112487 Oyster-SemiOpen 0
196.38593948805283 77.09643444018616 255.73265580874795 71.47840666552231 262.0360066651847 138.06351046085652 202.68929590268453 143.68150269801308 Oyster-Closed 0
