247.75605781135164 142.46196950058194 219.7134455912783 183.91794475359754 135.61135091622418 127.02884997886346 163.65385416162462 85.57335981357026 Oyster-Open 0
226.06104200000846 0 226.0610499135728 32.285907976440114 185.36558162249275 32.28589755654138 185.36559200001284 0 Oyster-Closed 0
42.644403047579544 248.2263319418089 10.932666797601996 237.32846335179443 31.71968098598154 176.84645667520493 63.430733208377205 187.74419819458643 Oyster-Closed 0
0 185.507861 18.971229 185.507861 18.971229 257.401046 0 257.401046 Oyster-Closed 0
328.4880490000105 0 328.4880511861629 20.06147690867287 306.22225256945967 20.061475439305767 306.22225400000025 0 Oyster-Closed 0
189.92437588510438 196.3801974480104 204.83727817860927 165.9829806375737 253.71293792140568 189.95996629826044 238.8003689776233 220.356898171025 Oyster-SemiOpen 0
351.27204189228723 234.47974365100123 315.01583493818544 237.3222762020307 307.9479808421165 147.17220944535143 344.20308300516626 144.32972062944904 Oyster-Closed 0
129.46196422913636 184.6424256018161 158.16304708924508 185.97501338430425 154.46541622094446 265.6074168198659 125.76433488061957 264.2748502265372 Oyster-Closed 0
302.7046355068851 253.36679547497135 277.8311582481474 251.72297932767833 284.27269271960904 154.26821438389217 309.1452828066249 155.91200070985835 Oyster-Closed 0
399.0625611272553 339.45113353695376 349.0161406517982 337.12044007926954 356.1519646140623 183.9542364193154 406.1949391709495 186.28485079031339 Oyster-Closed 0
122.19733485345205 327.1792609949768 122.24695185028395 414.72909460672247 0.011968529830483021 414.79413756507523 0 327.24777091067654 Oyster-Closed 0
62.357441871849005 28.514385159443382 94.5751120330824 19.17752702297103 113.72619078360003 85.25977116042145 81.50853151448973 94.59659721131797 Oyster-Closed 0
311.15062536791083 0 311.15085482443465 106.90837280724564 223.99819052493694 106.908157231334 223.9984138322834 0.000021903857391111762 Oyster-Open 0
0 40.938816 55.407582000000005 40.938816 55.407582000000005 126.650916 0 126.650916 Oyster-SemiOpen 0
317.14945193896347 0 394.614863298666 7.108119607964475 384.3411048396483 110.09365007125507 306.87570096063064 102.36582951005691 Oyster-SemiOpen 0
278.27717445236703 122.68606658649809 216.8645748783456 163.76421134465318 150.39090294472408 64.38572208799418 211.80272696508473 23.307921031584044 Oyster-Open 0
