141.71003484495668 144.86186686230502 109.63666183621172 144.49373084356574 110.26775188904503 89.5294655098419 142.3407590065799 89.89759941987394 Oyster-SemiOpen 0
309.2164845350271 84.66363045647593 329.91731718690426 79.67352819244738 340.13053586513706 122.04111368270448 319.42971028192187 127.03119600519625 Oyster-Open 0
287.73716399999466 0 287.73716657220575 23.500748314349224 269.2097364682231 23.500746489864287 269.20973808320923 5.7831956198417465e-8 Oyster-SemiOpen 0
174.743755956697 168.4686301755094 143.75126453075063 173.02419065248105 135.78729446251236 118.84410660548144 166.77936186399165 114.28857786051249 Oyster-Closed 0
197.0409048713591 107.5307650823537 252.91487016824976 117.57942007483163 239.96618313714862 189.57597560314284 184.09224624108538 179.52741632636622 Oyster-Closed 0
331.9437593407347 184.74960697024514 306.63437043423255 187.40555369967774 299.64441864107357 120.79699172621159 324.9533643239847 118.14106814203477 Oyster-Closed 0
324.67698833745453 143.2100210169009 345.6906432898759 138.92142381530184 355.688219685504 187.90628263813096 334.6745739532307 192.19484865940044 Oyster-Closed 0
205.79663144188817 222.3338962393325 186.71050180759266 211.92558745279732 201.5761351651854 184.66811577819436 220.66209502186757 195.07636743047522 Oyster-SemiOpen 0
246.06406100001186 0 246.06407266150927 40.93735116821802 205.56546061902918 40.93733407556539 205.56547900001897 1.4052883290711367e-11 Oyster-Closed 0
359.1187440908798 217.53725986007143 331.79201923917935 210.99105292694267 339.4312655371323 179.1044931663329 366.757689211423 185.65066233424704 Oyster-Open 0
258.73988047987586 38.844253373951936 246.21933612766225 36.47289879936762 253.52842568023698 0 266.04895466407106 0.2529834505239321 Oyster-SemiOpen 0
415.9998589236711 191.50620172206158 433.9960873668315 214.6305980155387 391.7569151968564 247.49945531271953 373.76094500396357 224.37529838130342 Oyster-Closed 0
220.26249304235898 210.80274465476091 251.27857884681362 207.54815361650535 258.63180288506555 277.6171557544118 227.6157248030613 280.8716973524127 Oyster-SemiOpen 0
215.7988444449329 50.05729197050686 189.03716293590332 55.74635858261056 177.2115771808094 0.11810097304522678 203.97319146095833 0 Oyster-Closed 0
179.25265381224017 243.6204061034339 217.5251735529091 238.20344637865318 222.70813502577948 274.8185730112609 184.4356251578647 280.2354870037094 Oyster-SemiOpen 0
393.56422151967126 237.33131283853857 385.37266999998246 270.50653600001755 343.37143862292214 260.1365198333299 351.5631988855239 226.96161288842245 Oyster-SemiOpen 0
416.00004022113717 268.103928 407.9115009397792 268.103928 407.9115801019543 233.511351 415.9999981090077 233.511351 Oyster-SemiOpen 0
82.20322187929196 271.33070564854756 95.78454928944484 282.3095105788517 80.55009932647954 301.1524993076378 66.96883225890997 290.1737613579216 Oyster-Open 0
390.11612565767064 239.12830725531597 404.0009717412104 240.8659847421248 395.53851992766795 308.4763768113407 381.65367920799326 306.73872797186226 Oyster-SemiOpen 0
252.92063836395755 267.61969980738877 274.21538500108727 257.42139090848224 298.25178182943637 307.60403669001704 276.9571265234881 317.80220152174644 Oyster-Closed 0
315.60689255320904 366.5088732526526 288.0938123338492 367.84555840942585 285.7432848160861 319.46612742554805 313.2555589971016 318.12946192893384 Oyster-Closed 0
375.4110336931517 0 375.4110538171044 51.84980901648801 335.5624828000764 51.84978366841416 335.5625106427433 0.000003171507320541961 Oyster-Closed 0
292.4025622339577 30.5051424467281 311.0702505636509 22.358857532640428 325.85512180412843 56.239172417951394 307.1874404368282 64.38544589393129 Oyster-Closed 0
203.79919112002608 134.2633254686393 166.79393265302497 136.7773794277926 158.97648444760125 21.706470414652763 195.98114958366205 19.19243687354095 Oyster-Closed 0
365.8098114691784 106.00690545247187 345.689609150304 109.5492203419441 338.0384712398991 66.0913354049146 358.158544645823 62.54903198680475 Oyster-Closed 0
387.0605368795477 154.20658894969375 355.20145092893654 150.40723548717403 369.3554553553513 31.725768596293353 401.2139534506423 35.52508769100139 Oyster-SemiOpen 0
