155.289088399084 203.8092589838283 114.41301058565296 207.82749692264923 106.82328452521324 130.61965834859527 147.69844359769922 126.60146564529316 Oyster-SemiOpen 0
131.65511680389318 133.9385562945422 165.14854760320304 126.22019933241577 184.6044248027174 210.64416696131877 151.1110281256406 218.36242233770992 Oyster-SemiOpen 0
269.0465150946693 199.9099474945771 247.03306935816 203.3887247018162 237.63115150857266 143.89604779432048 259.6441998091941 140.41730274965482 Oyster-Closed 0
260.1471216778664 152.1512467308687 286.61007983152376 148.77066725852933 293.63079599023695 203.72555068217312 267.16784312548407 207.1061007427585 Oyster-Closed 0
296.86064883967265 217.07562328612477 271.6775929311261 242.5014337196703 208.07066290896546 179.50585947833173 233.25330418118028 154.08046776843557 Oyster-Closed 0
312.52099328541954 228.49022680708325 289.666852184193 235.13825374748953 277.9269943110485 194.7823583620878 300.78079926947976 188.13438338834453 Oyster-Open 0
59.683507663092314 17.105143951368277 70.19571879524665 12.80718701693316 85.56580747290354 50.40024989398101 75.05359916560337 54.698201630230066 Oyster-SemiOpen 0
133.29065540091688 231.5339581353811 155.75151277093755 220.7555203184841 191.17758411173418 294.57047861720287 168.71685629998683 305.3487118830266 Oyster-SemiOpen 0
304.35436541348827 245.37477001593078 325.58756686512424 239.20887995665706 338.32140646718835 283.05474441659624 317.08823145808856 289.22056936730155 Oyster-SemiOpen 0
230.48626712547411 11.716875111390372 264.5726790551307 1.7553498223819755 280.9371693156245 57.751393227330944 246.85076394891803 67.71290020849145 Oyster-Closed 0
100.65544332428544 261.69174161002724 148.0908204639345 264.16204426403675 145.73087986208702 309.4719193604894 98.29550477966768 307.00164493577284 Oyster-SemiOpen 0
335.0082721747167 246.27718975534376 352.80598981714866 247.67587873687668 347.0717684215415 320.63165189277015 329.27405386389 319.23298843791684 Oyster-SemiOpen 0
216.6321409638258 279.2438558406621 250.98339139691598 273.34641008430253 263.5748534972081 346.6768568836061 229.22363369659433 352.57418129378584 Oyster-SemiOpen 0
102.90278560776642 310.97681308682587 130.86030792461315 305.68581398120466 141.55435417451736 362.1822788787647 113.59685769527277 367.4731881525223 Oyster-Closed 0
140.8625317896076 364.7741340244008 132.10914384636635 358.80839619882283 147.09607917751055 336.8233141615225 155.84936401768937 342.7890033095967 Oyster-SemiOpen 0
164.24613200000022 416.00000000000546 164.24767629428243 362.47529213119503 217.67407736013774 362.4768245417804 217.67351338195294 416.0005530856491 Oyster-Closed 0
334.75161250370365 124.65615975961063 304.32223270962277 98.3440749169035 342.6393318513037 54.03198906915182 373.0685402949239 80.34394831775857 Oyster-Open 0
373.0302461957035 136.80938471682083 355.6745109651092 138.43819159266255 348.28684215415706 59.71914678056863 365.64232876107417 58.090352039388165 Oyster-Open 0
124.27824033243087 151.92834990503357 81.45265431336884 168.65674074061764 38.94026015359486 59.82420438526143 81.76500707358719 43.0959967137507 Oyster-SemiOpen 0
273.63802653094535 52.79954952150367 315.12386041370337 43.51792432499119 339.3355757528225 151.73487390206736 297.84977237773273 161.01640698465178 Oyster-SemiOpen 0
