149.38904915516832 158.63231649262804 107.29617555707227 159.06565730762372 106.66422731690182 97.65106942194554 148.75652626881492 97.21773153589331 Oyster-Closed 0
324.5525020037021 88.41393298533016 380.2574806497796 93.73956330920264 371.5944421617023 184.35053808778522 315.88947308858405 179.02496561932568 Oyster-Closed 0
306.34259556253164 136.25041173324928 328.23530177935027 139.86014912600226 316.285391756639 212.33155649460997 294.39269553823397 208.72186016004918 Oyster-Open 0
113.31430654807627 149.11093513123663 143.23598488337666 155.3942997157778 129.21365982280986 222.1654528434123 99.29200330987442 215.88215832310476 Oyster-Closed 0
291.7068749838909 224.26505136874246 275.38480099079607 224.10748938618335 275.659212838018 195.69194838880384 291.9811154127383 195.84950954394566 Oyster-SemiOpen 0
141.5522145817813 182.9954317539391 175.7708355804789 207.72728626844733 136.75744046358886 261.7007011391748 102.53909488396312 236.96917052699374 Oyster-Closed 0
242.9209023054609 267.5313092398807 225.05154987351125 274.0156737841401 204.15936202063313 216.4475152079198 222.02827383312615 209.96324041133474 Oyster-Open 0
181.03826995337658 272.5220715808843 168.4058098132482 239.2271311050668 200.77962399998432 226.94556500000698 213.41219034980531 260.2402475099533 Oyster-Open 0
38.56613726365322 29.421968275171444 62.59614501940814 0 143.25136026243126 26.11132344713034 119.22149037909185 71.82200463133498 Oyster-SemiOpen 0
170.15127767679223 318.9162399774732 169.3667764487327 352.58411136747463 142.4441837344384 351.9566669291569 143.2289459954809 318.2890628089871 Oyster-SemiOpen 0
18.44864193333342 332.13780791295073 56.98209442860389 317.9276783814091 81.89762192633134 385.4765226871916 43.36433529398346 399.68632926027215 Oyster-Open 0
232.45422441170012 417.6671618984949 213.12763444517986 415.92100701175855 218.61195082091945 355.24115515874234 237.93775170507797 356.9872743901723 Oyster-SemiOpen 0
394.3714245270894 102.31336476613299 319.21469065785277 93.17440667445197 329.6159265179667 7.64105628025348 404.7719803881955 16.7799698885044 Oyster-Open 0
164.1463370720703 8.056076830539563 218.29258717267658 6.121555927409077 221.9193660541605 107.63281240799978 167.77311757156713 109.56732309214213 Oyster-Open 0
226.94237433234593 12.814219673856442 261.80259930119064 18.266180034288716 248.92018096063111 100.63689690779648 214.0599618528977 95.18495896291383 Oyster-SemiOpen 0
98.52453659826642 76.21401617537582 58.23329553146323 111.24558577843092 10.085029330082762 55.86855009492457 50.3760838987655 20.837117819872482 Oyster-SemiOpen 0
84.22356150795531 52.18512402721742 131.72418270541675 66.76742097726458 112.37926637776036 129.78100393748028 64.87867813844423 115.19878347620536 Oyster-SemiOpen 0
1.4362653090392996 49.36091072271064 25.03358637175188 48.67431566533147 28.150709634501254 155.80388701990506 4.553388757227367 156.4904754205859 Oyster-SemiOpen 0
