313.31764816409486 87.58381147920376 351.41505975175096 85.52420764635643 356.9793495647609 188.44640041884168 318.88194016529087 190.50597820106185 Oyster-Open 0
206.12765395734823 105.20771725926703 251.07690379702035 142.5390714271734 206.27557267706288 196.4801947231115 161.32662881719443 159.14917846106658 Oyster-SemiOpen 0
100.8510688560491 208.1426068278301 46.1352052062648 221.1072903746751 27.823253154496342 143.8256216400385 82.53783267793187 130.86109599861578 Oyster-Closed 0
251.2842838051838 225.1845749761081 212.25516478031204 193.3658958849425 251.9531604184849 144.67543035344988 290.9817656542182 176.49377694490204 Oyster-SemiOpen 0
76.80868179892786 201.67024216089823 131.55114864550706 143.9257930846888 192.4760603886898 201.6801478184762 137.73448513825497 259.423732709892 Oyster-Open 0
12.055547580901475 215.76462867892462 34.12187727685887 197.81408281326625 68.76951393757554 240.4022522119634 46.70336576789123 258.35259867285384 Oyster-Closed 0
12.227703849042882 251.1571216471978 0 245.02001121435623 9.415965821110149 213.13014592938399 24.882537692672486 219.26721298939304 Oyster-Closed 0
135.18419820532654 264.23660060947213 88.85872882919284 295.806659010818 48.21949348731141 236.17909395856387 94.54386300002079 204.6095589999978 Oyster-Open 0
290.802594982757 298.58417927789 232.37540186730985 273.83039149703 261.23006769974745 205.73385939539386 319.6556226277826 230.48725664848908 Oyster-Closed 0
393.9284198298046 285.02357739682463 379.70041737999054 280.27607911025393 394.62723133391046 235.5473043544353 408.85495007656937 240.29475118833693 Oyster-SemiOpen 0
25.491638659354066 243.38123998944764 54.867208553059754 250.0211912253346 45.30291441935333 292.32899357604487 15.927366439573234 285.6891102920162 Oyster-Closed 0
129.11096199996973 1.1215430945510726e-12 190.23406008022357 0 196.6665461276607 52.8021054046725 135.54344689490608 59.41905080997914 Oyster-SemiOpen 0
132.680161061322 259.0737959214102 154.8655139835937 264.6309074637538 148.45271845621028 290.22898939061133 126.26737845212483 284.67191332725486 Oyster-SemiOpen 0
320.2807809676124 207.93384633288107 354.9773959230333 217.97931826925054 318.09555430690307 345.35174538685413 283.39907095866147 335.3065948122286 Oyster-Open 0
283.8597389153183 288.12844986581473 302.9899543152824 275.1486848378489 320.8404447918547 301.4537737131022 301.7103173196738 314.4334315824521 Oyster-Open 0
162.95406226480554 262.25497178046044 187.18610751370943 266.20143583461214 174.39969844974257 344.70034565867985 150.16767379106022 340.7539654904549 Oyster-SemiOpen 0
403.02023319284126 347.87433568507186 392.4098551203315 347.38068344310653 395.43175713136225 282.44559586050593 406.04174799998145 282.9392389999992 Oyster-SemiOpen 0
295.1091446134633 293.1614135584724 306.14263884679167 339.02745464328416 261.53748680582066 349.75503993880585 250.50467921385643 303.8895913937925 Oyster-SemiOpen 0
51.98270301028242 306.79213093717306 72.56025633060926 317.89937805725333 54.78725150178798 350.81976361816186 34.20978173500043 339.7126367879438 Oyster-Closed 0
206.59127398464625 304.71833690692665 238.70653717665482 310.37083713388745 224.6358387389082 390.298710276413 192.5206110955587 384.6463500873616 Oyster-Closed 0
259.2145586222141 63.441447821819054 234.71736614311158 58.746373453467875 246.44965317961396 0 270.9467653744032 2.227050917229382 Oyster-Closed 0
355.7607984325077 387.96757696872885 331.2972071395707 392.64893564761644 323.8908021451316 353.95287801153734 348.3537848418018 349.27157893467404 Oyster-SemiOpen 0
272.471541367584 348.045639507958 313.0527865192271 331.60395506908816 338.0518809748064 393.2925881628776 297.47083721975287 409.7339152233354 Oyster-SemiOpen 0
257.31395938573405 409.94796015210943 219.37298324661242 410.60461136970446 218.0172182657152 332.2331901371231 255.95624815054907 331.5765557887051 Oyster-Open 0
218.84050253538226 77.06909568540983 186.9389720687359 69.41344558188737 204.8755438023727 0 236.7769099674988 2.327040558141733 Oyster-Closed 0
293.0474194899434 77.61974749678913 267.3569775962096 80.34403454305557 259.1631119944868 3.0743963830963383 284.8534083237173 0.35011730380811573 Oyster-SemiOpen 0
56.073163241006114 31.212219059164617 65.77678060334802 19.83700507888233 104.57945515086976 52.93750765821721 94.87586037009896 64.31270033269844 Oyster-SemiOpen 0
217.74462876497273 0 217.74463225912768 23.23447116252007 186.5657303718799 23.23446743877935 186.56573400001798 0 Oyster-Closed 0
153.7509903864302 55.19113670249809 199.99756954643453 49.343428352844256 209.04464037428988 120.89134784895467 162.79806737840772 126.73902265350725 Oyster-Open 0
235.53713687070922 55.4013079350927 272.62047207240903 63.368703389448704 253.73499122978683 151.26751015107382 216.65167535357978 143.30018082740258 Oyster-SemiOpen 0
