130.84155614658812 161.71337834646306 96.2505792834454 171.0177128098553 78.72196381043614 105.852449541761 113.31241480623794 96.54819012529566 Oyster-SemiOpen 0
199.872568797422 217.1161476681178 145.56039651443643 207.23335637119763 163.0719963324409 111.00572182453314 217.3826636116828 120.8883722281716 Oyster-SemiOpen 0
175.44872430153555 238.40572276979236 118.09310761163579 246.29796260039925 103.90502382374689 143.1880101706811 161.2586026088502 135.29591520338747 Oyster-Closed 0
64.50613370999417 189.55255088487615 112.49654557595568 185.64512200597997 123.05672990106905 315.33063956523904 75.06633277954097 319.2379545980437 Oyster-Closed 0
284.7305149702988 245.87313306261376 313.03472030010744 208.10203881202824 390.43002390104084 266.093001876401 362.12673516083305 303.8632661505248 Oyster-Open 0
184.11552676240535 214.19541346815268 274.8079126249104 185.31498935732995 315.438165968837 312.89211194974536 224.74617034056791 341.7716453369357 Oyster-Open 0
86.34019174101923 219.1640793671282 189.4250032209493 204.78093520368157 217.7863788098839 408.01835480115284 114.70175016394569 422.4006700390786 Oyster-Closed 0
416.00023321240224 378.238463 405.1173234155285 378.238463 405.11759816454287 295.379467 415.9999950597921 295.379467 Oyster-Open 0
0.33239900002081413 7.136734999999287 103.62787803329047 2.3257138937555717 108.86589860165986 114.78870144458952 5.570420921321784 119.59969266801284 Oyster-Closed 0
178.7772383373267 111.43015682037819 114.47294684710505 127.79653689150678 83.86864435814277 7.550270066372796 148.17213182128035 0 Oyster-Closed 0
216.28975872970477 109.55601634148961 174.18158592505642 119.80290997203144 159.77165700512342 60.5873507792813 201.87945661215417 50.34050487110304 Oyster-SemiOpen 0
393.82711372436097 40.39785403494578 413.09912840138713 39.429449605983244 418.0573042669057 138.09993442216268 398.78529020554925 139.06833128018513 Oyster-SemiOpen 0
201.69636767420525 5.403195885516366 291.8322236940694 0 306.89262754400625 205.54307973914973 216.75679407653297 212.11003735682618 Oyster-Closed 0
