146.03459578553884 171.53375909716038 110.11505182987457 171.06335639503797 111.51702775494778 64.04527285018258 147.435776606766 64.51567035313381 Oyster-Closed 0
360.9985854648912 131.32577240950482 337.95609768441864 111.38680312492207 377.1492564235632 66.09413795795152 400.19160171513795 86.03300336860012 Oyster-Open 0
342.4914802468702 168.65919911514598 308.2807127044507 166.3188458582986 315.85062698353795 55.67219659550655 350.0606677667456 58.01252534948327 Oyster-Open 0
92.17324768162871 181.9084468348626 60.939335544786445 187.53771524096774 49.74402538012873 125.42198734741177 80.97741751324793 119.79276689368504 Oyster-SemiOpen 0
130.16964969014953 195.22374641405648 146.06784033180884 134.75367529405068 185.75760257219008 145.18811178034738 169.85984365219338 205.6578121537741 Oyster-SemiOpen 0
163.42862280070403 134.56984981021185 192.23384869398797 132.4327690703031 198.22615021163801 213.19781771023017 169.4209274697714 215.3348720036319 Oyster-SemiOpen 0
250.10219843880623 138.8507797708679 274.0577598256132 132.26942384314808 291.9365369257248 197.34375021676033 267.9810020758996 203.92504079577031 Oyster-Closed 0
88.09926500056099 159.73223602445316 118.34791587970903 164.44605624832622 112.26460243948168 203.48056027443295 82.01595862525937 198.7667699833045 Oyster-Closed 0
277.9460496307911 152.17926324076157 303.52145868200023 150.16616655620044 307.6850867412322 203.06032725324192 282.1096796231068 205.07340731483612 Oyster-Closed 0
285.31521990600595 0 285.3152284847565 28.89461768525726 242.35865721570008 28.8946102501521 242.358664902491 3.9767795211923496e-7 Oyster-SemiOpen 0
241.86118421853462 171.691360965942 279.55597984051565 163.30084739098746 293.8970947718335 227.72487676931988 256.2023311274097 236.11529211867762 Oyster-Closed 0
303.02503611449356 189.06977467905125 326.1056684336472 207.54186444396979 307.90356177723515 230.2832941819338 284.82301718926465 211.8113031260382 Oyster-Open 0
363.2316038773206 273.0205346541319 334.38874500090606 262.539087548403 361.4291008461478 188.13847153760665 390.27110466209706 198.6197458069384 Oyster-SemiOpen 0
188.92816242595654 0 206.98974788103806 0.19408916915666058 203.0589442750861 47.540597885551236 184.99735899508596 46.04109090910317 Oyster-Closed 0
151.01188228374303 232.5589709743102 177.6770304247184 224.45438809157145 199.94795668558072 297.72030175998435 173.28287195409212 305.8247395464417 Oyster-SemiOpen 0
299.1593864058341 243.64504536016375 316.9552054689848 230.82117479271744 343.8596075049063 268.1526465773852 326.06390249345714 280.97638390044 Oyster-SemiOpen 0
158.08423355057312 248.8931108568712 158.3250457057802 308.27363127657287 112.5697093648705 308.45859402556044 112.32956533331162 249.07874232337986 Oyster-SemiOpen 0
0 248.32123 34.968925 248.32123 34.968925 339.314446 0 339.314446 Oyster-Open 0
339.3724090730393 243.08836602337468 352.51298458057136 245.94240939227495 337.66965917723064 314.27509168107264 324.5290991272741 311.4210972499193 Oyster-SemiOpen 0
204.62466044527173 269.41592343268945 237.56845054589212 264.9176143687256 247.58219887449377 338.24305463757725 214.63842704797935 342.74127442264773 Oyster-SemiOpen 0
212.12352371680026 0 212.12357122008325 65.25920402645352 166.84496828906413 65.25916389758083 166.84501079529218 0.000026158245414462084 Oyster-Closed 0
235.82212298629383 8.961000914707148 249.16843356983009 14.375750906667268 237.88173868129888 42.19523794517857 224.5354300038416 36.78049157889676 Oyster-SemiOpen 0
146.19049059671306 335.4978323707751 152.009143654348 340.52535883849373 135.8000018945968 359.28114179331544 129.9813845100507 354.2536534566652 Oyster-SemiOpen 0
247.75759270510753 320.60116096859 270.549786619169 324.71444980429936 260.64888657357733 379.5649443703227 237.8567113563331 375.4517261989434 Oyster-Closed 0
215.58430050128663 7.74114400227762 234.51266806033527 13.484984477960094 219.64768968327553 62.47123094818217 200.7193262683868 56.72739994900576 Oyster-SemiOpen 0
116.02832296693668 29.94078886326192 126.74821797737968 26.85901102248446 136.50449174943424 60.79588777002249 125.78459851316802 63.87766124038895 Oyster-SemiOpen 0
288.14829079436095 6.830171463106889 325.0656133463199 9.964363554086686 319.5329138088964 75.13329334824715 282.61559239515555 71.9991089264613 Oyster-Closed 0
199.5570652553106 115.35324094875253 181.92948362392417 109.60654096354698 200.3360062239335 53.14695335320551 217.96345193812158 58.8936300340623 Oyster-Open 0
