350.620494643008 108.3205649949502 378.087624128264 118.31802919780823 356.1850711026673 178.4912158324609 328.71798283625685 168.49383247959292 Oyster-Closed 0
14.132633055043698 56.371749302536244 26.562600865127024 57.099384534367125 18.980876943638577 186.61293840264318 6.550910000023578 185.88531300000068 Oyster-Closed 0
107.91910608330363 179.823233331271 42.287363630897744 206.48651392694458 2.9119820426931255 109.56566305713928 68.54217732516918 82.90273460684854 Oyster-SemiOpen 0
190.90419656348968 232.43418731683926 131.72055261004425 240.6560530629926 111.8422474852996 97.56592703274215 171.02363492225413 89.34421170337612 Oyster-SemiOpen 0
321.02993371291814 253.65484259736255 222.45730795487907 293.7337801631966 155.36286324789035 128.7225505171742 253.93015263413326 88.64484096618237 Oyster-Closed 0
191.78185484524147 191.3927605797862 206.3407888482725 303.6712417067261 138.38512411131887 312.4805327296283 123.8281055190273 200.20382168401323 Oyster-Closed 0
94.9798077901869 284.7882749482096 76.88726701186897 280.668306780712 86.89604139420044 236.72198947404078 104.98822379140984 240.84191532290475 Oyster-Closed 0
104.79569588755476 303.91363718130316 92.81852279966188 305.0995334271555 89.99401754396604 276.57634939401294 101.97101502515216 275.39046195414295 Oyster-SemiOpen 0
80.48070748776809 280.63007481171974 91.97704379330025 298.3997503429266 56.3427308636783 321.44992768216196 44.846621310651244 303.6804517073478 Oyster-Closed 0
124.98191283773122 250.18352080682607 195.08518886567617 243.1017427416936 207.9108852711397 370.0447158265237 137.8076477793511 377.12624111962003 Oyster-Closed 0
9.334406999965722 320.8027700000007 36.703156667110306 320.0065946372974 38.101560186594725 368.067301916142 10.732810995083128 368.8634655819477 Oyster-SemiOpen 0
209.18019297283172 358.36566510497687 225.37088292758563 360.27255132113885 220.6235356772122 400.5706060794497 204.43285023848875 398.6637456833035 Oyster-SemiOpen 0
93.66052463313463 358.3734902768587 109.27480795971132 364.15936390408274 101.5548741359271 384.9880238736081 85.94061252066967 379.2021922918932 Oyster-Closed 0
230.80487175427334 362.5774786062133 250.17824360970917 373.3379849020654 223.2813791218905 421.750409025274 203.90815436190314 410.9901087771818 Oyster-Closed 0
59.29874849784392 360.98498466841136 74.01490993763946 367.68304721930247 64.24237223733144 389.14873759688925 49.52624272713729 382.4507272820558 Oyster-Closed 0
32.418793582699436 404.2528487194441 17.88790957870515 395.59898387399346 35.038651160986774 366.8087650923024 49.56927590059422 375.4625303125177 Oyster-Open 0
114.48204025791347 388.92970616717474 111.08764317619716 406.4137320030422 93.19508021130241 402.94088710963285 96.5895605323858 385.4569726793046 Oyster-Open 0
82.82293399473929 382.0054799949544 97.36372099103755 385.52391567112755 92.09352661336743 407.298353710436 77.55274928920335 403.779945391797 Oyster-Closed 0
318.9743468180168 51.200408192912946 307.7376064178825 79.34696709684074 283.1167989481073 69.51782240461726 294.3535545104678 41.371304258444155 Oyster-Closed 0
90.17124750689618 2.623550950825226 87.86994643798243 81.71755489392793 13.453900398155383 79.55217292331095 15.755419036504463 0.45844133482056987 Oyster-Closed 0
372.80559533205087 23.73635377174382 421.9815157844314 30.25647178576539 408.5592081752402 131.48905144023797 359.3832946914954 124.96897946225573 Oyster-Open 0
242.877863667356 108.35445209300973 165.0764027885125 121.05405030042994 148.64705318455526 20.401166979547007 226.4476190721798 7.7016437973735155 Oyster-SemiOpen 0
158.69027433892916 4.617403350343956 158.3399210728785 16.658432103301763 109.76564564208093 15.245071466179096 110.11600400001043 3.204048000019334 Oyster-Open 0
293.3082484823972 81.68952716908913 315.22925430909163 82.97276739336468 311.56396796246554 145.583900133453 289.64296279003247 144.3006679912972 Oyster-Closed 0
