140.15321771437812 116.23828894829992 161.53214514151477 112.69635971373273 170.96629088262125 169.6385862295404 149.587369476827 173.18048963729814 Oyster-Open 0
57.05092037387658 161.07491705789852 45.65930061960535 158.59020457501032 54.076597795821726 120.00127737604853 65.46810838496822 122.48597740526779 Oyster-SemiOpen 0
19.946257133680774 173.94747190401227 4.640871804400376 163.66508789479823 38.270717983559734 113.60895587260428 53.575937827794405 123.89126371908394 Oyster-SemiOpen 0
250.14774839893653 142.4501343390578 290.6939270072835 142.1942107970457 291.071640344755 202.03277275457827 250.52546177788463 202.28869397033486 Oyster-Closed 0
321.7570263940761 116.3268860488732 370.21490747589996 213.64128668948356 284.46621016845893 256.3357188410276 236.010128666152 159.0228579690662 Oyster-SemiOpen 0
157.9517809731915 164.23393988262922 197.55783116079692 182.83558503409415 163.80984098179397 254.6852366365691 124.2039628581224 236.0838643224359 Oyster-Open 0
366.419891691301 209.25461421997355 403.24933268124005 215.30895552588817 394.7397534168267 267.06899264785693 357.9103289167433 261.0147178379636 Oyster-Closed 0
196.3591399377401 275.8156407378493 175.56294424155203 191.41032808309433 255.8776771182529 171.62369315988707 276.67479102087236 256.0276369707442 Oyster-Closed 0
0 199.247879 13.917925999999998 199.247879 13.917925999999998 231.939374 0 231.939374 Oyster-SemiOpen 0
324.1904164872212 230.05811231618307 356.5460218820881 237.21511397394613 337.31482322719603 324.14503373898856 304.95926632599003 316.9881868789173 Oyster-Closed 0
37.87952475212296 203.80260022324933 60.55424593899443 226.36108987304524 4.14239690949762 283.0574734572617 0 260.49936637304654 Oyster-SemiOpen 0
308.5335037281329 231.68194242904087 339.13076597026156 249.45213534386286 293.1067513510752 328.68673077056 262.5097827409736 310.91693926011817 Oyster-Open 0
354.6937042491736 268.3541780838378 373.769101636899 280.85590430275164 359.5728775272546 302.51364428923023 340.4975447276229 290.0119991712647 Oyster-Closed 0
326.5143562699741 25.15079297083715 345.2685233888624 24.577385889052515 347.1055694683382 84.66056812822191 328.3514024377473 85.23397355161265 Oyster-SemiOpen 0
160.37444262615463 249.62715878436813 176.73970611941695 252.64012406236313 169.49516569719344 291.98471932176705 153.12990998559326 288.97178279620346 Oyster-SemiOpen 0
388.32416107615427 318.0392415373457 371.7364658754377 317.8788376424263 371.9886647062085 291.81481866405704 388.57612732428606 291.9752214326689 Oyster-Closed 0
225.4698001393699 14.448633332029553 221.33723088790794 78.93789473662932 160.081125758883 75.01238626999465 164.21383999999307 10.523300999999986 Oyster-Closed 0
241.53449386971988 368.77648061102144 217.92470448102176 357.39158507912754 242.98510813435496 305.43351506624214 266.5942124885405 316.81821475525106 Oyster-Closed 0
165.6350999116221 10.614208721894842 160.62213493818126 88.84379649937335 81.19665937074024 83.75394752524325 86.20987300001798 5.524579999990201 Oyster-SemiOpen 0
0 268.575539 28.122948 268.575539 28.122948 360.67078 0 360.67078 Oyster-SemiOpen 0
210.06326299999637 416.00000000001626 210.06703334363192 322.7842009946014 281.4099521587377 322.7871070663004 281.40835105457154 416.00077307213587 Oyster-Open 0
34.416077809590206 398.8249365396972 0 387.1116003090466 15.426357223564992 326.39005383697395 53.23247411029297 338.103150722662 Oyster-SemiOpen 0
319.5738242186635 377.9136777457011 336.7184359593484 378.4841800090283 335.45185670200226 416.536779605199 318.3072453488421 415.96628495345675 Oyster-Closed 0
298.36424087062187 64.91320438664025 344.8969393954103 79.87213076672847 333.3339045428438 115.84069780689896 286.80122660662164 100.88181740198489 Oyster-Open 0
187.60232132030433 120.07183895454097 139.06454150145873 131.99485602674156 115.8212820980516 37.37308772159564 164.35839257836778 25.450159641305696 Oyster-Closed 0
183.30569219282916 74.27029637466971 200.34424820686036 78.71623747212242 195.71231607447044 96.46735628252956 178.67376236931887 92.02142135082048 Oyster-Open 0
0 24.551896 41.083056 24.551896 41.083056 124.92971700000001 0 124.92971700000001 Oyster-SemiOpen 0
397.01758355042693 31.968319168460887 394.2003227911955 60.34373094550257 357.35471389732993 56.68546899655534 360.1720106457615 28.31009571756539 Oyster-Closed 0
59.802527347532305 54.387297986056225 83.65742203872651 58.35871158624911 74.17469079389775 115.31752803725765 50.31980012281201 111.34613140243512 Oyster-Closed 0
279.2388942826474 111.14769819904853 302.5265872579075 71.8717109413211 402.6776635773422 131.252295425892 379.39053670091744 170.52778853243078 Oyster-Open 0
