69.25127860365683 187.74757932914588 27.24819376983214 197.67450705871173 12.851379857693246 136.75978629260672 54.8537163349647 126.83295274744643 Oyster-Open 0
366.8486726824267 80.33251092783547 404.07556777157515 74.4976275653427 426.65337883969187 218.54059874364984 389.42651056575414 224.37536727447036 Oyster-SemiOpen 0
318.9183567238906 261.0061487601769 258.73279515171816 249.67032339852966 289.5296214669652 86.17985399974667 349.7121698816991 97.51538576376687 Oyster-Closed 0
213.81428894545024 244.12128500330724 250.3594553738949 206.1791215093028 327.2374344447999 280.21845360550947 290.6932293331447 318.15967261607 Oyster-Open 0
196.4730677407315 354.52198609726634 126.9952894330927 324.3194872932878 176.87907985600032 209.58994290672354 246.3530317726363 239.79147860122728 Oyster-Open 0
49.57509961440519 415.9999643722655 49.58244476974505 246.27853050933624 169.1166114189873 246.28427952074176 169.11514877873924 415.9999182760634 Oyster-Closed 0
379.3994049999819 283.35227100001003 398.9720111257957 272.5330231202471 435.174146224108 338.01414076537276 415.6017015163634 348.83316503891814 Oyster-Closed 0
231.99595763967955 319.278537449127 301.81721606075007 286.44532496657916 355.98984756425125 401.6227410513863 286.1694182328647 434.45463606621996 Oyster-Open 0
84.53098299999692 15.804980000004846 135.69435054021233 0 192.6036024240857 83.65251109075419 141.44035767951937 113.4662212904732 Oyster-Open 0
0 36.19222836505511 28.708872172523115 2.597374755089079 110.80390411270128 127.75672130120013 59.58614723562641 161.35121163927613 Oyster-Closed 0
358.5614996287113 24.94452049054628 387.92818346328204 18.194491366791826 405.3985419034616 94.20070376257584 376.031866318619 100.95070567084288 Oyster-Open 0
40.855381000019406 18.37540499999428 89.42857307323357 0 151.64106478274334 140.28587211270371 103.06800070890677 161.41191231817587 Oyster-Closed 0
372.1695815303174 125.75119591799631 342.6645795179684 127.62923883404899 336.2585537306986 26.9855955326142 365.7631594359664 25.107565212874228 Oyster-SemiOpen 0
150.38094260475918 8.074004519547124 215.08386732653162 9.6058229167925 209.84772338180483 230.77233249769236 145.14479982525518 229.24054988949632 Oyster-Closed 0
275.76103353148574 161.2462665777239 206.47472192126952 147.85056557980613 222.53175206649757 64.80435375897687 291.81696468533846 78.1999475140325 Oyster-SemiOpen 0
