169.2839891896474 168.40439462260176 152.50496161159754 165.96355679326496 158.27960083656217 126.2693006884949 175.05845878502805 128.71012607968203 Oyster-Open 0
88.55876001903016 185.310330992103 63.0178564777234 183.52513349257876 68.19303197257614 109.49039252212995 93.73344816198369 111.27557298873124 Oyster-Closed 0
168.10216318021048 3.9125702935308557 167.17513432704436 43.74280495346238 98.08706371390508 42.13474432626694 99.01414700001988 2.3045800000094196 Oyster-Open 0
164.92399838194615 174.21604820018825 145.01579308514556 185.5991652167982 126.66653540009793 153.5090681015178 146.5745740586899 142.1260109263737 Oyster-Open 0
35.94460481783972 208.89850785152524 10.61313329456243 199.54004630581133 35.01582761239479 133.4915642981909 60.346799087914405 142.8499220806213 Oyster-SemiOpen 0
102.02106846914103 142.97133134384686 139.9515315278586 145.3549741671025 133.59219032961846 246.54388925346697 95.66173088551295 244.1602879824765 Oyster-Closed 0
170.93993117884384 221.24603410207868 122.33650848669276 197.41519561622093 134.0214811220285 173.58559171080876 182.62452257379118 197.4163186687973 Oyster-Open 0
251.71058205426016 212.27742777509178 256.944541399178 256.5592394697685 221.4258186500847 260.7566913981546 216.19221887188178 216.47520517780288 Oyster-SemiOpen 0
141.30264005221034 292.1784807133072 124.82801087287226 283.39005282151203 140.22045354905276 254.53982189865613 156.6948682783077 263.3281792541233 Oyster-SemiOpen 0
276.4054817982942 339.25664879772603 257.10049360592166 341.0934621655632 245.8352838235951 222.70696287437858 265.1391782398605 220.87020081454838 Oyster-SemiOpen 0
202.0059630972537 247.90876019297457 230.8371591780451 232.40385506548083 270.90554628000973 306.9013299904292 242.07457753055132 322.4059134704793 Oyster-SemiOpen 0
9.66776086558093 305.3027682094876 9.113102587620233 270.13877626186246 60.6927639077403 269.32515603870087 61.2478730833609 304.4886927615943 Oyster-SemiOpen 0
360.1978336650827 7.9760509493603235 412.5556754576355 16.67428002534262 401.6896495904948 82.08068208624574 349.3318152327047 73.38247669689657 Oyster-Open 0
125.01501403421571 324.05596841583656 105.02276462381269 326.76529785923856 98.69167208270301 280.05362621733036 118.68342413253049 277.344331068414 Oyster-Open 0
348.7583535517406 295.23647999692315 369.3270646523706 298.6747081892434 359.7208021278966 356.13242499238 339.1521049041439 352.69425424303824 Oyster-SemiOpen 0
222.2979632415845 287.9466323302438 252.7035967168922 312.43207904255263 199.59723723609204 378.36528970162203 169.1921485928142 353.8804507728341 Oyster-Closed 0
84.73598912836678 308.0289295165784 114.19383720379847 308.859356364 112.69152385394045 362.14095835869483 83.23367640883953 361.3105445879305 Oyster-Closed 0
0 372.30699800000843 0 356.1627105984311 20.01592901191907 297.07797700726246 42.47643078193869 313.2219330606683 Oyster-SemiOpen 0
341.18977083782374 354.0744409129913 357.27739218268107 356.6392989047955 350.8912492064992 396.68554575673966 334.80363584491715 394.1207220848685 Oyster-Open 0
108.67517680749734 353.1301586619993 135.12823945511627 353.7878373066436 133.91000023821834 402.7757698136688 107.45693801392554 402.1181018764 Oyster-Closed 0
199.04434719429992 415.05024626319533 171.65492544717927 410.65077273278007 179.36541497410872 362.66420238999814 206.7539454982325 367.06360308737857 Oyster-Closed 0
98.93087168582497 415.2989282425573 68.78918530939336 414.1356947526591 71.07270418997359 354.99880101886566 101.21318780446381 356.16201134008645 Oyster-Closed 0
301.6285147588751 415.9999997004032 301.6287340115414 386.62766833810724 317.50979032622854 386.62783839282764 317.5097359737738 416.00000422930424 Oyster-SemiOpen 0
258.2329971375948 415.9999956595983 258.2334613901985 380.1576052533747 284.3197890430747 380.15798533387647 284.3196519998128 416.00004871089396 Oyster-SemiOpen 0
186.02266370941288 138.81776050539375 162.78498442705677 127.7984143102632 184.9489344042413 81.06020318728505 208.18642232157436 92.07949675579832 Oyster-Closed 0
