134.13708235287777 122.56493495436324 182.3680488514874 108.51294103058363 198.96007473079953 165.4603336494203 150.72915274310435 179.51222137311666 Oyster-Closed 0
302.37192019541544 143.61039530604356 318.120587977126 147.72740114392445 308.15529789121865 185.84559592192446 292.40663898549974 181.72861355259124 Oyster-Closed 0
156.76925218241377 172.39140956902983 132.16548728500857 203.19479642989367 89.81195175310859 169.36695149015878 114.41559536012937 138.5638051232909 Oyster-SemiOpen 0
268.2648900510176 216.282225942492 240.68583720555398 214.66396250163587 245.06544733747796 140.03611809452352 272.643845712093 141.65436209204154 Oyster-Open 0
229.94949966243803 161.49886722724784 239.13440575270215 160.63492234184858 242.8529230649874 200.16564439261404 233.66801774059786 201.02958380647937 Oyster-SemiOpen 0
233.67981018033242 209.40064066827912 205.07674428957762 211.52239906597484 201.71323165790454 166.17965393211173 230.31586907451492 164.05791150214543 Oyster-Open 0
329.5251284575643 216.5751421870584 306.101848127415 213.1828737247967 313.58019156389855 161.55095428806058 337.00306407889 164.94319237240182 Oyster-SemiOpen 0
327.37423088626747 262.36455109510007 287.89573710761397 276.6571402559918 266.6091549937628 217.86491689244113 306.0867260512314 203.57250902146325 Oyster-Closed 0
297.1165329224059 285.61866756043867 255.4603146886402 302.49269768498965 229.17406231744462 237.60746125817258 270.8290640879932 220.73371111837275 Oyster-Closed 0
175.43711137591526 256.8836531418409 202.41133331995297 272.5812567376417 188.20436640881962 296.99063242855385 161.2302236775613 281.29313704814103 Oyster-Closed 0
42.67057457866031 264.149229698167 77.33492550240044 254.05085168564284 97.62611517923506 323.69396172304715 62.96184292657199 333.7921511494104 Oyster-SemiOpen 0
9.287761547439004 270.7147761714072 57.632859995239414 267.06875536243024 63.17837172186046 340.589275731714 14.833280548875337 344.2352246206979 Oyster-Open 0
281.26108545121315 337.2468141050379 261.22084251769775 337.70705516930656 260.0614959229788 287.2218964121188 280.1011689999832 286.76166200000046 Oyster-SemiOpen 0
0.24707499999931315 10.615370000000004 52.21173938563152 9.405884990383917 53.83625119133649 79.20171046913188 1.8715870627456752 80.41119209164033 Oyster-SemiOpen 0
207.4863734998471 322.4634821607585 230.86589715756782 307.17601407206354 255.24911980814431 344.4589315542676 231.86975610697482 359.74619910797054 Oyster-SemiOpen 0
166.69496039929072 15.691040827031028 196.01399402965762 42.07948232767235 164.61236342558914 76.96826510375672 135.29337361858052 50.579872514661034 Oyster-Closed 0
240.34221546004483 18.558970414149996 261.1092080957096 54.49209572670887 224.07562806016722 75.8949168560941 203.30870532580957 39.96185225352118 Oyster-SemiOpen 0
253.5589093749877 389.40941462075466 233.6400216355978 387.7236696544286 239.70154451799317 316.12239169357326 259.61955382364977 317.8080994423824 Oyster-SemiOpen 0
156.12723402716438 351.5270380570553 172.78931254166673 342.6025330596836 193.24361868019696 380.7820388283637 176.5816267517548 389.70641883774135 Oyster-Closed 0
40.09140845381626 360.7053216516466 46.797935662627424 355.7812618138344 59.01440267903672 372.4161057978282 52.30790357901424 377.34013282486393 Oyster-Open 0
199.34081366537794 392.10030294193655 220.0667848291996 391.11683100063726 221.2478529999753 416.0000000000003 200.52188246388323 416.9834632524006 Oyster-Closed 0
411.31273574326406 104.56538499252504 363.42410437361104 108.17758727476453 357.0866252543674 24.15635180483056 404.97472160950565 20.544171795591808 Oyster-SemiOpen 0
67.5318983050638 20.815320964683135 99.95644742563672 20.63800359465123 100.37786905221219 97.69948087886885 67.95331995594825 97.87679752614281 Oyster-Closed 0
150.67131094501383 12.373705848507232 150.40887114603902 34.826705258877816 105.61515377071191 34.30310666994622 105.87761400000818 11.850127000009499 Oyster-SemiOpen 0
1.5722400132472103 67.54971998774708 46.28969593665897 66.50892952300967 47.636575919172174 124.3766886830482 2.9191197804320836 125.4174740982095 Oyster-Open 0
167.47533387662043 71.09193817540697 166.73577813109296 134.36861322238337 132.8284300958221 133.9721757911949 133.56817657022475 70.69569352021314 Oyster-Closed 0
81.6311516732967 86.23869969301595 117.62042811770152 76.8301059916991 133.35825441275665 137.028509548202 97.36899911985529 146.43704499110234 Oyster-Open 0
