376.5337175891764 161.93018636772194 356.6841813707397 156.308285030046 372.990867450666 98.7358023870376 392.84014727667454 104.35766524892605 Oyster-Closed 0
306.3679810640133 97.84113066502441 335.55153064161277 85.79050812565697 368.1208412949236 164.66316725813175 338.93736272341266 176.71367144129425 Oyster-SemiOpen 0
311.48958115163987 171.20727327943814 333.23291805094414 171.41082288778358 332.64300910329985 234.42112368244645 310.8996722454249 234.2175763691005 Oyster-SemiOpen 0
174.45207208242573 234.49577677127965 120.82959146358553 263.566304434746 68.1780750954058 166.4529500458971 121.79879437610361 137.38301949410896 Oyster-Open 0
203.19677628122736 312.59582217830086 145.58269472277607 303.4619719662407 171.8843380327089 137.58650094266565 229.49479146542944 146.7200651076963 Oyster-Open 0
360.2648282909322 313.72569097922934 318.47136924632287 304.62784376336754 335.16539017758623 227.95369667701937 376.9573835597839 237.0513814501308 Oyster-SemiOpen 0
121.87019051704192 268.9508726490507 145.72304248737782 293.31696539574773 105.99546143878251 332.2011678335763 82.14296968218696 307.83543282633354 Oyster-SemiOpen 0
43.039531490940135 255.06787791326948 82.56782852471952 274.3743268239361 48.316113693028456 344.4907033273934 8.788076310120232 325.1846525680902 Oyster-Closed 0
343.5912330956198 374.01982933656143 321.65592395305066 374.6884379112124 319.0142285113361 288.0199977823898 340.9484352021427 287.35140596987424 Oyster-SemiOpen 0
232.04034917767422 373.9726484540874 204.2598785422124 331.4765906764995 232.1963575911177 313.21790847684724 259.9767574057878 355.7135426870472 Oyster-Open 0
145.20956296027725 415.7876744391786 73.24705691258714 416.97276562587433 71.34400205691418 301.226457186275 143.30119843148714 300.0414100126894 Oyster-Closed 0
353.1212730401676 415.9700411098266 316.68100854714794 416.9568614468148 314.8489541066192 349.29237931519026 351.28756991179034 348.30558120783644 Oyster-Closed 0
120.6181639999777 3.509630000005796 164.3075360321709 0 206.06256451686204 84.73401026930956 162.37323207112422 103.0589613447936 Oyster-Open 0
270.8032597404235 124.180920796008 249.31571003457066 122.79233861500032 254.68210664434446 39.753529489169054 276.16939910198926 41.14210333134476 Oyster-Open 0
70.17623675765935 38.39943249980804 96.55482903301527 37.56495626810011 100.10562666063925 149.80757207278177 73.72703479659685 150.64204025423635 Oyster-SemiOpen 0
0 40.478686 49.903985 40.478686 49.903985 158.811799 0 158.811799 Oyster-SemiOpen 0
