416.00085536030747 240.693125 339.4557355884135 240.693125 339.4571602483011 141.97114399999998 415.99973055578084 141.97114399999998 Oyster-Closed 0
151.78158185996654 166.45834450455453 164.97725243209788 174.0752370070368 151.2549738573798 197.84661968212174 138.05932778353963 190.22976060941085 Oyster-SemiOpen 0
85.50016367964054 209.0077159766911 54.81358627557711 206.82953810131718 60.12361338053597 132.03056996362497 90.8094836789569 134.2087221962385 Oyster-Closed 0
299.40547144673474 243.28844497891717 265.6365058338415 247.33604041034278 260.73198826096996 206.41938242321362 294.5003990000041 202.3718210000002 Oyster-Closed 0
29.812067792208836 167.07853043921642 53.96489905905037 175.5796165381062 29.399133782801073 245.3695460495731 5.246359211203526 236.8685741683492 Oyster-Open 0
179.2654810260392 240.47454252030795 159.4555066029061 264.7271552083179 105.43714950475623 220.60769517165954 125.24693447201935 196.35542211420898 Oyster-Open 0
122.28708718452981 275.95621437402133 87.20932118817655 271.36370513085257 100.17457344345894 172.3488383081681 135.25099974868135 176.94125983370256 Oyster-Closed 0
105.53147139224166 309.8379760933142 60.38725227590476 319.21016712396374 46.174220186276216 250.75455922106912 91.31689499995991 241.38253600000425 Oyster-Closed 0
232.78078378834834 363.9804463977234 187.55714416137562 362.04524486039537 191.88438135900287 260.96965234993286 237.10559213432134 262.90480304559975 Oyster-Closed 0
242.95062284951928 369.7836428456945 225.74139456879857 368.3516476305553 233.81061628789394 271.402518060073 251.01891079919005 272.8344743955095 Oyster-SemiOpen 0
142.29924698133618 300.5087527940659 142.64902462652753 317.38355414909677 125.22382118963287 317.7445925666256 124.87412503138694 300.86987089280524 Oyster-SemiOpen 0
339.80556968627934 319.80615272471647 357.69539142390204 321.97351058484105 352.26366797820447 366.7990524997998 334.3738515111836 364.6317241661865 Oyster-Closed 0
118.73367044751649 346.86817576009463 94.10376805348642 347.5893606771316 92.61274050749489 296.66462205195097 117.24193201030357 295.943447555138 Oyster-Open 0
75.64060657921436 334.3676931773941 105.65338511333539 332.7543598225519 108.27742722182666 381.55865365163197 78.26465072072097 383.17196209027236 Oyster-Closed 0
162.62635679573214 5.678871026178329 160.12030603017774 77.44744412626918 65.68892366447471 74.14976753873512 68.19521100000202 2.3814290000133314 Oyster-Closed 0
338.93411304088295 378.68657900127994 356.6678597827813 381.41826584738493 351.29863483570807 416.26499597939875 333.5648958154088 413.5333429053761 Oyster-Open 0
401.30529616841886 417.2192763467136 388.07036784127195 415.9780310813343 390.8371669508524 386.48651359208355 404.0718189800682 387.72774579224244 Oyster-SemiOpen 0
244.8189060000077 415.9999999999885 244.81919158486562 400.69248975552694 278.29807631628137 400.6929974097788 278.2979749978949 416.0003236005982 Oyster-Closed 0
23.686415961456078 397.95341371788396 29.55704613281705 355.997710840918 96.1794432135357 365.31737853192186 90.30986876740644 407.272124784334 Oyster-Closed 0
169.96534023237837 392.62012927468425 198.06747573621033 392.6100710549492 198.0758496031267 415.9995717755107 169.97371409924745 416.0096299114515 Oyster-Closed 0
346.634218926265 38.62210253854878 394.0456484444767 53.23127979224927 366.80462492946754 141.63586301627134 319.3932389002948 127.02679416617316 Oyster-Open 0
