139.34312579836478 130.53567394698985 108.45938716947057 124.2611709340675 119.13514515815768 71.71587456293739 150.01859494129167 77.99034709579234 Oyster-SemiOpen 0
315.98919183871476 82.99558243571067 337.45794272115745 82.0060946757547 339.4777881737682 125.82958154022408 318.00903760530855 126.81906528881099 Oyster-Open 0
292.78000046014495 21.23323666021132 281.9477774219704 12.380109137350646 299.28270898361734 0 310.11492969423125 0.023126761713105966 Oyster-SemiOpen 0
167.38481893778226 158.0097454228745 136.11413286414245 156.58490495341002 138.56856051224167 102.72451551679667 169.83885921575347 104.14934712904267 Oyster-Closed 0
201.42271773470202 96.69144704112259 252.8234719346401 115.97434739364543 227.44481137616458 183.62175191277052 176.04415240658636 164.33902343408388 Oyster-Closed 0
319.34066609467845 185.54081196877615 294.1209413210927 183.34698742075832 299.7576413087263 118.55404262544133 324.976937189429 120.74784863374447 Oyster-Closed 0
320.09325005682695 142.48547486730905 341.65471039427575 142.26476802425398 342.1612257529305 191.74539080710295 320.5997654332641 191.96609604634483 Oyster-Closed 0
187.67278466233256 212.85535962848826 171.30598233451747 200.32582357159046 190.9491147718254 174.66866681608997 207.3157989088868 187.19813473149364 Oyster-SemiOpen 0
268.30963300001895 0 268.30964306615715 33.109947655094906 230.33227628180248 33.10993901183982 230.33228500002224 6.744763771378571e-13 Oyster-Closed 0
339.54515821687164 221.171234113016 314.765040562761 210.33512999675216 328.1968256770415 179.62177652496501 352.9766868634324 190.45781601821318 Oyster-Open 0
274.9024079779265 34.52848485098216 263.4115782913359 30.103887343285727 276.6108436534123 0 288.10166366909834 0.24958199691693256 Oyster-SemiOpen 0
410.67297510022763 192.75843844412304 425.81923350386205 217.15321132381933 367.6917116912555 253.23977645264173 352.5458253241777 228.8453304463023 Oyster-Closed 0
204.3025980093953 201.8238812659802 235.20878641015224 204.51220470688233 229.24147996801912 273.1086367632458 198.33529654814265 270.42035212030163 Oyster-SemiOpen 0
229.9411269113225 0 229.94113742561603 43.69196021004677 202.25319959453918 43.69194858799155 202.2532111482069 2.0757943402862556e-8 Oyster-Closed 0
157.62421783363607 230.3722676100019 196.178018808856 232.3348358428045 194.25464100039972 270.1147393724058 155.70084116930957 268.15218746418435 Oyster-SemiOpen 0
367.5769958020028 242.06952402257397 355.9475976493595 275.41689335919114 318.80035709840377 262.4635581510096 330.4298950185221 229.11648182247023 Oyster-SemiOpen 0
393.4729951374102 277.80051830555567 383.80534105136394 277.6734692064436 384.2916323299214 240.68093303777144 393.9591240472946 240.8079810734427 Oyster-SemiOpen 0
56.572064187479555 251.44678395584558 67.89067193570736 263.466954371415 49.27211826403436 280.99655527967275 37.95358402363854 268.97645679591744 Oyster-Open 0
366.4745288419799 243.95399645879002 379.4290648824135 248.08300481359447 358.25343367180176 314.51157558412416 345.2989296585838 310.3826382505909 Oyster-SemiOpen 0
225.31900287216922 260.5851709936132 248.81541544064385 254.19842282942196 262.9541580688492 306.2069061192417 239.4577790780677 312.5935681281161 Oyster-Closed 0
262.1954774344631 368.82694176370825 238.20283399744585 358.9843095057575 257.64300914340856 311.60728093479594 281.634997675279 321.44976096086003 Oyster-Closed 0
394.02754841152637 0 394.027574438398 54.80668219232031 354.2603846617203 54.806655704226166 354.26041163659465 0.000008640511950736068 Oyster-Closed 0
333.21451466157305 60.34939483064331 312.3005749307449 60.47880112344845 312.0797240088905 24.78153622304443 332.99360894785787 24.652130097391982 Oyster-Closed 0
202.44444569407278 126.30934452750321 165.97318002262546 121.79859985559943 180.12803913002062 7.354420434010295 216.5988064243138 11.86513349320632 Oyster-Closed 0
351.42625735367255 63.73730499656624 371.0699457227056 66.32541303245652 364.9166374420165 113.02832123158005 345.2729508958728 110.44022263676209 Oyster-Closed 0
379.0512310970007 161.0865142471803 349.2804221634178 151.77696090167817 386.2313685215631 33.6161608228611 416.00161484138516 42.92562154322696 Oyster-SemiOpen 0
