137.12390999998024 0 137.12391279660005 20.38586653839354 107.47268842332414 20.385864115200043 107.47269080546175 2.415089694726458e-7 Oyster-Closed 0
365.35540904927257 130.8834670388584 369.9105684673232 157.88956515608334 332.5427707307281 164.19203770501224 327.98776062993784 137.1860717102132 Oyster-SemiOpen 0
294.0562619937191 179.84779731451002 276.42392134229885 180.71907308574342 272.9884038058117 111.19246049760247 290.6204389533923 110.32119214976207 Oyster-SemiOpen 0
72.36455639224368 129.21059339134126 60.34217595542577 154.412028808749 23.451200614133995 136.81357661693428 35.47360500002105 111.61226499997981 Oyster-Closed 0
158.781443879383 198.00354089126301 92.36988198773179 212.95443057836428 65.02394839951376 91.4857267027077 131.43372620965965 76.53502861073866 Oyster-Closed 0
326.72107352828607 206.2924538365634 307.36169815673566 191.682479154335 334.2510086734219 156.05427529117657 353.6102020295875 170.66414784239802 Oyster-Closed 0
61.470783149859926 155.53975484906704 81.90386772821512 155.53971512629468 81.90395568182066 200.78000248549748 61.47087110346547 200.78004220798903 Oyster-Closed 0
360.55118244309415 244.9731064726603 326.61329198802923 240.06702374562005 337.25071004893107 166.49264711588435 371.18770848651184 171.39866459309857 Oyster-SemiOpen 0
128.0061840512535 157.9373222786758 173.32217514901276 167.4831970296045 157.34936506309532 243.30392610170276 112.03341200769864 233.75818161045888 Oyster-Closed 0
192.65257413607105 281.95206222390914 158.72792019787084 270.2666909655955 197.9182448524407 156.50320606057969 231.84151374771318 168.18832285513906 Oyster-Closed 0
4.069256851202226 174.83146715350793 43.19393312837565 173.92090453211557 44.79375627351692 242.65661313910286 5.669080518371629 243.56716429666125 Oyster-Closed 0
367.13102409857675 284.12540828249615 310.0789628418206 320.22452495769386 236.26995454182543 203.5846839575818 293.3194963230708 167.48661496751657 Oyster-Open 0
33.95674635911564 267.7370586213157 22.54474506166298 262.15190526078584 42.63238568948509 221.11203664705067 54.044197994026035 226.69713501477952 Oyster-SemiOpen 0
358.41940361956586 256.49499231417315 391.54820110730725 251.74236373635915 399.27781131116353 305.6155622452347 366.14902778282703 310.3681270736755 Oyster-Closed 0
153.01731578518593 293.73104933647056 129.4306150254597 291.3942745789899 134.10924741084455 244.1786807389458 157.69542650854055 246.51542960065925 Oyster-Open 0
202.7544867298493 271.0576346485871 260.2769389600071 223.98026004789835 323.60743707184884 301.3521426568856 266.0860594234982 348.42832864482517 Oyster-Closed 0
54.002598127972306 249.55125317440974 77.02916282994192 249.06745554820475 78.02858308486611 296.62930736745994 55.002018578692514 297.1130994456845 Oyster-Closed 0
369.1890311156094 322.4146363832116 350.7967697948734 325.44931245365126 345.8481065685264 295.4612087158883 364.2400679999919 292.4265580000032 Oyster-Closed 0
284.33105851324945 3.9935009326806896 303.5261572505333 2.079832964971673 309.0645344827717 57.63260560301944 289.86943618356963 59.54627062788997 Oyster-Open 0
366.45838379099587 333.50450375462736 379.0872841056189 313.9257567612816 392.6085129537969 322.6457786496658 379.979715825757 342.22443480316673 Oyster-Closed 0
405.6557793299835 362.4423243729319 391.6890635015516 361.0587010608267 397.24014772788723 305.0383829015145 411.20640099999946 306.4219829999979 Oyster-Closed 0
302.9798424683104 295.7453554970397 332.73227914177187 290.9691429392157 344.13688554332475 361.99911535110664 314.3844738162152 366.7752284778869 Oyster-Closed 0
166.3199895963844 281.0141269790777 188.97022796692545 303.1355088092288 136.79621134408808 356.5468610796092 114.14643542392878 334.4259450714869 Oyster-Open 0
47.96539392142222 275.0405566791351 69.69902329750039 288.94643020881676 19.707229828502022 367.0648907036215 0 353.1593825361922 Oyster-SemiOpen 0
302.50696859120944 314.25667888910874 324.236737388077 318.42069768946766 313.2724574140375 375.6257256592972 291.5427092335449 371.46178055697084 Oyster-Closed 0
282.6140772175386 318.616637122729 305.5212242849084 328.36353111458095 275.4189132577303 399.09423056287505 252.51190363311252 389.34757367011656 Oyster-SemiOpen 0
389.47628352045285 344.9846817431351 405.1117579200618 372.4631865007881 369.87283774963 392.5092032423704 354.23778358578784 365.03106178565014 Oyster-Closed 0
165.34236026194048 405.7095924748858 169.97471819373095 352.8634318296928 228.35383511242617 357.97960422232137 223.7226041225549 410.82470758632167 Oyster-Closed 0
239.3379392525312 407.980255003756 238.60273145239626 386.92847673681024 253.41368731885086 386.4113828595897 254.1490003040126 407.46305186757775 Oyster-SemiOpen 0
219.96864795786314 59.09676114812946 196.41316296058358 53.9247747564528 205.63562480881228 11.921913307494531 229.19105236086398 17.093893412065164 Oyster-Open 0
71.4978464195774 3.5274664679021073 94.47112428752735 3.4590545270519657 94.63790593441081 59.46559705695421 71.66462807331845 59.53400889561151 Oyster-Closed 0
87.93758700000762 87.30507700000315 70.66646633183336 79.00294763106342 101.39246104929771 15.083371443863484 118.66350593996685 23.38548123825345 Oyster-SemiOpen 0
291.3693478857858 106.54393538574627 253.91200221591498 118.17709838777154 229.45291629655185 39.42217566184213 266.9099103434455 27.789069483943784 Oyster-Open 0
378.52455788814405 66.61536066544416 389.47398039992186 82.70992805681587 347.5842644323202 111.2077779316356 336.6349147761466 95.11327499259667 Oyster-Closed 0
416.9129877127016 9.481177322392535 414.17707219918157 40.708521974307985 377.44530615397525 37.49032715021676 380.1812429999918 6.263006999982634 Oyster-Closed 0
20.686359341405478 32.37442168917644 45.79651837324491 34.86242325801546 39.01925506436237 103.26145178862615 13.909097204035788 100.77346099168457 Oyster-SemiOpen 0
231.3700936158566 136.91949277956545 203.15523225080688 138.0702461052662 199.6796936402934 52.85081509554556 227.89414281835343 51.700070328577134 Oyster-Open 0
77.36428705672733 114.7334646359197 45.79424736718647 114.82747361107798 45.62809541392198 58.99181695002753 77.19786848305739 58.897808368978325 Oyster-Closed 0
337.2236534938311 153.261972470326 309.5789748139032 154.9914099149481 304.582978030965 75.13025899391756 332.2272192534001 73.40083515177233 Oyster-SemiOpen 0
