343.818058104378 198.54572269627602 307.4044774042268 194.66037273673095 316.7486015157956 107.09491329788605 353.16128172025856 110.98021326006435 Oyster-SemiOpen 0
173.25577626362428 110.09469974023965 208.08803355927375 123.19665739404384 181.02433983275478 195.1440746186733 146.19215337307833 182.04225275404013 Oyster-Closed 0
325.7089599169303 30.56850785377669 321.4726618033019 63.60749122905457 289.50819789855086 59.50894520415621 293.7445319869548 26.470004160751856 Oyster-SemiOpen 0
71.11876317004862 131.79772140149478 99.05124930433522 124.91058035178513 111.62824847347292 175.91776847016274 83.69577986917284 182.80486056070248 Oyster-Closed 0
3.225654754871357 127.21516893025714 63.855301594845514 130.759270720397 59.858524225044675 199.1299440742245 0 195.58587762288772 Oyster-Open 0
174.83891726082948 211.2505672372196 144.9695715681264 220.94008642172767 125.28175529769578 160.25272477513187 155.15050032207364 150.5633132202251 Oyster-Closed 0
105.16081642611971 178.6747044831054 100.68831478823995 201.358759818484 73.7260946866445 196.04298001492626 78.19867307060485 173.35902738959095 Oyster-Closed 0
384.1486782066022 195.46425072382272 402.0312259461716 201.78377645255202 376.8819645693329 272.9427942552318 358.9994651617744 266.6233668468601 Oyster-SemiOpen 0
152.707254842393 183.0935650027076 213.11038037300386 153.99785568640527 258.4510933292986 248.11945515620684 198.04832841612733 277.21459366230494 Oyster-Open 0
48.941336567368126 189.24533372340127 68.22301236263957 203.79822385576492 48.53766661199916 229.87800228560457 29.25606688650805 215.32519968981754 Oyster-Closed 0
285.4036560413806 225.0994185822448 274.65090579279786 277.5302502581907 229.10576355442026 268.1901893645202 239.85890025591652 215.7598832827188 Oyster-SemiOpen 0
201.30247562396835 284.6689826960474 154.3306263804625 304.9197620365854 122.42394624653025 230.91892941048863 169.39426767851546 210.66852888231645 Oyster-Open 0
60.480269023730216 232.1930721542519 80.349979024395 235.5213134737093 73.3730702945395 277.1690708138234 53.503368061821675 273.8408610113182 Oyster-Closed 0
395.8220774058209 278.73825300377405 389.87096083706274 318.4036083252158 351.8728828384519 312.7031576270698 357.82432314821926 273.0381988184287 Oyster-Closed 0
26.398537920271337 302.8053684160123 3.3982350907535874 287.0721802213045 42.660179453723686 229.68324024491784 65.65993965987582 245.41616991555802 Oyster-Closed 0
0 265.76153 2.250722 265.76153 2.250722 277.758085 0 277.758085 Oyster-SemiOpen 0
298.27154619277644 87.24397467794299 251.08021459103475 91.07418355766312 245.4137034320811 21.256185098495987 292.60466524154253 17.425992779199593 Oyster-Open 0
93.42296156039447 74.94715742861855 91.22534769454433 7.439151628024905 135.22088791431815 6.00697712905515 137.4186064857313 73.51486962336435 Oyster-Closed 0
235.5878192921009 292.41668284039866 265.5062276307035 290.38651431428303 270.23840513650794 360.11180448069763 240.32000112135574 362.1419322131521 Oyster-Closed 0
225.19768153155383 286.33778655119056 246.87961834203816 291.88956506287855 227.29375054217235 368.366358732943 205.61186114970042 362.81470709068765 Oyster-Closed 0
308.1505579236982 373.81091305208673 324.61173500572113 339.7919266647228 369.1044159072044 361.31610931041877 352.64387661643195 395.3345513966372 Oyster-SemiOpen 0
139.2785262267971 377.8546340243457 110.51588731163065 379.8063000457608 106.66938404339089 323.12264254059363 135.43100711120496 321.17101134635004 Oyster-Closed 0
78.44351352200101 365.20546854919473 76.50415095830249 350.4267136674381 94.74981487977493 348.03293072537787 96.68924941790101 362.8116000154322 Oyster-SemiOpen 0
295.70040430402514 416.00224205863987 262.49047384750884 415.9997417179426 262.49692004382814 342.1853050597852 295.70522007643376 342.18780533924206 Oyster-Closed 0
290.7198540000136 415.9999999999962 290.7202226583795 388.7446503122112 315.7176262602552 388.74500416297116 315.7174989994637 416.0001122332303 Oyster-SemiOpen 0
365.35781095182756 109.1187891288497 350.84567521727877 106.9165096351056 360.1669026108575 45.49461899993818 374.67891393164973 47.69688869952361 Oyster-SemiOpen 0
69.45737107176319 92.0022608693962 17.042149578453973 96.67241620910292 8.5172065101724 0.9913304593052766 60.931993565835 0 Oyster-Closed 0
332.765516067273 45.91208056461755 362.9320565119415 51.4088990285685 352.3554687256765 109.45264783686926 322.1889344109368 103.95585191092033 Oyster-Closed 0
210.80723374481022 95.4679657365921 199.46169581064532 93.6297357956892 208.16357934911866 39.92259187159793 219.50904537866154 41.76081587796994 Oyster-SemiOpen 0
212.94349400764622 91.09861624363297 197.68378363197917 101.69417436511613 157.69899231854652 44.10854116036701 172.9586129976924 33.513026286276784 Oyster-Open 0
9.530417068206589 19.363519367189323 44.10783863846518 21.384814579156192 38.269734056539164 121.25403465284366 3.6923130000323 119.23275200000133 Oyster-Closed 0
108.52221100020688 22.737190101530487 172.60954502704408 41.873948484154056 141.82463752282274 144.96863653557145 77.73737424214778 125.83203817620287 Oyster-Closed 0
188.7341269137978 73.40673757957785 231.8420822497792 65.02765553740444 249.7036190367835 156.91832121082723 206.5956853336138 165.29732240718678 Oyster-Closed 0
168.8015077595046 82.66068873621603 187.8629228146201 76.49645770798192 208.44673062653237 140.14580333242415 189.3853339083762 146.3099944165568 Oyster-SemiOpen 0
249.80906949839846 85.68789368447578 306.72120815503513 86.79420552389166 305.26609573933456 161.64797818911876 248.35395750782118 160.54167538793993 Oyster-Open 0
163.45538469102394 137.56042368438492 145.62283550327265 132.16199794070846 160.258834815093 83.81657117671652 178.09121786117248 89.2149698044437 Oyster-SemiOpen 0
