100.60158538586256 44.38855050963997 75.46452574629075 37.55418180782504 85.84866501556826 0 110.98568359657293 6.195446118039743 Oyster-Closed 0
299.14962336649114 194.69019337534445 269.9033449553099 198.62895810135615 257.77878669606434 108.60267549901565 287.0243378157902 104.66396161647752 Oyster-SemiOpen 0
348.2184706612825 132.4443634713343 361.28588235994175 155.28210755503608 327.6887727792564 174.50493439953527 314.62149951599713 151.66730980139846 Oyster-SemiOpen 0
48.93037240315607 151.3640238845592 37.73657327105684 179.7931866707606 4.776378157483123 166.8157716195657 15.970231305305788 138.38675029506777 Oyster-Closed 0
147.75277356371953 220.27165472553406 77.0976271360887 242.4432817789817 35.86227611695722 111.04102709463248 106.51494062913844 88.86980630584931 Oyster-Closed 0
327.60336643045594 164.70426261143535 343.9062544182889 177.0817708983733 317.5654672875644 211.77400927523172 301.26265746935314 199.396590370523 Oyster-Closed 0
347.71347279366455 168.9742348953006 370.0068427483893 183.4386582583588 343.8823528327048 223.7004075909539 321.5890788078141 209.23610398822694 Oyster-Open 0
147.56075075755143 265.976763695865 99.9520832834678 260.20319784546064 110.0081934617483 177.29601977914427 157.61529032230828 183.0694878354525 Oyster-Closed 0
43.43265459397662 178.57806024817188 63.40576520407194 179.7825840471794 57.88889311463936 271.2545505479673 37.91578459081211 270.05004853527026 Oyster-Closed 0
304.4199294331629 243.45381001723555 279.87239820424657 267.59213977660596 242.93191407771155 230.02880803542297 267.47917137522745 205.89074084785642 Oyster-Open 0
0 191.719703 29.818146 191.719703 29.818146 272.885683 0 272.885683 Oyster-SemiOpen 0
269.994343283779 10.486580723316386 284.7935899418262 8.45895971624479 291.3827336278773 56.55188189503422 276.5834876104709 58.57950003698962 Oyster-Open 0
179.40760989935734 175.15823126202258 217.06613896443378 181.34364457747256 197.21143520220357 302.21360937923924 159.55294642679291 296.02835523584093 Oyster-Open 0
17.47977081769568 297.94057904321784 7.304590447831288 291.9234930813417 31.582115214896476 250.87482882712823 41.757111874794646 256.89184502563 Oyster-SemiOpen 0
120.32284687612628 273.3575876587191 147.5252698379445 269.71813591487944 154.6176727273596 322.7211601146609 127.41526025642452 326.3605608508621 Oyster-Open 0
311.8163351176554 298.2000326827177 331.27761721038405 295.83812146336595 335.5581353949674 331.1020705101636 316.09685751114375 333.4639584953528 Oyster-SemiOpen 0
373.57430898148596 328.33049490625183 353.56368292759 337.9751736949265 340.4495902371564 310.77087942935515 360.45992853924326 301.1262826350307 Oyster-Closed 0
201.3526770843564 312.5226930064136 244.7637313875057 250.53694383555586 322.4733666845168 304.95183257484825 279.0641111098339 366.9359659011662 Oyster-Closed 0
375.145651632869 347.22316792063117 372.07425807004984 326.5691716104001 387.48828199849595 324.27746494576144 390.55975344249237 344.9313659417224 Oyster-Closed 0
0 315.759241 13.872732 315.759241 13.872732 360.517869 0 360.517869 Oyster-Closed 0
137.29680434178954 394.39712178842836 110.6597568073048 378.1834421578012 152.72457137018864 309.09280759818716 179.3605966354953 325.30608276649656 Oyster-Open 0
337.20031007181024 325.74391549744496 356.8197143006255 367.18336042771233 305.51250368140245 391.46821251761617 285.89396904561 350.0295070467578 Oyster-Closed 0
35.50886704852746 309.85617252868474 61.61091674227646 325.29038225032764 15.960387180162797 402.47643249922146 0 387.0426562514689 Oyster-SemiOpen 0
284.298101809356 351.32373338131833 312.2258299822315 361.71636891424293 289.22990595002557 423.49630475881247 261.3022977468572 413.1039030432315 Oyster-SemiOpen 0
152.45606616660734 371.49201679569154 166.59050042026865 373.41398615394996 162.0429110600271 406.84881074581534 147.90848124161857 404.9268636482701 Oyster-SemiOpen 0
100.53150788628045 415.9999908473018 100.53188524707002 386.5879516204575 130.9936116439858 386.5883547868691 130.9935509039933 416.0000765792196 Oyster-SemiOpen 0
194.72376230542795 79.92649344551916 168.23423271304273 70.1098883761085 187.340888638686 18.552165622826653 213.8302990495613 28.368745768495558 Oyster-SemiOpen 0
46.03847393426258 31.329051027940398 68.24849700075356 37.3018342747097 58.07466154840222 75.13345588645656 35.86464258208798 69.16068354173471 Oyster-Closed 0
68.85832915499486 4.8033241206124355 68.52812513812023 23.722988761226716 33.3920660672411 23.109749495249197 33.72227799999746 4.1900929999822845 Oyster-Closed 0
406.04378620603893 14.179326463146012 405.2118760486701 38.00283167261598 359.49312200598797 36.406311243054006 360.32505499998297 12.582828000000452 Oyster-Closed 0
365.3150809673716 34.183255562234265 396.06005044908306 56.787734980033214 347.6418279928221 122.6419241555137 316.89696657462264 100.03756773056983 Oyster-SemiOpen 0
61.029882229726354 106.56184833437288 44.150618061794376 98.49208603972647 73.75772447760392 36.564638568892185 90.63687581273552 44.634370227414514 Oyster-SemiOpen 0
210.77162220438186 39.19904279933721 249.45037951815175 27.47862040617112 277.6209097126193 120.44383579099586 238.94218199426905 132.16417680361477 Oyster-Open 0
216.66827590087632 150.26608810247203 189.06114497312592 150.36268592548063 188.74618412380732 60.282776622286306 216.3528226700655 60.18617969752278 Oyster-Open 0
26.652071248470747 135.66019001721068 13.18615295624113 82.75064557113681 43.427212786875316 75.05423085223404 56.89323061560572 127.9636189947233 Oyster-Closed 0
325.3438631985591 160.91033192283902 293.8432874532082 163.86141663527235 286.56610072436524 86.18225073328182 318.0661357270801 83.23119180345256 Oyster-SemiOpen 0
