173.52400407660025 166.8167560431595 156.60777868262085 168.11141933280896 153.55964746264362 128.28450472837588 170.4757003953273 126.98984800810614 Oyster-Open 0
98.26133268896228 199.2192326201748 72.97776769899065 203.06740535967188 61.811937518672494 129.7069387287647 87.09497152705444 125.8588069612028 Oyster-Closed 0
136.20882255851757 4.904896811982562 142.09277565095908 46.71101508215688 70.87429437946048 56.734455972766135 64.99043199997686 14.928423000022605 Oyster-Open 0
128.73319411883494 162.49963840675576 142.72294401484032 144.97071872759744 172.27620156619014 168.55597028104665 158.2865563731466 186.08479325397192 Oyster-Open 0
52.0557291267869 232.58955737820432 25.15490603982471 228.95369944341124 34.51007373822722 159.74534209314692 61.410243015081505 163.38115458053642 Oyster-SemiOpen 0
102.22327059808231 155.68519388667434 139.70719262905914 149.71133322712896 155.67249314361834 249.88170525608695 118.18859716959196 255.85545732058674 Oyster-Closed 0
186.86939205846284 217.9652824054913 133.88228137669284 205.13153609570026 140.08441979782583 179.52737662356654 193.07105803940794 192.36106283518384 Oyster-Open 0
230.35093743838297 204.7774886283549 264.07954930467895 193.6721787781304 278.0924127618673 236.22815520991017 244.3638451613624 247.33336920986824 Oyster-SemiOpen 0
173.37184868885015 293.4756800020697 155.24832178891302 288.41410373865307 163.95583565862398 257.24076812061423 182.0790908056042 262.3023038842667 Oyster-SemiOpen 0
315.6993211524932 312.8861888339362 297.34670719763017 318.86144070977844 260.42829743852053 205.4817798763322 278.7800201585633 199.5066816578235 Oyster-SemiOpen 0
223.06363898146446 238.51142318713062 247.68617424082186 217.47794879624297 303.1501545607498 282.3989058359299 278.5280080002376 303.4319655382033 Oyster-SemiOpen 0
47.07480868761559 332.4231372572879 39.584052340385824 297.9721897534435 89.609063998294 287.09679380228187 97.10016408477895 321.54726454308536 Oyster-SemiOpen 0
377.6288600000189 0 377.6288772604785 38.27557049285313 326.70423491762267 38.275554603881275 326.70425099999557 6.049613788811201e-12 Oyster-Open 0
165.72090326338366 325.53882480735854 147.2910126165043 334.28690706512816 127.37911964209343 292.34454826694827 145.80861177275438 283.5965775412248 Oyster-Open 0
376.90788643788255 256.13562657813407 397.7526963262135 254.98504888863687 400.9503865603001 312.90917563325326 380.10557814479034 314.059736581597 Oyster-SemiOpen 0
251.58443758294743 273.6507630770427 286.85911563974514 291.2932976009818 249.2818484283016 366.4121430998594 214.00744304479667 348.77002667558617 Oyster-Closed 0
162.98949607782924 365.27698868262775 135.5261493754042 374.8473253508116 117.75454227018781 323.85891739527517 145.21706300786173 314.28873820579105 Oyster-Closed 0
45.25722881883485 419.41409714579595 17.11528207282754 407.659412861123 53.01420760877954 321.73772163734577 81.15466908818053 333.49205543132894 Oyster-SemiOpen 0
382.4038110472793 315.0393854476991 398.6773450300934 314.01810858722354 401.2214504448493 354.5494144416187 384.94791766149865 355.57067909075005 Oyster-Open 0
154.84613633701883 359.9909605528433 180.74655816455197 354.85412707015365 190.29783125458198 403.00074360181446 164.39743391545562 408.1374925527539 Oyster-Closed 0
256.72982189110553 402.20043926435835 229.01593287163996 403.9069468055352 226.02346420397225 355.31428338278755 253.73645875665898 353.6078034063623 Oyster-Closed 0
118.72744337990662 369.17889453059547 148.3936845137614 363.9536025382136 157.04464739438117 413.05619142052313 127.37842952303254 418.28139397899565 Oyster-Closed 0
350.20582014584215 354.9860375327962 365.3534152075663 350.916081864322 376.2359176534701 391.4090680871143 361.08834443028536 395.47896772380966 Oyster-SemiOpen 0
342.725230777487 396.41288557882285 317.62748444579483 402.49839151627907 306.61555197215057 357.0932808615472 331.7125534869883 351.0078692764125 Oyster-SemiOpen 0
195.1322734757632 84.78456457558565 183.12091146353123 134.7183977058447 157.90779588314035 128.65353084808044 169.91923976615362 78.7198156402314 Oyster-Closed 0
