6.8532462859366206 165.00581346140658 17.515720634481113 150.82125431002285 35.84952975537453 164.60207453928788 25.187107086101605 178.78658666299435 Oyster-Open 0
357.38482594564994 136.47074104328698 377.31820090558904 135.05725236028434 380.429907990605 178.93753946248802 360.49653403329285 180.35101948803123 Oyster-SemiOpen 0
183.95490920340308 153.19554712831223 204.0652525647347 140.98321048512656 229.27416274008647 182.49345165015467 209.16388657963762 194.70570069498322 Oyster-SemiOpen 0
262.9870444341577 149.11152987290347 275.56980124493566 147.05447294918548 283.5923740886683 196.1251493718632 271.00962091203473 198.18219080035848 Oyster-SemiOpen 0
129.12369758061686 158.4323580823761 174.4172345640509 135.684453037917 211.70384921527875 209.9222908599642 166.410516478496 232.66988578626345 Oyster-SemiOpen 0
133.21671906295887 176.0439649001488 148.38186961310203 178.22116240563008 143.49939171439837 212.22761491273022 128.3342439504704 210.05043020048015 Oyster-SemiOpen 0
39.77853656793013 140.14309770832875 112.83037476464233 156.815029303553 82.67159946061292 288.9528250802601 9.619881706592423 272.28131203881753 Oyster-Open 0
163.52243624934272 236.46007388195568 194.33062837345278 226.1796184120883 219.32053518145767 301.0599247754512 188.51243511647408 311.3401873941774 Oyster-Closed 0
366.92489519831724 27.803885712180353 365.37841885379385 48.21281492636132 330.25896981856204 45.551632189273064 331.8054675090134 25.14272655878652 Oyster-Closed 0
247.24868508027794 341.109348017366 217.1874641808172 346.2791958701187 202.88540976315198 263.12684980112317 232.94531968019146 257.95711669104935 Oyster-Closed 0
305.6377006843795 324.8274122876993 270.921988518563 334.48725381893786 256.16252652603 281.45135279939745 290.8772758655359 271.79165297200717 Oyster-Closed 0
164.70993483683924 408.55421434520815 121.76442141244479 410.16535603384096 116.95144009533033 281.8605227186288 159.89366808257182 280.2494419561654 Oyster-SemiOpen 0
281.67910168871094 378.2185956591999 237.1510660367785 374.72959749683196 242.03004225255063 312.4871677604996 286.55639095743027 315.9760993987246 Oyster-Open 0
174.82789140606837 312.36491121898274 208.4158763579253 317.8220159185365 195.30980122641995 398.4715259307964 161.7218504990451 393.0145608892488 Oyster-Open 0
310.0933520000144 415.9999999999817 310.0937533288379 379.9568765367664 330.0188287286255 379.9571833288025 330.0186799997937 416.00005257776974 Oyster-Closed 0
35.30141636641929 415.99999550067196 35.30147100868999 409.1498495180491 51.621388044211926 409.14996120563814 51.6213739998675 416.00006649098196 Oyster-SemiOpen 0
372.74770704678303 73.15233143396156 356.1100125500343 69.33123991009916 366.1569852396133 25.58536526206561 382.79461852376335 29.406449549118133 Oyster-Closed 0
226.68027151832575 56.87058715924321 257.579436435557 42.91445559523964 273.94002599941814 79.13691430670902 243.04088067011253 93.09301295741608 Oyster-Closed 0
385.9058784927729 92.59636755833418 376.4163993505317 91.6564936988242 379.58400831202744 59.67525932196803 389.07344499996907 60.61513099999871 Oyster-SemiOpen 0
371.858895793157 70.88245347773697 377.58899138067136 69.79094606032149 380.67410039784954 85.98670188148003 374.9440051552483 87.0782080521011 Oyster-SemiOpen 0
100.09428099053184 55.26917460528978 149.49823640211616 34.01724088042315 193.31755521045125 135.8820770517742 143.91371710981548 157.1338180724255 Oyster-Closed 0
351.129706080028 65.20951498825016 368.5352751625178 62.12639907790492 376.7755763424466 108.64604928389976 359.3700098635236 111.72915409944713 Oyster-Open 0
196.02168285756852 131.07943093752723 160.03998591690106 119.68787987605785 179.96318812798927 56.75970370301876 215.9445283312889 68.15119437343719 Oyster-SemiOpen 0
2.6685129999641504 91.71084600000052 10.919542077710503 91.47077141371246 12.128726477891178 133.0279044423547 3.8776974407701346 133.26797803931697 Oyster-SemiOpen 0
198.20871242173962 73.68320366531525 244.05338203391875 72.53780362188972 246.21775686293404 159.16523444639927 200.37308769782248 160.31062433087232 Oyster-Closed 0
190.64803837030195 14.79600839283059 207.7308106702294 14.822603616280306 207.6965651457067 36.819333654702895 190.61379284639406 36.79273844432132 Oyster-Closed 0
278.8970657039572 141.57369519452894 252.75948027131017 148.17626553487563 239.96529494752394 97.52882958567608 266.1026022785518 90.92629640771422 Oyster-Closed 0
366.1039094578591 110.22755835848558 375.1521571805424 104.24225967970696 389.62670115738 126.12357102912246 380.5784663119739 132.10885338869986 Oyster-Closed 0
