317.0145869101616 115.86661813909204 337.13140538489824 114.82966410778903 339.1450991202473 153.89398491426155 319.02828111310373 154.93093411706832 Oyster-Open 0
273.7984489213741 93.53247709808595 303.2857951498336 95.98303046959751 296.2229066750151 180.96782593207882 266.73556386627024 178.51729766936492 Oyster-Open 0
262.62149798065366 171.7653766014342 232.52260996963378 172.3092148506731 231.54287427386225 118.07566645964079 261.64134575699063 117.531831975129 Oyster-Open 0
388.5962358014949 205.6969411036192 360.18957181831865 188.49935215109923 385.44505835366 146.78554204138453 413.8513960547825 163.98300297944903 Oyster-Closed 0
222.9230381393936 251.33799778483134 197.70037613915338 257.9067893310582 181.84637817876137 197.03549997239935 207.06842717519612 190.46679368251532 Oyster-Closed 0
192.3167794390647 253.7099945398758 161.7527562497089 249.6999323294826 169.39710301296873 191.4440387651265 199.96043902606834 195.45405562928335 Oyster-Closed 0
60.84193196302658 213.99728217955834 96.66234938147682 203.4779295589448 120.51211237879761 284.6828801341803 84.69177565081918 295.2020373081197 Oyster-SemiOpen 0
38.665011593224335 300.969042559936 8.973093734624854 233.21022840248497 58.993246468668076 211.293957621178 88.68542013642218 279.0519556830582 Oyster-SemiOpen 0
311.2106944032312 303.4327612420826 291.2252573896112 303.7977254909276 290.2880190467549 252.46652718594933 310.27294256322784 252.1015676974296 Oyster-Closed 0
199.99902274808483 73.62244160611104 165.5767028958944 78.75886991958663 155.76873402822093 13.029429012930947 190.19087741570183 7.893014305459888 Oyster-Closed 0
73.61567590236155 19.118599346823782 82.56746607360765 54.463999980983985 7.902398186524806 73.37389890143697 0 38.02860908095687 Oyster-Open 0
285.25794521580974 367.6138195389135 264.86673500683173 366.27217611983644 270.27292054962163 284.1303605880629 290.6631742103891 285.47197250109775 Oyster-SemiOpen 0
55.6814590686954 319.0115082504143 77.9474911237703 305.31000008399735 121.06674673578163 375.36825362421735 98.80097879534878 389.0694183923315 Oyster-Open 0
83.04939399999057 415.9999999999929 83.04941989434519 411.3814886390188 92.61004180125383 411.38153403098084 92.61003199991319 416.00002929839 Oyster-SemiOpen 0
109.42630019901844 38.28726602159347 124.1612614529804 34.45308683544663 136.60384616370357 82.27035676864634 121.86888857193117 86.10452555762718 Oyster-Open 0
220.95874268641273 127.16283568791195 173.54996717610265 132.88560143280725 164.33514741383624 56.54680306958717 211.7432818639063 50.82407877001418 Oyster-Closed 0
349.094802440326 58.396502868935805 368.926674990631 58.12980534139142 369.84537591838307 126.44435614484644 350.01350337834083 126.71105217631877 Oyster-Closed 0
117.10854833493067 90.41122675936404 153.56693964816077 68.8291598151368 187.21889826141705 125.67618237167802 150.76060397201945 147.25811579786742 Oyster-Open 0
