416.00064111491156 199.65720900000002 348.61885007101955 199.65720900000002 348.61983339641665 102.40652300000005 415.9999084504161 102.406523 Oyster-Closed 0
160.6940031940685 155.4778174696396 174.50008192173118 161.6003695816288 163.2396832675222 186.9907627399763 149.4336198544188 180.86823618118916 Oyster-SemiOpen 0
99.07206506311923 206.53459765813892 68.3557981985141 207.40517625440685 66.21694199472768 131.93176236652306 96.93249944064883 131.0611940080411 Oyster-Closed 0
315.04811062029694 214.77828938376828 281.73264494069736 222.16078771727217 272.6847619039436 181.3317556131598 305.99974899999506 173.9493129999995 Oyster-Closed 0
39.66309266197277 170.73018016372163 64.39841335769597 176.67775494060322 46.87669661124528 249.54333486677976 22.141404967584094 243.59584254440045 Oyster-Open 0
195.28860543262272 226.07457367591363 178.05868350551464 252.75110868926447 120.0400491355249 215.28062168488677 137.269917061476 188.60444053225166 Oyster-Open 0
142.21703306520794 269.0115359128456 106.94339484749071 267.9347945615085 110.00819682163637 167.56155143209682 145.280500730958 168.63827266876643 Oyster-Closed 0
129.1119947339248 304.9192058258039 84.88272979881367 318.7869608336432 63.81729787994482 251.6088946955836 108.04510799998025 237.74138800000182 Oyster-Closed 0
260.7071362769202 342.9665102030934 215.53648557819542 345.51021299827727 209.8524736217114 244.5704463981982 255.02085135050584 242.02680620256706 Oyster-Closed 0
271.384275829987 347.6437591872762 254.1423595761189 347.9239642214672 252.55490923253092 250.2352601120279 269.7959454109114 249.95506219717953 Oyster-SemiOpen 0
164.3843295548504 290.60231048281736 166.79995325297568 307.3601002351772 149.40553117819582 309.8670081570681 146.98999394633574 293.1092958854312 Oyster-SemiOpen 0
362.6393915900808 285.5272210244414 380.6154711066556 285.9046884563777 379.65880865397776 331.4563425010194 361.6827292730886 331.07887973141476 Oyster-Closed 0
145.77070283315334 340.09898510637834 121.30299110114356 343.2486975606172 114.76615141424554 292.47543523476105 139.23317382532332 289.32576771838546 Oyster-Open 0
101.61473434424624 332.08181245579294 131.37478636989908 327.5104275318867 138.8188412600357 375.96146824750815 109.05880516990874 380.53278313017626 Oyster-Closed 0
151.90295399995375 0 151.90305415642797 68.21124518629094 61.03875274998791 68.21115607609593 61.03884600001766 0 Oyster-Closed 0
367.6028377285038 344.6567605614483 385.4677567250328 345.60395127321124 383.59462105018247 380.92504302546257 365.7297029209258 379.9778630366262 Oyster-Open 0
274.0282619999998 403.29081700001564 272.67019496665307 377.3731634573129 313.0588644759191 375.2572037624725 314.4172706148711 401.1745018524902 Oyster-Closed 0
56.39602714949069 402.4151339128036 57.140820954180526 359.76874804943895 124.28655418838753 360.94096665191717 123.54273988185014 403.5863808535436 Oyster-Closed 0
201.08329847261484 378.559337677044 229.06137859876617 375.7753634199827 231.99124054647837 405.2117994102035 204.01316461414535 407.99574527579256 Oyster-Closed 0
352.8471889999855 399.16009199998973 352.58810233638724 394.2165993825207 376.0130192881952 392.98916349941953 376.2721441077556 397.9326157532479 Oyster-SemiOpen 0
341.66222589404424 3.489504946157908 390.031706329657 13.148224104412918 371.696667936656 104.96703998680424 323.32719795811136 95.30836505329994 Oyster-Open 0
