130.98110902867847 206.60819201966572 68.30055906479174 189.88339413500435 85.14238405577635 126.76959375958748 147.82181794494318 143.49423685588718 Oyster-SemiOpen 0
219.75271121998958 139.20097600607525 241.61925989984593 136.0834888621688 250.02903035741838 195.06832685614384 228.1624871589047 198.1857868327606 Oyster-Closed 0
5.069856999991316 145.18172100000083 20.335800293785724 144.6486529461886 22.385185594612267 203.3358812945354 7.119242519504041 203.86894461039242 Oyster-SemiOpen 0
109.03985799998918 134.85876200000402 144.83932933006872 126.47572218459317 165.17828513218774 213.3284980444649 129.37885140553772 221.71142389372852 Oyster-SemiOpen 0
242.8737130228692 146.55137483137207 270.9207209752858 145.0479945111303 274.1181751754266 204.69662491053202 246.07116810570005 206.1999914081463 Oyster-Closed 0
30.20803321805579 216.56234987680784 18.79407003569213 157.8363350239909 56.42991868005993 150.5219124030272 67.844153576174 209.24756740613358 Oyster-Closed 0
263.6174897868841 194.70031916146394 281.8459824732672 187.38097233724332 295.43535721942317 221.22222926248193 277.20689123630655 228.54152715394895 Oyster-Open 0
259.44585866685156 53.435646358502595 226.64108208812831 63.549284293384574 211.07621065491185 13.06280474086498 243.88088806186352 2.9491838579041265 Oyster-Closed 0
357.7435085232464 275.0416844387549 338.5312011706701 277.0476558989158 333.17004867190553 225.70419980705566 352.38191921292673 223.69825143810536 Oyster-SemiOpen 0
36.09228200576035 22.85176137925065 47.31376589881256 18.260639683102507 60.935887805360835 51.55536267289495 49.71440684882327 56.146478953325456 Oyster-SemiOpen 0
287.3568976748211 246.83509549001081 308.1154657782281 239.702865536256 321.9144950276059 279.86071519195826 301.1559606013034 286.9928752267502 Oyster-SemiOpen 0
108.78250748140272 233.32088847214303 130.47848486217845 222.96830598993097 164.51440639913926 294.28949260631236 142.8185501229309 304.6418845656315 Oyster-SemiOpen 0
329.04593826448763 320.3533927408665 310.20917983992695 318.7242944590559 316.5906065892814 244.95345581717777 335.42668003381186 246.58252445261851 Oyster-Open 0
74.28559153831156 310.472826811054 69.54600776445295 272.26374376593134 118.76924383704318 266.1587062820852 123.50923619193418 304.3673117231273 Oyster-Closed 0
178.4841314172554 352.0956130614494 150.35282056744836 358.1830631628344 133.66934370433592 281.0973300927623 161.79944071482896 275.0100173536808 Oyster-Closed 0
121.63559874386192 342.1098411035557 132.25887894636253 349.82499912228354 117.86064417206944 369.6459993517966 107.23741439461082 361.9309005440297 Oyster-SemiOpen 0
236.23342917970876 332.6705607489079 269.17200121747373 328.43076536634544 276.60784967130894 386.18662851173235 243.66929259368408 390.4263457583795 Oyster-Closed 0
142.96731500001988 416.0000000000105 142.96862779738512 372.388154407643 200.86770461566266 372.3897021136781 200.86726690954674 416.0006764249732 Oyster-Closed 0
196.07192827316976 415.9999973617755 196.07216480961142 400.7439908375103 225.3266610035207 400.74438971239783 225.32658499886384 416.0002352624031 Oyster-Closed 0
356.8293883306251 135.6377053943168 338.25742289283517 136.73520609828714 333.05527730309404 48.70319396689504 351.62695803999304 47.605702079712245 Oyster-Open 0
317.4264940563735 53.07410915209648 352.14414414521525 68.30026992137826 325.6175267211511 128.78358425473013 290.8999277627845 113.55750434242368 Oyster-Open 0
309.8399431238322 160.5133619378782 270.7511208492433 164.8666500870732 257.08497090932724 42.15526946627101 296.17284600000494 37.802038000000586 Oyster-SemiOpen 0
16.163857646868564 44.87113137214793 77.23055434922207 38.49450477415907 91.11175074393032 171.4277844124247 30.045069425374095 177.8043304615872 Oyster-Closed 0
