278.1570704472542 183.90576776784542 251.31523058518724 181.79911331676138 256.9727865123532 109.72025648967674 283.8141115639264 111.82689023670639 Oyster-SemiOpen 0
308.6915302546113 127.89564572655533 341.18208720768234 129.31813080125835 338.2108167430488 197.18118403951505 305.72026043024016 195.75871268946034 Oyster-Closed 0
92.24907054194773 248.329624307558 35.795141606296966 271.3419566263963 1.6689805729329237 187.62897742614743 58.121166852077295 164.61704734287932 Oyster-SemiOpen 0
0 144.403503 20.547997 144.403503 20.547997 302.877301 0 302.877301 Oyster-Closed 0
222.33030096729271 183.75816964902248 238.49786574429527 180.2117752450954 254.19447015713376 251.7651079549216 238.02692173732794 255.31145240422995 Oyster-SemiOpen 0
90.33414884897138 170.4864218334797 142.6148775835718 159.2508177787128 169.72392567572024 285.3829515029722 117.44328792771921 296.61826649593837 Oyster-SemiOpen 0
363.48908950802434 242.15549093416783 345.488978262616 263.09897958002045 325.433425716652 245.86370938682074 343.43345900001077 224.92033899998933 Oyster-Closed 0
173.53737345208356 16.385145892732446 173.88436009174984 76.01047243349369 121.9946211801689 76.3123260959136 121.64775899999222 16.687124999978536 Oyster-Open 0
72.09558646383084 16.975228111279794 72.49082182520215 84.88192535536626 0.2141571117208514 85.3023679031701 0 17.395904410999083 Oyster-Closed 0
108.42818733531385 281.5669705555877 163.67398227069498 256.54812956163516 198.89698187183967 334.31459645768285 143.65154286217148 359.33285333205663 Oyster-Closed 0
238.96516505253385 337.05425699835615 221.1291153646198 327.70172193144765 243.56291424158553 284.9265579305503 261.39857519693396 294.2789686782029 Oyster-Closed 0
262.10908242595906 320.4946743041289 271.00934250740465 330.3852426286613 242.34499007755585 356.1742106037867 233.4448482665539 346.2837557894032 Oyster-SemiOpen 0
370.5505643659453 30.798748657189197 395.1226649404525 28.008322247817915 401.32903241570966 82.66047168338649 376.7569333610809 85.45089038631541 Oyster-SemiOpen 0
128.7548147339512 98.92880431007507 60.701554109684366 102.51448580863152 56.199752999997145 17.067889999999057 124.25242006139524 13.482224130075206 Oyster-SemiOpen 0
222.6576345389949 382.6135413042219 240.65099289319915 391.5137244251687 224.13213772400195 424.90006548343877 206.13885600000867 416.00000000000284 Oyster-Closed 0
175.01924904733096 78.3753671450404 166.81290433499817 74.37958676833064 184.82568580883526 37.38606844022141 193.03200222050873 41.3818407229301 Oyster-SemiOpen 0
116.7609906298785 45.82362352977318 143.2383611193436 37.08133035354645 159.57781586586862 86.56757271685797 133.10045939062184 95.30983898348735 Oyster-SemiOpen 0
361.51415893096055 144.68694447287933 319.2026130226768 136.7517115454088 340.1967627435333 24.812576104732067 382.5075769633222 32.74773676010122 Oyster-Open 0
222.12581491718083 62.793945360538984 248.66223575420008 62.812660628324245 248.633056551942 104.1854666707846 222.09663571430792 104.16675145997044 Oyster-SemiOpen 0
263.85309190862245 72.47909212782737 280.94899141192946 90.12464801278122 262.4067639705754 108.08899370742863 245.31090133022008 90.44347415600188 Oyster-Closed 0
0 73.289274 67.221092 73.289274 67.221092 169.987928 0 169.987928 Oyster-Closed 0
169.2958109238716 192.12323837871455 103.97358295466256 157.94570226665132 160.84830089086972 49.24845641033684 226.16904511136454 83.42550812867717 Oyster-Closed 0
