264.42764599143266 151.2146605774596 230.64294154811068 186.69053479946606 155.26045697009977 114.90330652849262 189.0447828819706 79.42785548180213 Oyster-Open 0
261.1752620000043 0 261.17527230081396 34.935600857748426 221.90965271688037 34.9355903749385 221.90966300000218 0 Oyster-Closed 0
79.44019827569355 164.77804551759334 49.15300565106736 220.34210919159742 19.18900657634731 204.00990883256839 49.47622158845115 148.44614874407532 Oyster-Closed 0
4.426204911069362 149.70385260100494 34.29610107373446 151.61089895749498 29.125071693008067 232.59955008133363 0 230.69252960923282 Oyster-Closed 0
370.23927599999297 0 370.2392877244856 39.11764992853069 338.5878412976963 39.11764006693784 338.5878504450593 3.330976168526894e-7 Oyster-Closed 0
200.5635292953957 194.64269547718163 220.13902535272064 167.67368345034276 265.1259488475116 200.32546837221201 245.55074547780532 227.29421749568357 Oyster-SemiOpen 0
354.22201620475244 260.5914803676158 318.3065166119486 258.98088507270455 322.44410859642085 166.73657295116973 358.35835370341374 168.3471399408903 Oyster-Closed 0
143.12679363282587 173.02593149441293 171.32259832690397 177.7802522275737 157.92073560558856 257.25474533749554 129.7249490660106 252.5004977008232 Oyster-Closed 0
304.4470761621669 271.2456609627879 280.04217505137785 266.6428097734174 298.25425350697697 170.0921749752043 322.6582296962879 174.69493548511218 Oyster-Closed 0
362.39227850950556 215.2454409587485 415.15392637075274 217.91310559321263 407.169992491843 375.79950009974 354.40835251725 373.13194478003504 Oyster-Closed 0
0.43536559243511874 401.9408918291929 1.7073849999942468 293.4745410000002 114.27186291708131 294.7937924345413 113.00362870059689 403.25649219385923 Oyster-Closed 0
96.75287872428089 5.068564078618916 129.23709460505052 0.09596133656645014 139.86082862332842 69.49685075957447 107.37661405122344 74.46944193461549 Oyster-Closed 0
338.5726950301105 119.8583023499884 256.61745318585236 121.08112045129658 254.81374683136164 0.15791431603616687 336.76786369482943 0 Oyster-Open 0
13.984763272368582 0 85.6525366501628 4.574029755436656 79.78712911382536 96.43807749412161 8.119356296934711 91.86221073800235 Oyster-SemiOpen 0
348.837361393842 22.755600092220952 424.6797812046607 39.681651833128605 402.1289373424479 140.7266312639777 326.28656238338954 123.80070618959601 Oyster-SemiOpen 0
296.36005671193925 136.29389174323012 231.4172751800179 167.16125774306846 178.46994162864212 55.76468476782426 243.41169608364726 24.89759096343069 Oyster-Open 0
