299.8397978591747 140.41907047696873 273.02722086106587 139.30486778972278 276.03825467456045 66.85275400507261 302.8504617902472 67.96694877928144 Oyster-SemiOpen 0
326.7973381366792 79.36244689959378 359.2519165917802 77.38132719112268 363.38201164721613 145.03901451097826 330.9274347931496 147.0201210630425 Oyster-Closed 0
124.68694023570424 227.1699407724519 70.63065959710366 256.45300933884215 27.823007392089494 177.4351687713106 81.87787660495815 148.15257379802372 Oyster-SemiOpen 0
2.689605192270392 125.77410491593253 40.726768738331884 121.54761225788008 60.12188701804189 296.0859176821033 22.084746498869208 300.31226883345164 Oyster-Closed 0
246.8523550021746 145.9988100941383 262.6370864796554 140.72280482283998 285.7258869718862 209.7962918133654 269.94118443835396 215.07223664375852 Oyster-SemiOpen 0
114.20778002921725 149.07471778602 165.27217202065003 132.25041780706664 205.5004261779286 254.34226537220803 154.4362127631066 271.1661838490416 Oyster-SemiOpen 0
393.09783713374054 186.00730593198935 377.5785703251531 209.18911716344186 355.92021596049744 194.690581750805 371.43946199999846 171.5088710000159 Oyster-Closed 0
183.35779953909514 0 183.35782103929523 47.38438314192043 131.38073924674973 47.38435517453311 131.3807669999842 8.476178226100272e-12 Oyster-Open 0
79.10397517784804 0.06308184589889919 88.12462550333657 67.15652546473393 12.61216257083288 77.30888442091064 3.591703481066361 10.215610669018108 Oyster-Closed 0
143.64821316613234 257.0734127925896 196.2763855488338 225.85697152648996 239.6277473370901 298.93462252394505 187.00006227852646 330.150408542759 Oyster-Closed 0
279.3868309681129 296.1304966868925 260.8198342853975 288.8297229480122 278.6096935254318 243.59392764070097 297.1763054822113 250.89461652110515 Oyster-Closed 0
300.6711992362834 276.6760351626153 310.5285958100685 285.36310041722317 284.7654289851853 314.59255268530035 274.9081156085813 305.9055754434336 Oyster-SemiOpen 0
404.94377999998324 0 404.94378276486896 27.404027141709022 384.49274910520035 27.404023471173936 384.49275299998044 1.9546893933604406e-11 Oyster-SemiOpen 0
145.2386089771644 74.59709079271184 77.80131850241014 85.32262157625799 64.55257099999653 2.019567000003255 131.9895198050217 0 Oyster-SemiOpen 0
270.15651589023764 400.2753920162759 250.1828485444712 394.29462885443644 265.5778336921685 342.89489594350033 285.5508426316337 348.875553568941 Oyster-Closed 0
188.9122863900484 47.700095501151 180.399788826875 44.638239242684165 194.41923518785916 5.6618100886337075 202.93171842179072 8.723663588002315 Oyster-SemiOpen 0
127.62764908312238 22.683897401702424 153.1938057381485 11.0487524817139 174.5749034028886 58.029819855760245 149.00876191302086 69.6649427856869 Oyster-SemiOpen 0
380.9889565721096 89.99402646521213 338.2283559486168 86.54809363619513 345.44661551530226 0 388.2069261491415 0.4248459490439915 Oyster-Open 0
234.03673667393014 25.84307814620136 260.4503962889139 23.082761692051648 264.7261128376558 63.99727704938086 238.3124540225508 66.7575889912683 Oyster-SemiOpen 0
276.5517027983915 30.427751549034387 295.3207302049632 45.8042273985604 278.7835822755442 65.98991120594022 260.01457054537605 50.613452484264606 Oyster-Closed 0
87.15093308930227 66.38535592364622 85.16676901718165 157.00597085096678 2.1253700066081365 155.187110021436 4.1102448284000275 64.56722640709415 Oyster-Closed 0
194.9624400391367 161.59560876714954 126.97014694937388 134.9312497923755 172.09611187678456 19.867393350485024 240.0871131329768 46.531457792594594 Oyster-Closed 0
