140.68683288075044 101.91177756118523 171.72559166065184 91.85682277909235 189.18412289562184 145.74852227809495 158.14539234614858 155.8034151952162 Oyster-SemiOpen 0
54.16035953959363 103.18379948471448 115.3520523666266 91.78245561540322 129.45234867971885 167.45761336385706 68.26068406121703 178.8588537064533 Oyster-Closed 0
318.11945771045794 99.84808970136055 352.8281096772116 96.64685831928077 360.10910379704 175.5871501647876 325.40045682521304 178.7883505518648 Oyster-SemiOpen 0
133.438758124812 116.56639378757637 178.0469123810144 148.90905729893294 110.00839780776369 242.74455808763372 65.40073797500736 210.40247982664405 Oyster-Closed 0
229.76497607895726 221.45710698712122 185.76064383283665 216.8710301526923 193.2556269722736 144.96453529107905 237.25898072102427 149.55056205894851 Oyster-Closed 0
288.18143574614805 5.03018361485232 287.50989318748907 43.50439494986033 230.1461160361323 42.503094203834586 230.81770400003006 4.028937999990773 Oyster-Open 0
262.2515349982423 153.65450584758452 293.89779587140947 199.89061614116142 255.38069293124136 226.25153836859823 223.73483832020065 180.01579045413834 Oyster-Open 0
14.42278648613501 199.7718835713418 69.64867470628815 192.7000318428998 77.94108234023952 257.45212335995643 22.71521266338823 264.52388216653463 Oyster-SemiOpen 0
360.8868324588075 185.8883661717168 381.6784497308254 171.30678550005604 434.6136991905332 246.7805389896639 413.82229669118897 261.3618629994794 Oyster-SemiOpen 0
103.40985110073962 14.549883187822836 129.85925856806352 0 188.252399125613 41.505265652203974 161.80304649479513 69.57401671262195 Oyster-Open 0
163.13076878575885 248.66959428768916 209.854350338097 215.90305624800143 261.59656231803456 289.67673958456527 214.8735564438757 322.4425821236565 Oyster-Open 0
242.5574009605334 261.6373681904807 289.2848493873498 255.65399691090462 296.6240611641042 312.9621761977157 249.8966295430655 318.94546035027577 Oyster-SemiOpen 0
225.7248089855675 329.053624746123 183.62252736055234 361.320482810022 137.39980828503758 301.0183497138763 179.50087700001313 268.75219599999537 Oyster-Open 0
398.68867903449427 317.53848065231944 419.8318439963841 320.39031328545457 409.7033268437517 395.4659970151335 388.5601752650873 392.61423195400755 Oyster-SemiOpen 0
264.63564866517845 398.5642110191465 241.8188652731551 399.00201873450584 240.37510396908328 323.7485631826096 263.1907972761801 323.3107659193953 Oyster-SemiOpen 0
0.8043850000140083 10.615369999999176 66.20350174122723 5.659743473755988 73.04603026935729 95.9598576754399 7.646912604497629 100.9154620129583 Oyster-Closed 0
179.55062417419322 10.032435185456354 222.13126423783615 10.53328328696557 220.73266822144797 129.43701908084475 178.1520280247678 128.93617466743962 Oyster-SemiOpen 0
