72.96843009606891 100.0458506593393 88.17547918405398 108.83447871385596 63.57859282890786 151.3935426042301 48.371578912887344 142.60496221655367 Oyster-SemiOpen 0
324.70089796637694 56.1847765929536 307.2441952185509 59.488768777120065 300.7821817191507 25.346622338881325 318.23884198434826 22.04263429574806 Oyster-SemiOpen 0
252.23125852502562 130.7493809750072 315.39778627340274 83.42998121245897 390.4549769005607 183.62033430707766 327.28913480562915 230.93892494973773 Oyster-SemiOpen 0
394.97126267826025 215.65406722545916 374.25856581463813 221.72591424260364 352.2821986203744 146.7622217647172 372.9944108724849 140.6904502259215 Oyster-Open 0
210.91219279648794 144.52385988026705 239.709699829069 194.6330515697799 194.84951716980868 220.41200570414182 166.05249128012292 170.30323075091746 Oyster-Open 0
335.66777311804617 220.27244452166687 281.188234817364 275.53415965944265 201.28153059724718 196.7631101436825 255.7599767217689 141.50251442043532 Oyster-Closed 0
393.2226593153173 239.4903444521355 382.9451394036478 242.02244592150822 376.7602978762261 216.92097204165265 387.03771626103844 214.3888836114618 Oyster-Open 0
318.91241304907453 26.19914191234141 338.7774032733287 24.1712747105567 343.6980458112557 72.37373386836866 323.8330562589035 74.40159683270856 Oyster-SemiOpen 0
150.33742886931577 68.98249256760162 99.91252693100978 63.37068985282251 106.07199223739735 8.026008275166502 156.49669100001847 13.637799000001117 Oyster-SemiOpen 0
64.82096063601784 274.5790516301581 35.377898532282416 254.79979445449607 80.05100869840317 188.30724536095605 109.49339362240426 208.08619209018542 Oyster-SemiOpen 0
335.6031838121962 207.1132453558554 364.4924336037584 212.98539370633543 348.42244448299607 292.03671976464693 319.5332262733791 286.1646764890261 Oyster-SemiOpen 0
229.1229401310993 18.703115892515754 224.96782572295342 69.60609460369785 172.6872543540121 65.33844765393914 176.84245828170606 14.435568317130086 Oyster-SemiOpen 0
238.2327392562729 280.15751293814805 211.80256323927097 287.94177753650257 197.02029955295438 237.75610293675547 223.44987364806366 229.97193369035733 Oyster-SemiOpen 0
384.062094130084 264.659224904758 403.4441592223229 258.02417380688405 413.2228677074927 286.5857006750754 393.84082593924177 293.22070321685766 Oyster-Closed 0
148.3922769056735 243.24421806332597 188.96802086197204 236.84872400493924 201.3460592584961 315.37031484404287 160.7703441972444 321.76568374457025 Oyster-SemiOpen 0
221.4770736649225 236.99778221543278 268.6130776020218 214.4452078977721 317.50827897859926 316.6263959059637 270.37267912868265 339.17834299277797 Oyster-Closed 0
58.85010982354288 353.9896112751193 13.714118777785188 323.34730299659867 79.04647883970028 227.1299843154452 124.18049823297406 257.7713647692133 Oyster-SemiOpen 0
317.1849975217192 285.48701731863906 332.21666192257544 287.2722764624228 325.69491964345434 342.17536288939584 310.66325998781394 340.39013104928813 Oyster-Open 0
336.19025200004035 328.6352849999989 346.37472267702105 328.05434343680315 347.78298104673013 352.7375498005022 337.5985107262022 353.31848706685975 Oyster-SemiOpen 0
79.69243547061342 305.3901246281735 116.57959291967927 301.95667048601086 122.59712474644039 366.5935750725749 85.70997665495815 370.026963296598 Oyster-SemiOpen 0
314.37443898305355 385.82335979043813 283.3715048098493 384.83871660435693 285.1548208979257 328.7188437138326 316.15666262321975 329.7034695546324 Oyster-Open 0
337.89503296599287 352.3030072427301 348.38474714516633 351.56082641166324 351.1052454992205 390.0023226842295 340.6155323037565 390.7444941989052 Oyster-SemiOpen 0
381.6215146074901 366.79982959857097 401.8447952355418 365.68088806505517 404.4213930318292 412.2371758295642 384.1981140262833 413.3560994609857 Oyster-Closed 0
210.73164900002303 415.99999999999613 210.73185483243287 398.22127689743564 233.1379039781241 398.22153990535446 233.13784099957775 416.0001195386984 Oyster-Closed 0
212.16177435053396 107.40661877808371 169.22128707910088 123.93811026724754 130.86456081184224 24.307106491590268 173.80453532419415 7.775728940357858 Oyster-Closed 0
291.6831469055978 84.89041905376297 300.75744843161374 54.3031332630378 349.7896025593436 68.8493078054086 340.715424232676 99.43648875944342 Oyster-Open 0
74.50763922081751 46.91096979025914 95.14769843069007 43.96555044148732 102.73943347538807 97.16430959502308 82.09937647394327 100.10971880754238 Oyster-SemiOpen 0
82.187894242732 110.46424558829307 36.23713384302755 130.16163761912347 0 44.478155332774456 45.4578141828606 24.780889053623778 Oyster-SemiOpen 0
294.2474741830847 89.70104344634545 313.9132054243346 58.07428987249237 403.73545090780317 113.92529712857423 384.0700513832235 145.55175531273144 Oyster-Open 0
168.53215232182993 97.32092170602716 184.31105049433245 91.43090321608048 206.3753050887899 150.53791635995654 190.59642741863718 156.4278947208794 Oyster-Open 0
