391.67663855318096 152.23719449934995 370.0880028887332 131.65103799426038 403.82201508936487 96.27537056630537 425.4105312312204 116.86141940478244 Oyster-Open 0
342.68226043005416 76.9670133909174 374.5420588131419 74.39948351823895 383.26755944340766 182.66915123512533 351.4077644013378 185.2366486717732 Oyster-Open 0
308.8474893445309 116.29884507859096 320.09217265338157 114.98220676925682 324.749944793708 154.76047497463946 313.50526261598134 156.0771069660931 Oyster-SemiOpen 0
133.3738687535697 181.88423738416515 104.27374971242534 185.94390182654155 96.2370970181255 128.33703973906756 125.33676869601186 124.27740655739116 Oyster-SemiOpen 0
174.38759535441568 149.37181195725572 209.5771811714876 145.80662084244602 216.22456589879948 211.415023398347 181.03498500741625 214.98017709496787 Oyster-SemiOpen 0
189.08714200634859 140.97816126123888 217.735176924627 130.53926175814544 247.74062652283828 212.8808857936153 219.09266456449404 223.31964310445818 Oyster-SemiOpen 0
329.0614248501479 212.63591977651552 304.35786019971783 220.26357551979214 283.7437652542394 153.5044190158455 308.4468117975666 145.8768490120491 Oyster-Closed 0
309.6994156414221 170.6810952803505 331.57413213426116 163.30560895349106 350.1499041751704 218.39554396610117 328.2752223302814 225.77095724408858 Oyster-Closed 0
313.99088386083895 24.231868604565612 308.3171859111426 35.16845499729495 286.3207806116916 23.757133186151552 291.9944790197587 12.820552812301973 Oyster-SemiOpen 0
342.61170650380154 229.82701550742723 320.31173460024 251.98835894450787 269.2459262061675 200.60706267297059 291.54558599999655 178.44602700000704 Oyster-Closed 0
341.0561792335575 208.57336415603095 365.86123158886767 227.56545438356338 347.64976123919405 251.34862770264735 322.8448087310571 232.35665239650135 Oyster-Open 0
185.34096119305832 214.3509182488487 209.91435971049214 218.325854938836 204.51970494819034 251.67296508689736 179.9463133386671 247.69805594133803 Oyster-Open 0
227.75959861996307 53.82359747763143 208.8335390704342 53.551267756140646 209.4979054967007 7.381572852422627 228.42392087199914 7.653902269907892 Oyster-Closed 0
411.245197681259 224.1392460953534 423.8339644097541 252.44972019507358 379.8802551099034 271.99202632881236 367.2918377093629 243.68184843729162 Oyster-Closed 0
257.98199388797 300.20265789781183 230.8615917647985 316.09379653686113 190.27457062656322 246.8350129565789 217.39417391148163 230.94417052180012 Oyster-SemiOpen 0
25.359994773069047 244.01979864008257 84.62441612588736 235.01387952169543 98.60805676068048 327.0228438812855 39.343685902331345 336.028552727595 Oyster-Open 0
417.7651612949994 292.2203046087823 402.6954321460762 295.2635971303383 394.94807942145053 256.90474035447045 410.01753672093764 253.86147581368897 Oyster-SemiOpen 0
346.0395120114954 258.246731575416 363.60233780145063 247.9678267167111 391.2472648623916 295.196688809186 373.6845405726672 305.475456601798 Oyster-SemiOpen 0
393.25405890388356 328.4818188519642 381.3334945876086 328.09993923364334 383.2696140500302 267.6797796987843 395.1898030667653 268.06165332759105 Oyster-SemiOpen 0
235.86667193175526 8.23658910667095 233.50272853851493 75.93268503060449 187.93429053439468 74.34135580238289 190.2983429469532 6.645386644780018 Oyster-Closed 0
206.92658232954273 342.2079871003869 214.73212192505525 348.71520167352327 201.74536787980833 364.289626854961 193.93986596954346 357.7824533266742 Oyster-SemiOpen 0
271.7607214601194 9.490085565851546 271.3607347803554 20.944322752908974 244.3002125732237 19.999352121968123 244.70020300002216 8.545119000019186 Oyster-Closed 0
239.20329742168542 70.14662066696695 226.7255086240366 66.67293230498603 240.58446791739698 16.890678690691367 253.06220921403292 20.36435996625763 Oyster-SemiOpen 0
354.16555905156565 89.44526348571021 318.7075738209678 94.39207638451423 309.23559384793407 26.4980373422847 344.69331264195716 21.551244309625346 Oyster-Closed 0
106.72266206318454 101.62669931273834 112.4410568791136 86.06201758891586 136.33787865066915 94.84146085788743 130.61952442850452 110.40610806308972 Oyster-Open 0
136.42950235625904 64.21770521182714 173.6810927016013 56.744729694914895 195.73840243593804 166.69487608847462 158.48683678823 174.16776727416647 Oyster-Closed 0
