242.63747764326763 99.01806275129283 265.5073952218154 83.57878990722567 287.52731107495856 116.19591030245589 264.6574390219175 131.6351258897715 Oyster-Open 0
320.9691700460062 120.58527850182237 307.46869392471854 103.73726341360356 321.8710453159947 92.19677237449874 335.3715057267327 109.04475779213963 Oyster-Closed 0
0 66.908583 42.421193 66.908583 42.421193 284.286904 0 284.286904 Oyster-Open 0
409.4770815663396 151.08791383222703 384.0956763618233 154.2299477591716 372.928953885792 64.02543270930931 398.30994524160633 60.88342395453493 Oyster-Open 0
213.6499751105075 176.96317384821555 202.28733468187784 175.71161901783515 205.65984444786227 145.09517373728693 217.0223858807003 146.34672304025653 Oyster-SemiOpen 0
304.4931833941846 205.09284146025377 253.9324248264129 200.19391400681403 263.9221945631398 97.1041733587744 314.4815840048286 102.00303442891504 Oyster-SemiOpen 0
363.95015140825853 141.2900677816285 392.9190611446793 144.77268444675255 387.2292908797608 192.0987992409114 358.2603855246307 188.61620711564566 Oyster-Closed 0
209.92689400001473 3.3258662734728813e-12 232.71010555545945 0 246.93135586840435 27.32538941629472 224.14814688356273 36.26080817018229 Oyster-Open 0
125.4264505619467 167.6563991599137 178.33722487532577 165.6369511123633 184.2207551281026 319.77516609879933 131.30998463326614 321.79454759228537 Oyster-Closed 0
168.04589192318963 204.91749322446006 209.5673277227179 191.72552236970154 234.35165073987082 269.7266871031625 192.8303155864487 282.91843257763566 Oyster-SemiOpen 0
297.6980103666501 298.1078011700733 266.0429952368977 303.5059046803091 246.7219613964371 190.21354621539692 278.37550171196926 184.81556808487602 Oyster-SemiOpen 0
128.23859724823706 327.99403871105136 55.222109896931215 348.57177132440944 35.12996292941898 277.28520904990336 108.14373840441112 256.7078810335089 Oyster-Open 0
16.78507739606357 281.20402997795964 46.908070093959395 289.63319721339394 23.142019057901052 374.54982539928545 0 366.1208713653025 Oyster-Open 0
240.128988470693 227.84061434269142 306.3685648932187 213.32716705863433 335.47146653919845 346.13584930973144 269.23204868865287 360.6487876665093 Oyster-Open 0
32.62218455461334 380.9421457348086 18.114320374930685 374.063514422643 37.472702379822294 333.2440266387406 51.98021731053086 340.1225607739951 Oyster-SemiOpen 0
186.40173891503582 402.92367521033816 161.60283621342023 415.1805556356433 114.27409254666418 319.4432746070342 139.0715779430393 307.18681179697256 Oyster-SemiOpen 0
330.02990586141823 303.95968487980537 348.5778364942962 380.6081255528053 277.5664957524241 397.7864887948171 259.02057630329364 321.1397965818323 Oyster-Closed 0
237.8923311592116 24.032363910155134 271.64466637996156 17.068271075445953 287.98295062075704 96.25341989615498 254.2306239181271 103.217483268441 Oyster-Open 0
196.0897749661235 43.77614471584055 236.04791346223283 33.0023761681138 259.41432210293715 119.66380411065985 219.45621193600527 130.43750310445887 Oyster-SemiOpen 0
172.8712526087329 82.7324805082944 196.24412520402984 71.17822932224054 217.1827607349769 113.53396935799964 193.80991745185747 125.08817355114441 Oyster-Closed 0
