168.45955613346814 102.2673605250687 218.54298997635124 140.18829094054274 162.23509174182254 214.55227113871837 112.15209535591202 176.6318430573387 Oyster-Closed 0
73.44793794141879 126.32919463759211 101.20228572910855 118.6675925866926 116.43555315056437 173.84852441184438 88.68122857198614 181.51006815905095 Oyster-Closed 0
12.827036038848746 126.52329628879602 65.16754905585549 125.6030150643691 66.48501131773082 200.52984647679563 14.144498784964526 201.45011775259033 Oyster-Open 0
371.1858435700524 153.9350352752314 413.8489671749412 217.12230821748153 324.01670948017636 277.76928996991325 281.35502808899764 214.58329118018318 Oyster-Closed 0
78.61550199929115 173.7738018322016 107.64591183354423 166.6181840475553 115.68982154882178 199.2505204833391 86.65942536249713 206.406098723157 Oyster-Closed 0
209.26570258204083 265.93545688701096 150.45465618530216 182.68929911152134 204.18130127551558 144.73611864054388 262.99207118713457 227.9813157179675 Oyster-Open 0
117.66331204289963 170.82012084170944 137.66684798336428 174.76551033920833 128.955738278848 218.92888704818216 108.9522111750266 214.98352814340595 Oyster-Closed 0
241.441432472835 206.58323761771658 286.4534075716765 204.38394467697776 289.06374232798044 257.8037904188965 244.05176886294794 260.003059368498 Oyster-SemiOpen 0
58.405785032558924 193.82085073431526 73.98021814253298 201.00042006412735 60.990228487713466 229.1770050017966 45.41582100015512 221.99747730157318 Oyster-Closed 0
231.0531025597411 70.20010444462858 230.58084480404796 17.164791163303516 283.0398432612528 16.69766291066986 283.5122053877167 69.73287325422794 Oyster-Closed 0
210.5615861671722 274.2161000974646 166.1636886120432 299.4097882827482 124.78203903091708 226.49176816627576 169.17859991712612 201.29856183223606 Oyster-Open 0
352.30160605400306 268.2683477284168 371.84684663897133 255.21455973999736 397.3143598516799 293.34167187216156 377.7692388225987 306.39531218345303 Oyster-Closed 0
73.0297386629718 229.23980802224236 90.63846883667429 231.5975123612334 85.13838087799377 272.67098762880806 67.52965504878739 270.3133049663821 Oyster-Closed 0
57.50560388620943 223.7336908930759 81.75843521755814 238.030146263063 42.25217118267392 305.04128540947204 17.999535999257205 290.7450900044869 Oyster-Closed 0
409.56135092689874 290.9151721778722 424.98750104088685 294.49393933479837 411.9629062686763 350.62600716670664 396.53677501821585 347.04729864120526 Oyster-Closed 0
250.2165221596988 361.40058316618655 225.64153246609203 360.9716900337894 227.0424239454478 280.7521290978949 251.61628662628937 281.1810123182753 Oyster-SemiOpen 0
369.706658455485 325.31641435738334 391.50179413726437 319.1664013882824 401.8940722466323 355.9885184668575 380.09896568993645 362.1384607380548 Oyster-Open 0
197.23194168221016 82.09999855100554 161.61461052149753 84.80293833661284 156.01356189882426 10.99567926195905 191.63071346857032 8.29274542655113 Oyster-Open 0
328.4369896848548 361.18713402796834 346.9291896782088 327.1310794898409 388.90437104437297 349.9184352983961 370.4127609437055 383.97398285455523 Oyster-SemiOpen 0
312.0965174440207 417.73433949572376 275.24028794463084 415.2256114756765 280.7849899775756 333.80361238364577 317.6392355612661 336.3122726182356 Oyster-Closed 0
116.79992272418531 346.4391452146954 118.10173049623336 364.3088237157916 100.45197705702594 365.5942248735699 99.15027483610538 347.72464558505635 Oyster-SemiOpen 0
308.2460109999847 416.00000000002336 308.2466972695256 372.3657264131572 337.24067964941423 372.366272675393 337.24043299939876 416.0001055303398 Oyster-SemiOpen 0
338.6875037038335 36.355062148941656 368.5414438887783 32.13709205735642 379.7355370784062 111.36602869321618 349.88160185712695 115.58397680359977 Oyster-SemiOpen 0
10.615369999995892 0.7422989999998374 55.86880559690326 0 57.649539911762986 101.22012482287981 12.396104313153046 102.01582806115385 Oyster-SemiOpen 0
377.35737470346066 115.39307660378489 360.53077665327146 133.85428292443615 326.6187880893194 102.94553962423637 343.44532099997014 84.48441600001543 Oyster-Closed 0
127.56895998069012 138.06175847131124 72.04489507526523 119.66432467973428 106.96241694495257 14.285326631511056 162.4856363759245 32.68259915570342 Oyster-Closed 0
214.32302566504222 124.2557308881764 183.60581630082743 136.9692102860389 152.00012162381609 60.60723361299102 182.71697315321217 47.8938376986852 Oyster-SemiOpen 0
306.40469550819034 133.0979697030837 253.1595633421166 150.1356144121587 229.97679769934257 77.68644153249774 283.22123067106804 60.648917123068614 Oyster-Open 0
201.20282439565563 50.20357960519443 239.70992891651258 51.28517295646774 236.79013610135735 155.23456620445853 198.28303186350604 154.15298328141014 Oyster-Closed 0
159.8389342963892 128.4294160558288 139.06769957419965 123.75811095351783 149.78355941118934 76.11089726991695 170.55461309281236 80.78218083517498 Oyster-SemiOpen 0
345.3572254166975 179.621331224189 307.85271886572446 177.3627703889526 313.26473009972324 87.50397315988351 350.76840369432466 89.76250802073594 Oyster-Closed 0
396.9990064475169 305.34293238193294 403.06947767880774 332.0711964575064 384.6937204099013 336.2437726208023 378.62341304261645 309.5156508236432 Oyster-Open 0
