83.0286558769767 56.08023881889005 57.02641442145614 53.5415443114219 60.832179947283294 14.562034304154224 86.83435401799579 17.10072534277161 Oyster-Closed 0
303.8974286014418 177.14328396872986 275.9388106643637 185.80519057932202 248.9310679453156 98.63289247854168 276.8890833764708 89.97108827939236 Oyster-SemiOpen 0
328.53922952850917 153.53227129179305 312.06409483146854 132.57778583799305 342.06476821071556 108.99096453052651 358.53986106392404 129.94536087683824 Oyster-SemiOpen 0
50.56425730870251 169.51175880389036 43.54621007277092 199.00627695379504 8.394994582140498 190.64256347454443 15.413155574045959 161.14821425314744 Oyster-Closed 0
158.60654299873204 222.99502019219645 93.27986910515392 255.97140664612908 30.72870523238089 132.06228931627442 96.05316056353331 99.08656413574275 Oyster-Closed 0
326.9064624906823 144.00515564414994 345.2000155407077 153.71131032863246 325.10544227738865 191.5824315765288 306.8119317038909 181.87633836412982 Oyster-Closed 0
347.50179991213736 145.35625671343107 372.10517142923345 156.11453587124817 353.07060152868144 199.6429197818409 328.46727651016045 188.88471794035715 Oyster-Open 0
166.4489714052288 268.2500045558264 118.60530628814013 270.54406482884195 114.6003617321403 187.0086030163074 162.44238915523238 184.7145826580046 Oyster-Closed 0
49.173386244259746 197.26753948630073 69.00690352496895 195.11316606796936 78.91102280496489 286.2835981491745 59.0775121560182 288.43792965575034 Oyster-Closed 0
317.4573581653858 224.99106296537903 297.1167225176505 252.13706800529582 254.33483460738717 220.08287233930017 274.6753584927683 192.93714865308365 Oyster-Open 0
0.36983392852562247 216.2096802832714 38.61419036877123 210.62669598621585 51.00169263494172 295.47417407940833 12.757359425278992 301.0570504303902 Oyster-SemiOpen 0
246.12648650739357 5.069166836965106 260.26782074302537 0.6529634868401368 273.0704353789042 41.648794834361354 258.9291030891727 46.064994094350695 Oyster-Open 0
182.64852248132593 175.35245227176804 220.81055081677914 175.13164002025852 221.5167158237091 297.16442654456057 183.35468747846608 297.3852331989337 Oyster-Open 0
43.63409362202583 318.61160263206807 32.50568928575012 314.297925450747 49.578146492600354 270.26179499234 60.70630567272747 274.5754190364457 Oyster-SemiOpen 0
140.87179702546928 280.112844342906 166.88117004543165 272.0798334503386 182.8097125624081 323.6456415814183 156.80039093407686 331.6785372515187 Oyster-Open 0
333.9008166167805 278.22486409322346 352.5529947161267 272.7093769779602 362.7441219886605 307.16855590597373 344.0919654932768 312.6839919645281 Oyster-SemiOpen 0
399.68891797892866 299.09714017037277 381.72306953174484 311.62756345772266 364.2633072892713 286.59775426628534 382.22895467546186 274.0674296248821 Oyster-Closed 0
226.7713181961626 307.28410701665297 260.27390409148575 240.49513018482082 346.32172176676613 283.652199779538 312.82110392818504 350.43948831347114 Oyster-Closed 0
400.874695284223 295.5915312939482 415.11451552845756 294.2467005448201 417.20720965785586 316.4017395430697 402.96739056522347 317.7465622309333 Oyster-Closed 0
17.97685799998726 336.80554499999954 42.53106837145606 333.2215067902409 51.56979763391428 395.1317746831174 27.015603309773724 398.71574045415747 Oyster-Closed 0
177.9385508569576 397.396433077495 148.72563202774109 385.63249896960843 178.65296504283833 311.3340858730332 207.8645914587105 323.09772753975847 Oyster-Open 0
320.8435443842027 318.5832213643714 364.194622703144 301.86949774683785 384.05624437015285 353.3758363843812 340.7053120149685 370.08928714760253 Oyster-Closed 0
63.33308970210055 328.08727554563325 91.87996112958717 339.1519521099527 59.788215039465285 421.928484404446 31.24151416937093 410.86413310145133 Oyster-SemiOpen 0
315.6284859668194 334.4047064915564 345.0547305241853 340.0350330678992 332.72022587988977 404.4848531537227 303.2940147600857 398.85464673929465 Oyster-SemiOpen 0
189.02521065335895 372.8504747425005 203.27021454315036 372.3741460265153 204.39844798360355 406.1060572959962 190.1534443790406 406.58238048774876 Oyster-SemiOpen 0
141.81778436215973 415.99997914492224 141.81812574169453 394.08313328536053 174.2016690425662 394.08359886530127 174.20158087784148 416.0001907801562 Oyster-SemiOpen 0
181.79323570547785 78.2972938427172 153.88981694724862 72.99926269156126 164.1714485119046 18.849118859374165 192.07473377673887 24.14713666216489 Oyster-SemiOpen 0
26.998349358764244 51.17301233281089 49.96001861844343 53.35043018638652 46.25086447162175 92.46450155696797 23.28919591950398 90.28708909655302 Oyster-Closed 0
45.056871968154155 21.657412270651356 47.375635832813714 40.480404280812905 12.62937574505122 44.76068574860771 10.310633000019152 25.937713000002272 Oyster-Closed 0
342.15188157972807 9.74728025924028 376.52959016094246 27.29742692376555 339.91206711413906 99.02447040718202 305.534401982095 81.4743874982976 Oyster-SemiOpen 0
54.44668841023304 123.27674609119039 36.328324206435354 118.06587758657216 55.178725235615275 52.5237724052951 73.29692154338045 57.734616251020064 Oyster-SemiOpen 0
190.96327892648333 36.36552879349934 226.79481178621063 18.70870186770716 270.05555309396004 106.49844129670343 234.22408294826528 124.15515877269593 Oyster-Open 0
215.18083277889673 144.82098680673744 188.10792593259248 149.51146749086934 172.63985135514667 60.232393228482465 199.71229476253575 55.541955308783756 Oyster-Open 0
24.780546379479347 157.20360367472006 3.6933481625674176 106.30564609692333 32.246935276136355 94.47617810337722 53.33419389919436 145.37395846587285 Oyster-Closed 0
324.03030712856344 139.95162386615112 293.6779020613649 148.0432950665207 273.4184240037539 72.04951378348898 303.7704071120388 63.957901702002744 Oyster-SemiOpen 0
