104.62530770532976 41.29762752313833 76.95105735092147 39.26148798810366 79.72762424241228 1.5240241958276737 107.40183545426407 3.5601622875791348 Oyster-Closed 0
351.56968864905866 120.18457806053709 359.44921804784826 146.5431162054831 323.6041044456324 157.25801273398213 315.7247155959885 130.89959423865636 Oyster-SemiOpen 0
287.82882083341974 177.19200920416387 270.5591622721622 180.59195078869547 257.09832325358366 112.2209091242512 274.3676922137056 108.82099634065165 Oyster-SemiOpen 0
61.018983015026606 154.32183682218482 52.323456195888866 180.60613568964806 13.055521829784993 167.61572985798182 21.75112599998465 141.3315880000199 Oyster-Closed 0
156.14941296342658 211.07900530795442 92.97726929203418 235.21314332798866 48.39310998126166 118.5159851243275 111.5634248499191 94.38221273721199 Oyster-Closed 0
324.102828069299 199.5718948068999 302.69723119418995 187.6484168712932 324.1716226017961 149.09894595380086 345.57699082517865 161.0223447724422 Oyster-Closed 0
52.00884169147321 183.3673837407383 72.24706215430706 178.60262574725502 82.3751758692888 221.6187018489654 62.13696860078926 226.38342235174312 Oyster-Closed 0
363.19780192844337 233.4987646199262 328.8583678090072 233.55334233572717 328.74132354319227 159.55653025837088 363.0798875095061 159.50195322935406 Oyster-SemiOpen 0
118.15489666542271 177.14211495035397 164.10276603588136 178.22836963807003 162.24745039318805 256.7010527465947 116.2995814093556 255.6148143179084 Oyster-Closed 0
202.23475493794103 290.61876654885845 166.79239337466788 283.87445441971056 189.16111732341597 166.33985755757632 224.60188089128133 173.0840172558189 Oyster-Closed 0
64.7016336724264 4.879277623003675 65.42477762081035 25.578767609897312 31.674432549640187 26.757834322386913 30.95129855223422 6.058353662135424 Oyster-Closed 0
2.1720223811862525 205.39016518813605 42.254969152389094 203.5242286571908 45.480026446064585 272.7965319398453 5.397081754414103 274.66244120713696 Oyster-Closed 0
375.2565116166661 271.64127909635033 324.26979580923216 314.7258790105232 234.22354540296874 208.1732685787486 285.2084567242564 165.0899084211085 Oyster-Open 0
42.9103394363774 296.0211789317636 30.72907796855361 292.07606709228435 44.67311296032858 249.02754084675348 56.85412940541937 252.97260980014127 Oyster-SemiOpen 0
362.7906872938838 245.6134172067339 394.73085778369204 236.19250003578674 410.16778371524924 288.522925598096 378.22766492443407 297.9437222737528 Oyster-Closed 0
164.59914432326696 307.15458637828027 140.91320314261247 308.25717019013985 138.6964905340501 260.63782121145255 162.38187250320698 259.5352503715259 Oyster-Open 0
210.64803242982453 278.9173871888235 260.72713364277297 225.1821641743665 334.7149324421589 294.12703691630895 284.6372348669902 347.86088814626805 Oyster-Closed 0
60.15417672520198 276.0627071318767 82.81539190856711 272.26293105863397 90.65533504237465 319.01202500242965 67.99413167317107 322.8117537679251 Oyster-Closed 0
382.8795043211794 309.1707410811654 365.2104762055642 314.7849646450847 356.0591903788081 285.9883026435586 373.7279570000428 280.3741239999941 Oyster-Closed 0
252.8244263375127 4.666741984982057 271.46647581537036 0.024142804689179096 284.9896102229104 54.32533338615769 266.3475631721667 58.96792571765343 Oyster-Open 0
381.68946286603386 320.7032190093341 391.6142405544306 299.8888403680241 406.3131441262558 306.896450742942 396.3884762422531 327.710735917366 Oyster-Closed 0
416.0000635537799 341.188782 409.95619846875707 341.188782 409.95628098528687 298.455953 416 298.455953 Oyster-Closed 0
313.6139469447735 291.47565266651645 342.2177988515068 282.5226319764173 363.7183707753866 351.20279240605794 335.11460241769964 360.15563062087585 Oyster-Closed 0
175.91693200947338 293.2305313474408 201.62743895787207 312.2998667537265 157.64911540500543 371.5825315242078 131.93896645033237 352.51360970635494 Oyster-Open 0
57.78156322826908 301.73905043311646 81.46261393569876 312.5806007094359 43.1888440808616 396.16387073694654 19.507980932776263 385.3226275170234 Oyster-SemiOpen 0
315.6998949829067 309.9129460469571 337.8575844192601 310.89759456807235 335.28978748298323 368.66982999129124 313.1320991561879 367.6851984918593 Oyster-Closed 0
296.6215547198117 316.3190359546383 320.84700204703404 322.75217853167766 301.2679427115254 396.4655681421043 277.0425545999715 390.0325797859326 Oyster-SemiOpen 0
406.34895533648523 329.3593495092135 425.5837543308626 354.8529519702283 393.6937763146889 378.9081722995122 374.4593289773875 353.41488919120343 Oyster-Closed 0
192.1391222637867 416.8499477625217 190.28979958244963 363.8977084985097 249.30250832531965 361.8373731578955 251.15286786400975 414.78852086785645 Oyster-Closed 0
268.83313826167796 386.5111784669198 282.42191040831676 388.8485805023709 277.87564154235224 415.2714618472317 264.28687503033507 412.9340819709498 Oyster-SemiOpen 0
196.97718654201526 66.65862427253646 172.84842621561256 64.93399352895977 175.9117692653308 22.076464596054883 200.04045273455995 23.801092672195853 Oyster-Open 0
41.81287521003105 30.02806868759428 64.4904145862456 26.642720787326986 72.78084123685039 82.17783206022379 50.103304241212754 85.56317061722336 Oyster-Closed 0
70.21787399999084 110.86227399999676 51.80548598923269 105.04475798165677 73.01851764389357 37.906715849856205 91.43076725864739 43.72421009495776 Oyster-SemiOpen 0
274.4332104644527 104.79989948627478 239.2904248647901 121.49607055199485 203.71104303251923 46.607641353698234 238.853515773033 29.911555493530066 Oyster-Open 0
355.2045655940783 54.93235280325313 368.29925603961965 69.61774788183891 330.9305545879579 102.93830233615004 317.83591854557017 88.2529586796571 Oyster-Closed 0
386.98329399999056 0 386.98329993190055 25.54212688031248 349.62655622147213 25.54212208331081 349.62656099998276 9.889735997343214e-12 Oyster-Closed 0
0.851678000013635 73.19299800000005 22.988802819603734 72.93541510842385 23.684073188967886 132.68712794148567 1.5469483815322747 132.9447093839673 Oyster-SemiOpen 0
219.47073850261586 142.18126190653473 191.7960524402988 147.38384162219353 176.0476432177311 63.61212659357258 203.7219031618879 58.40958852465156 Oyster-Open 0
63.63950575741546 138.8205876087376 32.47582373610567 143.47267916238613 24.217134273367265 88.14932634914038 55.38047603510495 83.49726053969333 Oyster-Closed 0
326.72901059565993 145.49759529555985 299.7128571359608 151.18315325257836 283.17746889829505 72.61272123621343 310.19322493175423 66.92720614414037 Oyster-SemiOpen 0
