311.16754184660385 75.87622368895784 347.37531396542545 65.78011670889889 375.68008838459355 167.28764876714314 339.4723617510317 177.38364024494896 Oyster-Open 0
208.5741739512705 105.00597829353421 262.39134888593253 135.01808515612942 229.92621376874013 193.23158721976674 176.10921429441078 163.21973641880598 Oyster-SemiOpen 0
126.65615005588188 216.9772158662372 77.41372056104956 240.267458623557 41.879787610774656 165.14196942043813 91.121058208264 141.85204677011956 Oyster-Closed 0
301.7209144235276 203.68809137747863 251.47845662393593 215.8120969136702 237.1759186722993 156.54334543794636 287.41744254431615 144.4194578207186 Oyster-SemiOpen 0
104.2821633926178 180.17823792797367 162.1324745462698 147.4670304137261 211.6122308504273 234.96736467020148 153.76236462213637 267.67796973546706 Oyster-Open 0
40.956397679503425 235.44357804805693 58.724916611819935 215.1498188772241 102.39333982206517 253.38056340220115 84.62508926144073 273.67406729894503 Oyster-Closed 0
36.78977071063491 233.46866255973308 53.72113500695923 235.00993896067 50.654658426065 268.6924225726412 33.72329568461646 267.1511577135567 Oyster-Closed 0
172.82884763989932 268.9718822495765 134.82992597255725 306.2370535140752 82.1348898723736 252.51037285616582 120.13310600001569 215.24587099999133 Oyster-Open 0
278.848839480539 275.60469521328935 273.36032153414635 208.03839310621862 341.1298901254995 202.53380995566062 346.6192847517377 270.099162021842 Oyster-Closed 0
53.46733601888991 266.3086623931932 84.26014078004664 258.46090675461613 94.18210485543023 297.38722120286 63.389328986861074 305.2348982796788 Oyster-Closed 0
107.83962299999621 4.912462999993339 164.95381207302853 0 186.84202750723853 50.98205215172977 129.72784400635283 70.14590818843 Oyster-SemiOpen 0
192.3284718757459 293.5375907497257 169.01891693830476 292.7561686613001 169.91384623232443 266.0692413627997 193.22309482111814 266.8506583112617 Oyster-SemiOpen 0
344.3359407307653 195.49506359533208 381.15742357442286 197.89306418452216 372.76240844169297 326.78538273745664 335.9409316594356 324.38745275723664 Oyster-Open 0
326.3186227259175 277.14125615797707 342.017472878284 261.80196578552943 365.24501176788544 285.5708049573747 349.5462873291435 300.90996883409036 Oyster-Open 0
200.66610487511934 265.84118253549434 225.38095442738268 264.3919115237504 230.01262732116083 343.3651071399226 205.297780312354 344.81434741256624 Oyster-SemiOpen 0
358.0647210753814 324.6741039514159 316.92587969335364 342.1570505724992 297.56419059537075 296.6038956076959 338.7020659371483 279.12118155597057 Oyster-SemiOpen 0
100.31245096224302 361.8732259468519 84.69967780658044 328.26648631790556 105.92443953365364 318.40814388404283 121.53727097500087 352.01464608477437 Oyster-Closed 0
252.9494299809012 303.13277278860176 285.7843145234692 301.3344747010638 290.2614233617642 383.06550112380233 257.4265427706341 384.86375480896623 Oyster-Closed 0
252.10316940627672 56.56494154747738 226.88549293364122 57.32739459088339 225.16640404824284 0.46850428838842256 250.3840191588315 0 Oyster-Closed 0
377.6350472895392 342.4061677870591 394.27648678360856 326.3078062632563 424.2397157988744 357.27541956171575 407.598488199892 373.37356681224213 Oyster-SemiOpen 0
328.5605083611954 338.2268124608557 363.5876713588259 315.14939387377194 401.680780975792 372.9555539605208 366.65402201653706 396.03247130592297 Oyster-SemiOpen 0
287.6513001252242 405.66866298512537 278.3378131335994 326.40386435504666 315.22435229175244 322.0710227141452 324.5386514150923 401.3348712335937 Oyster-Open 0
215.16908692759534 74.06310645681563 181.8241089671974 73.49328275200408 183.0871699183881 0 216.43197690577654 0.1568256071846324 Oyster-Closed 0
288.4054032907261 66.62245432450698 264.46175359605695 74.67515263939818 240.90734869134394 4.639329102696752 264.8508903620386 0 Oyster-SemiOpen 0
43.64033196181117 48.022276038042705 51.14166812098483 35.95506440504046 96.96017347713496 64.43704677240106 89.45887397480692 76.50422637468644 Oyster-SemiOpen 0
197.9001358211026 0 197.90013931426438 24.30828090780994 164.71008915011407 24.30827593319436 164.71009399999093 0 Oyster-Closed 0
146.85577783174813 63.86875254221414 189.82959057128392 48.62519842844439 214.49935440864283 118.1720798379707 171.52558582300117 133.41554192355161 Oyster-Open 0
226.9246371017107 54.37805751323971 265.3812655136171 54.091408107039335 266.0510995911136 143.95443129792775 227.59447123189238 144.2410784186986 Oyster-SemiOpen 0
