71.78289070265964 121.07831283146743 97.97002294356935 112.59062067269306 115.53577380625939 166.78459925838592 89.34866955580947 175.27223028221707 Oyster-Closed 0
3.680005657959555 126.4735028588613 67.76256712598843 124.60898635871172 69.79957811697022 194.6172809620699 5.717017770984967 196.48177895171617 Oyster-Open 0
206.10061951641546 185.2051996098293 179.35949077139594 199.84857446089438 146.21842988071512 139.33029861053348 172.95913052875767 124.68706938552384 Oyster-Closed 0
88.22319070575395 168.92320320202464 114.35401840148188 169.9943611535471 113.32177761378261 195.17438836154184 87.19095012179605 194.1032347253013 Oyster-Closed 0
123.13717385329437 166.05890188062463 138.28917398730482 167.25486135523994 134.86645049043364 210.61588993819072 119.71445142545053 209.4199390815101 Oyster-Closed 0
282.79367963880213 221.68063855598993 222.84925077066146 249.16091428087515 177.7459719554281 150.77850744009302 237.68858361276216 123.29871359472872 Oyster-Open 0
69.860396622611 225.46990316673126 53.821612682466366 225.706854319951 53.32947769700695 192.39083818627597 69.36806362707648 192.1538885033468 Oyster-Closed 0
320.75756801899115 242.2948175573603 258.96965251738584 229.42018289498526 269.75213084921415 177.67985885734853 331.53887126072004 190.55436678642934 Oyster-SemiOpen 0
71.62182207834121 216.85219536715772 84.58687836933314 227.42694595860308 64.67939236884195 251.83189439728932 51.71439841414758 241.25721238215732 Oyster-Closed 0
191.75415220191644 288.3832867368547 143.52287549161338 217.73664246636045 191.65532018939848 184.87980558817858 239.88638953161717 255.52558075163623 Oyster-Open 0
96.4920972616419 271.00613029045724 76.58690038406348 272.970605491018 72.38744196272455 230.42201380294006 92.29226729957372 228.45755702306423 Oyster-Closed 0
416.0007320506702 295.7534759999999 370.1068979474476 295.7534759999999 370.10777300209156 213.7980829999999 415.9999444367786 213.7980829999999 Oyster-SemiOpen 0
312.14507161702204 342.3486962861909 279.4739853999017 342.84493456947393 278.4130078168673 272.9657225638831 311.08284930288573 272.4694937779807 Oyster-Closed 0
307.156324993357 317.4006871094809 329.1488152112215 304.0704170280704 357.55391746821624 350.92478437536755 335.56158868662897 364.2548397026367 Oyster-Closed 0
365.8313111135685 17.99779241684161 403.42182464818325 15.314874217903146 409.0906097601146 94.74020759170637 371.5000984913895 97.42311509173815 Oyster-SemiOpen 0
349.0984572102061 415.99999953968666 349.0992428290592 360.22455420218364 376.64719496347243 360.2250879938556 376.64693464226 416.0000069274055 Oyster-SemiOpen 0
269.2379789977422 12.539938576763847 268.56175818977863 27.05891756895566 226.73643660925882 25.110885987355143 227.41266674732833 10.591915883385209 Oyster-Open 0
156.99287085778633 118.13916152875703 84.16062807557319 113.16830845761253 91.44518735852398 6.444297243860879 164.27649589501743 11.41511642394604 Oyster-Closed 0
177.69904800150834 27.10008403066287 213.60758745538624 17.015264827147888 236.65961615223205 99.0951407849522 200.75110109765956 109.17991104403548 Oyster-Open 0
334.20739319215136 109.71367918953791 268.3823673149054 112.26242504409923 265.29205196858675 32.442484577060384 331.11636303069827 29.893753322021375 Oyster-Open 0
161.47763942038 42.01320360654483 184.0572509044032 43.25768428235891 180.47006801054522 108.34225488492389 157.8904567949612 107.0977796860081 Oyster-SemiOpen 0
263.3157338866258 152.87076583755484 223.49708697317692 152.9186568578819 223.34206839189574 23.641638106829586 263.159914442258 23.59374756857779 Oyster-Closed 0
316.0574703346756 14.720584343932924 315.19112692516865 33.32165524724871 276.4265813966558 31.516180394845854 277.29293900000266 12.915126000012826 Oyster-SemiOpen 0
334.8212253592319 57.26557425746621 373.6679444741967 53.431392614911815 382.9733386481057 147.7092575304876 344.12662459484636 151.5434056844247 Oyster-SemiOpen 0
181.69403933487047 85.11378722365347 220.82015456338559 93.81156796035803 206.04098522704953 160.2925483699699 166.91489159393677 151.59483236206728 Oyster-Closed 0
15.187402144747466 13.704708313975871 45.64832396110069 6.520930432794347 60.89906708707713 71.18755882130179 30.438151494530757 78.37131879092004 Oyster-SemiOpen 0
