158.51433759905922 97.63192464266452 179.48698871338638 92.6482083254324 192.8424253618723 148.84968949796877 171.86978463107152 153.83337445793777 Oyster-Open 0
78.81585043518862 146.38623950624083 67.26554190826573 144.69439850617303 72.96097220890078 105.81287494629086 84.51117985462042 107.50470835538569 Oyster-SemiOpen 0
42.774228924266936 161.16921981386574 26.736568822863774 151.8466245320763 56.73802802640785 100.23696138231598 72.77551968406988 109.55949476722789 Oyster-SemiOpen 0
269.889623412073 117.87452325474125 310.2142159564464 114.79936953254088 314.76778561325773 174.50846631034025 274.4431959960348 177.5835962578571 Oyster-Closed 0
268.2983171351261 114.87768878166838 349.11577632898843 87.4713242560055 387.9474082735178 201.9764774214731 307.13017910247436 229.38237627774356 Oyster-SemiOpen 0
179.4808406453085 144.53323838945647 220.42990051721426 160.50564291720548 191.80608613760705 233.88506952793463 150.85714030132294 217.9128750056626 Oyster-Open 0
416.0002739172123 233.19279799999998 387.06767520160065 233.19279799999998 387.0679383358438 179.76424500000007 415.9999753105949 179.76424500000007 Oyster-Closed 0
225.2313525756108 253.65080226482056 199.8703797377675 170.24988437469065 278.35656292717977 146.3850846414581 303.7182185771089 229.78480322015164 Oyster-Closed 0
38.674690223626385 186.7817199525075 40.689684734607 242.73279175833275 9.723104937787866 243.8475979879455 7.70844446593037 187.89683734358997 Oyster-SemiOpen 0
349.72769410857654 201.48448996806866 382.5423838414172 206.3905011176431 369.448898977942 293.95969157495085 336.6342290463217 289.0537747810931 Oyster-Closed 0
62.67633933005345 190.05920646458605 86.86779896990993 211.32199220837376 27.472312904417777 278.8917023478909 3.281225122678734 257.6293079126622 Oyster-SemiOpen 0
334.2299240327884 203.79451649123627 366.10590536719974 219.59449524472552 325.7661784925549 300.96966340141535 293.89040424062114 285.1700034027936 Oyster-Open 0
382.8033376456515 237.86601748235074 402.7709251823726 249.1659685787273 390.0965418214764 271.55965853653566 370.1290010396624 260.2597724257417 Oyster-Closed 0
338.16264999995474 2.1707285700988502e-12 356.78115587971115 0 362.38801975255774 55.00131111034645 343.7695141692384 56.83795646627469 Oyster-SemiOpen 0
187.89792927866438 229.46629963496196 204.44387340294634 231.33703906585953 199.97314445909433 270.8746339058956 183.42720309529977 269.00391087933025 Oyster-SemiOpen 0
416.000067132969 286.104489 402.46697420754936 286.104489 402.46707034060455 259.822387 415.99999169465445 259.822387 Oyster-Closed 0
236.23247499996796 0 236.2325150931756 55.66687529099991 177.72154555776797 55.66683548643468 177.72159000001193 0 Oyster-Closed 0
277.1090210939619 343.73650701943683 252.67698756463506 333.91359150706 274.08587063515733 280.6750206154909 298.5172176186534 290.4977804401173 Oyster-Closed 0
171.83124799998404 0 171.83134715269625 68.67741066852123 100.90435976224762 68.67735450616719 100.90440800000215 0 Oyster-SemiOpen 0
39.89039085423428 366.52937155242296 0 358.9809385651857 20.476361049128172 249.307278769098 60.55040717108204 256.85549101924244 Oyster-SemiOpen 0
311.3646732468769 416.91883407721934 246.56578124240696 405.96348181097994 266.06776279015685 290.6563202475562 330.861970114227 301.6112641115493 Oyster-Open 0
72.85615508933188 384.41688323156865 34.23475848320595 375.3017050624145 48.82834563853976 313.48532564343805 87.44829193199985 322.60032503102195 Oyster-SemiOpen 0
355.4684169253378 348.99295391856305 372.5783460059356 348.3671493805561 374.08903430531063 389.66077678465683 356.9791056644972 390.2865729182032 Oyster-Closed 0
360.61228908083285 64.70398573467091 344.32956479948916 94.08344378968654 296.23884334521426 67.43065887236696 312.5215679999892 38.05130199998374 Oyster-Open 0
205.93636882654027 98.55952176755643 158.6342764928413 113.67895206634945 128.8961577965929 20.641372095075155 176.19778296997538 5.522023327552936 Oyster-Closed 0
198.5118127410351 53.538947018422064 215.84883218876348 56.804902067377114 212.47551613548058 74.71171078193038 195.13849762114114 71.44575911956045 Oyster-Open 0
16.75600092116656 13.184279111397622 60.94876531669797 15.242569212593732 56.308086834618734 114.88016759034615 12.115323584730504 112.82188999442249 Oyster-SemiOpen 0
408.51388399606003 0 408.5138893680596 27.041666235911517 370.9104022178544 27.041660234456298 370.9104080239631 6.799665657479463e-7 Oyster-Closed 0
74.09918720556743 40.130030022280785 98.1814741273447 42.434411206318245 92.70540965774853 99.66243948866625 68.62312378073693 97.35806637001387 Oyster-Closed 0
296.60378270710135 85.07848300335411 317.44917547914156 44.921818433858114 421.40820613690084 98.88635541878718 400.5632625415965 139.04263293148233 Oyster-Open 0
