124.71878617009861 94.89897991080767 153.74270934309607 118.44660289533859 108.88635195426104 173.73299153380458 79.86260125069384 150.18556136097487 Oyster-Closed 0
312.6341814415646 80.15125815830253 367.25354847751805 89.17426244240062 352.48078520598574 178.5965621703965 297.8614430738198 169.57365054408606 Oyster-Closed 0
290.7711110547716 130.40247628254204 311.9946165322617 135.36372276307657 294.9752722904377 208.16658773420104 273.7517856836166 203.20539703066464 Oyster-Open 0
96.08830865090567 150.59625351257864 124.89767723954719 158.61103831658858 106.16830616086736 225.930291472897 77.35897505207686 217.9155994858586 Oyster-Closed 0
269.6117066262668 221.35006184334438 253.36424989879742 220.05692393206073 255.67628604509446 191.01098691090348 271.92357200003244 192.3041180000009 Oyster-SemiOpen 0
122.21295354448375 184.05753102603308 153.97845401081577 208.58634882235526 111.09862678645368 264.11174562512093 79.33342730949153 239.58326884833838 Oyster-Closed 0
186.31941365637977 212.0512518495683 205.40489693079508 208.08134458973785 217.7299685163598 267.32889047886925 198.64450070372914 271.29874641324244 Oyster-Open 0
143.37261736104847 239.14240719882793 178.1675970000215 226.29433999999236 190.38455600935777 259.3767363109472 155.58962783839524 272.2247034914516 Oyster-Open 0
30.66945110080269 35.87456930664149 54.92301004118417 0 131.76523990691203 26.10998980612138 107.5118335191546 74.43790297114836 Oyster-SemiOpen 0
114.8220368858565 317.60211828743815 141.226589565209 320.7995242239366 137.01079828297952 355.607218821658 110.60625163594159 352.40984608304797 Oyster-SemiOpen 0
0 334.486145264484 31.397456089303887 328.4039940786521 43.06796211871551 397.45466337188384 7.07386241677159 403.53667766465105 Oyster-Open 0
196.18275583792274 418.8821846138884 177.21578555021915 415.84815740601823 187.32713142756256 352.65767524594855 206.29330147655128 355.6916376465626 Oyster-SemiOpen 0
380.92272032761684 96.23926767921228 307.5521192927263 82.22760022607983 323.246176454355 0.04972914277027831 396.6161704549013 14.061330470522584 Oyster-Open 0
156.78081046027728 5.92239950754514 211.1223336129915 7.778417960861166 207.59309625227252 111.10888930171556 153.25157252791905 109.25288084116987 Oyster-Open 0
219.8511098847448 8.985016195829417 253.69106937116157 16.612023277264967 235.1406817051975 98.91712331895933 201.30073313956382 91.29014647924028 Oyster-SemiOpen 0
86.33730455940167 79.90270427014039 42.89037373570682 116.03591980283296 0 62.29729160664114 41.64440720849598 26.164222628663946 Oyster-SemiOpen 0
73.7388246018345 54.76653758303814 118.88945739305564 71.61734293630978 95.54286916755154 134.17204007904172 50.3922842269385 117.32132764880792 Oyster-SemiOpen 0
0 55.996126 13.118663 55.996126 13.118663 150.923051 0 150.923051 Oyster-SemiOpen 0
