363.88072960958743 175.43294672331015 303.94976161084924 180.2656907553087 295.3638200894602 73.78453982957076 355.2933854780167 68.95185267334959 Oyster-SemiOpen 0
70.09845684196989 101.38313095407473 151.17185680283728 99.26813692517601 154.4880133970364 226.38026205238438 73.41461674436505 228.49521665402355 Oyster-Closed 0
416.0002000734057 192.67202700000004 391.0481344510663 192.67202700000004 391.0484435164544 122.997278 416 122.997278 Oyster-Closed 0
285.8169771417888 225.27433602366222 242.5274023243619 255.18128121635237 195.55952719016568 187.20095815673704 238.8481436814218 157.29447910344098 Oyster-SemiOpen 0
154.00092326093 131.1650991510744 210.78502054675118 125.02706541313775 228.17499312464133 285.8949367981255 171.39091971226662 292.03279195688305 Oyster-Closed 0
347.3033328581987 274.10454998871114 317.80303374331925 282.1854265413384 285.4639394062324 164.13599513784956 314.96299379289485 156.0552927035214 Oyster-SemiOpen 0
177.79240585886873 274.59049738377365 121.16144793601052 322.01289762031547 56.21766522701364 244.465923768469 112.84704105201308 197.04459741912493 Oyster-Open 0
41.556954892548674 355.5530225627468 0 339.0588711887703 36.12142518694236 220.52258403308304 83.14134480103894 237.01628477169547 Oyster-Open 0
292.1969817234931 227.73433459205526 362.6299546944574 217.76170886900266 379.43838046826204 336.4589296660204 309.005478904106 346.43125977428895 Oyster-Open 0
65.91808230644529 291.9013464692959 85.23790442838435 299.4360921600312 66.98898253960942 346.2198241483424 47.66921777143216 338.68518491520933 Oyster-SemiOpen 0
227.30382136245316 387.2284311633543 195.12108754021028 414.53912666372753 143.84088996846185 354.1246112823558 176.02261215906765 326.8146219056527 Oyster-Closed 0
334.99832683372006 60.53557537422315 294.1893639649679 67.54322152825559 282.59100999999646 2.1862337741709847e-12 323.3998197437286 0 Oyster-Closed 0
318.5900325612929 319.04132669207104 372.9388003552849 304.5782589733455 395.111725010207 387.881743742624 340.76310761640707 402.3444203721715 Oyster-Closed 0
306.8224975647536 398.97085537408225 291.82865101015705 391.575285005466 303.2886136508896 368.3475940000226 318.2822410023364 375.74310005047016 Oyster-SemiOpen 0
249.80749571156048 78.30353528403829 180.26776863705163 88.28451295069428 167.6047171387654 0.05707924852876185 237.14399815239085 0 Oyster-Closed 0
300.43094471447694 82.94742572437738 259.5003955884604 98.6876625960479 223.57232832655427 5.2613166093288 264.5025967232177 0 Oyster-SemiOpen 0
287.6691870254581 49.041683853121526 321.0431700890367 45.547133231616655 326.0251218937192 93.12587665243828 292.6511405648271 96.62041663277071 Oyster-SemiOpen 0
181.80313009595193 146.08583741177034 122.67066982672623 159.67951073055252 93.08233380247475 30.96994547244985 152.21349189811372 17.376436974704 Oyster-Closed 0
0.9138352705376747 13.068424732062983 61.177974598187575 8.854487534682947 76.27418025120642 224.7433072145818 16.0100454265812 228.95714871965168 Oyster-Open 0
147.2463991568693 99.1316438706319 187.6304472338561 47.04953974422512 271.4431938779344 112.0363014867776 231.05968896227932 164.1179019092437 Oyster-SemiOpen 0
