403.90933307198065 4.699900184473079 403.6532702258737 26.70634621573639 369.1873281780754 26.305295715438483 369.44340099998954 4.298862999983458 Oyster-Open 0
364.22627262609603 90.56684322869317 399.035770191731 95.4022443409603 390.0585324860476 160.0267405509722 355.2490411701838 155.19137384317204 Oyster-SemiOpen 0
347.38846670202474 100.83820162576149 375.59701637164835 108.57844387357568 349.9773293773833 201.9433679134587 321.7688185908155 194.20322628209132 Oyster-SemiOpen 0
39.602354999988165 221.2771790000062 12.7314715531611 192.87194040829903 71.57850599193262 137.20680079180798 98.44911578535175 165.61171422161465 Oyster-SemiOpen 0
175.6240341114899 4.798213669284024 196.04786890143805 0 208.11980981109446 43.701097902459985 187.69597730746682 49.24792532714043 Oyster-Open 0
228.63492454349398 154.74998513087365 271.83863762411056 131.2112042680508 319.77927837817333 219.1982047311042 276.57585129784275 242.73659197515772 Oyster-Closed 0
243.03668745015966 241.46565492651862 201.0181264512321 244.88973620851274 194.7340645882432 167.7736502053342 236.75144866368282 164.34961742450835 Oyster-SemiOpen 0
195.04448839464385 260.1846888153791 148.34310426521188 260.1542023710123 148.40541289419343 165.87538749679535 195.1051384557868 165.90587339816744 Oyster-SemiOpen 0
416.000029061237 241.649931 409.61212903489286 241.649931 409.6121662891528 216.09040100000007 416 216.09040100000007 Oyster-Closed 0
80.34023916460501 272.56997540977096 40.49760025250362 304.5282397162823 0.6436910170959891 254.84741261513068 40.485576676608616 222.88961942871694 Oyster-SemiOpen 0
300.16562964220793 300.9407025941947 267.0411922163694 278.94714101451984 322.0051766087672 196.17652284714697 355.12857793537114 218.16961614323907 Oyster-Open 0
340.44618661643835 241.85996142566182 348.9208980838048 240.93816920297132 351.8112415665346 267.50826895098606 343.3365310015324 268.4300556566683 Oyster-SemiOpen 0
73.72232959573375 239.88755964700877 109.203198945037 239.84165384047228 109.2967840055644 312.16500123717185 73.81591465853126 312.2109062374932 Oyster-SemiOpen 0
6.281924110498949 261.6102352940911 21.268814593997377 260.38906174695245 27.74025721308135 339.79825086295614 12.753369863974513 341.0193987411935 Oyster-SemiOpen 0
126.40114277444445 264.37313322304533 151.64551288782604 277.8446992043244 122.31126568286345 332.805536813693 97.06704685141813 319.3341909210254 Oyster-Closed 0
343.5575229999995 267.7448059999997 350.2055126572741 267.51468087194206 351.4038454422807 302.12801504711194 344.75585589505863 302.35813817456534 Oyster-SemiOpen 0
287.9601766950109 311.4590033391244 338.05545493616955 241.170270090455 377.34187168247445 269.1665732194587 327.2475720881339 339.454429484679 Oyster-Closed 0
74.50275623220296 367.6597444939722 46.35032972956469 372.6141053836459 34.448313101867825 304.99341364443626 62.599609650686034 300.03915514362393 Oyster-Closed 0
416.0000346832785 328.183522 409.49630949365746 328.183522 409.4963449445131 308.828924 416 308.828924 Oyster-SemiOpen 0
113.90667983299136 311.9416581846591 140.7516262965728 318.76645085679627 126.33600532671335 375.4580469420994 99.49110328399911 368.63337473004395 Oyster-Closed 0
143.2311816560068 331.50355232310585 175.8480001913813 356.57185893576855 134.0952775083024 410.88348453685927 101.47895054319088 385.81573795165014 Oyster-Closed 0
202.29991487833104 399.2394215293032 179.1771197552589 401.12336669667866 176.00735275221814 362.2246343483639 199.12954598711804 360.3407138191883 Oyster-Open 0
70.83417234629087 32.81389790358856 85.42271641944899 44.4049924118283 53.7941213668455 84.21246444535024 39.20560501906584 72.62140043097018 Oyster-SemiOpen 0
281.5279235093403 6.754688436502983 371.7798975028272 0 381.6041131248421 119.94712474063573 291.35213795236996 127.30226773379239 Oyster-SemiOpen 0
390.3830944981273 79.19052506669448 370.9473820054591 77.5575153567336 374.3300279817304 37.29878188429467 393.7656610969425 38.93178826167297 Oyster-SemiOpen 0
0.7586967877468851 65.20221203357178 40.45337929616289 64.74032813125011 40.93053701887038 105.74719524172468 1.2358545262504776 106.20907772564009 Oyster-SemiOpen 0
203.1394092167866 36.4709002994641 245.0649216754391 52.69213748614949 214.99478617006753 130.41067003342224 173.06932909818352 114.18953309747573 Oyster-Open 0
0 113.85645200739712 7.254914281536912 96.88020103811184 39.851041072535736 113.52805487973933 31.18062692915919 130.50424290172404 Oyster-SemiOpen 0
322.1911227792989 153.87418907912408 242.37962593345583 163.98913962925167 228.5679239368328 55.00485298985585 308.3778624863771 44.89000086844031 Oyster-Closed 0
