102.510153460742 148.95733996746384 74.13786861858898 149.8346358985788 72.46901456005799 95.85898977001462 100.84096841197243 94.98169897097016 Oyster-Closed 0
0 107.465937 58.24773 107.465937 58.24773 176.842766 0 176.842766 Oyster-Open 0
193.49146161242606 164.7629286325316 162.69945517094675 176.1815409377965 139.58054142544643 113.83963433980229 170.3720881740519 102.42111691098718 Oyster-Closed 0
76.52658024441553 177.07747979643972 66.49975297303172 160.9958242494278 98.38879976810858 141.11407424314254 108.41561718319645 157.1956437498627 Oyster-Closed 0
113.392766716599 144.07273409217436 127.58851950322787 147.73235077086005 116.40345569078636 191.11746999408757 102.2077120824506 187.45787748342184 Oyster-Closed 0
177.42430924611108 111.2297786581176 244.0135327562857 105.1091940347484 254.01069298931907 213.86960729304778 187.42147905886668 219.99009679070105 Oyster-Open 0
48.84790178052208 208.1128924159704 33.306437291230395 205.54943388385618 38.961585535224 171.2668511917492 54.502872078046494 173.8302946785206 Oyster-Closed 0
243.14808532899042 205.89306437345746 254.24510636115883 152.08375148397022 313.13061199007643 164.22700246446817 302.0341977143544 218.03577961979659 Oyster-SemiOpen 0
52.61205948147108 197.08193119181183 63.42907384080172 207.6167413488698 39.21312787707575 232.47930054347566 28.39618186531152 221.94455939678596 Oyster-Closed 0
216.47527759774675 230.78155942030048 161.28573516118195 264.8458343062841 120.23127199719238 198.33543463986723 175.41953652090524 164.27167890192348 Oyster-Open 0
67.40422109266365 253.61564182115941 47.49564105315949 251.9943000596212 51.14299938148906 207.21502947410093 71.05121952818808 208.83635653390382 Oyster-Closed 0
346.3812330245346 191.978021261243 399.3101738910482 184.10763794992042 410.9835842686589 262.60593737799906 358.054674456529 270.47619665942045 Oyster-SemiOpen 0
269.83578626212693 319.67014093412763 238.1728376368119 314.46106825797654 249.07379784312798 248.21350983624933 280.7357006896964 253.4224945075382 Oyster-Closed 0
312.52659347329245 328.191354787083 286.46829980986513 337.2093326471568 269.56501577597373 288.37300105167776 295.622634161773 279.35515122165015 Oyster-Closed 0
409.7357134631311 71.09567791804673 374.2830298268891 68.82377044248695 378.83912837089883 0 414.2916459999724 0 Oyster-SemiOpen 0
321.6357176013844 396.50717341373456 294.18366753597365 395.3316305628854 296.850371845474 333.0874989757065 324.3013284323024 334.26301842550845 Oyster-SemiOpen 0
152.97416900704775 106.80559414857089 84.4857061170951 89.87238877860585 110.76123736567752 0 179.24905499939632 0.5328492997269618 Oyster-Closed 0
193.15125641509076 3.0936148310968745 231.6535031106214 0 238.03019585685615 78.12144229277358 199.5279517706149 81.26228865875794 Oyster-Open 0
340.67956556087665 84.69862779072287 272.292411048973 87.2815971431427 269.27858147925144 7.480768371335205 337.66523687882 4.897809165049268 Oyster-Open 0
173.85594259994832 19.47464882173991 195.18696883475423 24.471308048346366 180.48980105498777 87.21407771022595 159.15877919177728 82.21743391455027 Oyster-SemiOpen 0
255.19955145295535 130.53960301575603 216.8092181720931 123.68978848450395 239.4533759905098 0 277.8431652827312 3.6319913137995172 Oyster-Closed 0
344.59883116789933 26.189901874639286 383.45219614931557 29.35435722499806 375.6498395220551 125.15131254795251 336.7964762701231 121.98687805973057 Oyster-SemiOpen 0
194.98239740107238 140.5555749606624 160.08441462743212 126.02752491398665 187.15217141221 61.00971546755313 222.04975830507465 75.53767052729336 Oyster-Closed 0
33.21107500002472 0 65.27836511588976 0 68.02919557913265 53.699403614608485 35.96190546014623 55.29470077227506 Oyster-SemiOpen 0
