371.3944087825039 104.07733706229273 392.44799332203183 114.55442225673443 357.5651993195097 184.64852846392913 336.5116817073176 174.17154651518692 Oyster-SemiOpen 0
48.11673966080343 168.76781500566582 25.676462592746248 138.03344868031368 92.08627552486723 89.54659490703433 114.52647664331744 120.28070101929417 Oyster-Open 0
89.26061546618803 0 107.22536234713698 2.105153970420281 90.54453146282322 28.64623613007717 72.57978690163145 17.35556118507312 Oyster-SemiOpen 0
247.03373888997885 126.81129714453078 297.79139322820265 109.08162960687754 331.2361490501171 204.82577887767675 280.47863407169643 222.5551849416068 Oyster-Closed 0
203.42559781570526 205.33751593472363 159.1894954232921 213.73883504631104 144.59919492500558 136.91708596878985 188.8342312239838 128.51587397259047 Oyster-Open 0
245.95636830111107 212.195265211782 215.14693080398138 217.05855014191565 204.60280745277123 150.2624815182689 235.41157361756268 145.3992515263375 Oyster-SemiOpen 0
392.30521773134024 208.85478418912675 412.79511538263614 213.00245017687158 406.88426241102206 242.20011179615943 386.3943721200485 238.05247032589125 Oyster-Closed 0
322.3773440150035 177.6640526835653 358.2320675488045 193.2601261378249 320.5942544117497 279.78018498558345 284.7397085846387 264.1844073200167 Oyster-Open 0
86.55965324409408 215.95118315331612 45.529870090835175 250.25811365595126 6.425578004203999 203.49410230771224 47.45478813520458 169.18756277493864 Oyster-SemiOpen 0
193.7523066060021 259.44369039046114 172.2539284438608 251.42942158604097 193.43317089435732 194.62208282897953 214.9310774116966 202.63625409259205 Oyster-Closed 0
105.335665131719 269.7889075005382 66.27814180346832 264.07567683174574 76.25253076781155 195.89818029127355 115.30897208720125 201.61133071840635 Oyster-SemiOpen 0
129.3941330053458 227.87603926246896 156.23660370577636 248.89822308220556 122.02554086053715 292.5756839640401 95.18330609293844 271.5537665658567 Oyster-Closed 0
346.3265050161317 228.77606222912846 383.0462854804646 266.70985385631667 321.3552293021203 326.4176103517416 284.6362539145084 288.4846156272376 Oyster-SemiOpen 0
286.12902399995437 263.6541330000034 296.09792437632495 262.01058258215903 299.9116050529992 285.1393492181984 289.9427069227022 286.7828903466502 Oyster-SemiOpen 0
11.567809074931574 220.72691966737048 25.288961811140325 220.00790866863173 28.563106159763265 282.48315905652237 14.841954275456374 283.20216018640514 Oyster-SemiOpen 0
289.6156926977601 289.5584051786728 304.5422085304381 291.63096554663446 300.9607893851171 317.4201086129945 286.03427651151287 315.3475626883811 Oyster-SemiOpen 0
29.074087595730816 251.68306154486694 58.50166241731131 248.01655276160122 67.34629700008736 318.9945097126284 37.918734696304455 322.6609526289326 Oyster-Closed 0
84.65943164336932 292.06485380258704 132.59186124958796 276.5209780240192 156.86486348661856 351.35876198729665 108.9325923585493 366.90229180569395 Oyster-Closed 0
409.82398304911476 14.860630819855214 401.5322328645707 116.85602032281736 305.8846794469464 109.07989574750444 314.17690297881927 7.0850776284956645 Oyster-Open 0
237.58943956026997 90.29065041595409 202.4786935555676 76.47058970868244 233.8533444145105 0 268.9638901142098 10.581964022444415 Oyster-Open 0
67.89970923482906 46.614213744562576 42.20976355654784 50.72734276920651 36.040566003051936 12.195418897083076 61.73045879531492 8.082294275526593 Oyster-Open 0
262.5357403902526 131.58196829410883 253.04702288885164 30.619473672289207 332.82304273564296 23.122062956333664 342.31225546793576 124.08398650575646 Oyster-Closed 0
416.00018435935635 154.293628 381.5707933737467 154.293628 381.5710562785207 86.66077399999999 415.9999400885463 86.660774 Oyster-Open 0
