405.95159366207736 0 405.9515940666279 11.275573006970168 385.4557632777942 11.275572229066961 385.45576400001664 0 Oyster-Open 0
362.9719169394011 75.07525386473436 396.94411514405147 81.73871308652818 384.2509523309236 146.45078231135247 350.278765233772 139.78736535878258 Oyster-SemiOpen 0
345.4470296199579 86.6157688558601 372.5436958329956 95.54909056868497 341.7724793981106 188.8818240921493 314.67586208285866 179.94860965937175 Oyster-SemiOpen 0
30.495322999988275 216.57423099999926 5.087210894464079 189.10367665459154 67.32845306951276 131.5384573704397 92.73631620323067 159.0086945078585 Oyster-SemiOpen 0
182.09420200002205 6.460501696722769e-14 203.86283833337075 0 206.05009885762775 37.835743109097976 184.2814625682622 39.0548893884346 Oyster-Open 0
223.17800984005953 144.0389803230294 268.8601921495065 121.46684940909834 311.7619163242307 208.28877398606127 266.0799685084203 230.8605613348759 Oyster-Closed 0
232.80150390333074 232.69898480817204 190.49751442923662 233.68685429396646 188.6919276663284 156.34565228531545 230.99478465932043 155.3577961229013 Oyster-SemiOpen 0
183.49833426179612 254.01650460016825 137.03662502620864 251.2854170926893 142.6405362907317 155.97120622914724 189.10064435073946 158.70224647667504 Oyster-SemiOpen 0
408.9677490450413 227.15683844992208 399.90308929016464 226.8931043666727 400.71825015977083 198.87999977442166 409.7828140324855 199.14373245520514 Oyster-Closed 0
68.74406574060049 267.37173771347864 26.365353662811685 299.6270124452511 0 250.50081204924564 31.348496643229737 218.24598990113242 Oyster-SemiOpen 0
286.33883279672955 288.84254695016705 255.19948013581597 266.7985046360343 314.4073359658032 183.17111219669243 345.5457757379918 205.2146959924045 Oyster-Open 0
330.1259693936554 228.00759273691628 338.69172264287045 227.57315702124478 340.0372152495511 254.0995521110398 331.4714621895582 254.53398538117204 Oyster-SemiOpen 0
63.563681175935926 233.66773754965558 98.87242520677319 235.67458250859065 94.8264237099138 306.8519447543312 59.51768254739363 304.8451337941489 Oyster-SemiOpen 0
0 260.111796 10.8032 260.111796 10.8032 335.404053 0 335.404053 Oyster-SemiOpen 0
115.04018293493573 256.7451676198844 138.85028604518084 270.61028571431467 106.25108552984602 326.58340717819635 82.4411509932579 312.71851908716843 Oyster-Closed 0
331.7520731051336 254.23120290822968 338.39988035708666 254.3878375321734 337.59234689209916 288.6564462008595 330.94453968110247 288.4998128605801 Oyster-SemiOpen 0
312.17824242268034 326.2672818580106 274.1243290945895 300.52887625819676 324.6783278227158 225.7969943684928 362.7310099558781 251.53482458794727 Oyster-Closed 0
24.405059045438975 297.59243994341756 52.94122305272322 296.92614820822706 54.5615425633041 366.3088991085833 26.02537900592506 366.97517729831884 Oyster-Closed 0
406.40593023587644 315.201519490569 394.2350465942691 314.84744071256836 394.8821039861941 292.61196936070354 407.0528435158776 292.96604604725206 Oyster-SemiOpen 0
99.81347777143674 304.2200504604014 125.65482052634252 312.2273994787824 107.9640340568476 369.30805906088085 82.12275384968962 361.30085151073996 Oyster-Closed 0
127.95783313897118 323.56855817141707 158.60897187810042 348.3356585116054 113.79336243217767 403.7849819797532 83.14273283756484 379.01844581821223 Oyster-Closed 0
173.40251201987485 348.83822433202573 193.04407337110024 360.56191237409354 172.55201451733592 394.88536953764196 152.910568151201 383.16183486552984 Oyster-Open 0
72.7554404047296 26.976516678553928 86.46708613723968 38.39565223586132 52.578943552613055 79.08697250798829 38.867324292055855 67.66786532425458 Oyster-SemiOpen 0
376.5311763130085 0 376.5313799013311 110.60153877388382 285.5734083487914 110.60127633586933 285.5736768733368 0.00006273231796628918 Oyster-SemiOpen 0
375.81614561436436 21.891708183389028 394.96207869590216 24.293536453718836 389.89455602784074 64.68867084695724 370.7486236157929 62.28684629009258 Oyster-SemiOpen 0
0 60.666016 39.562168 60.666016 39.562168 101.707462 0 101.707462 Oyster-SemiOpen 0
205.13498767324927 26.070233230239808 245.0082179231249 43.60613316387195 210.67045001807128 121.68279647736811 170.7972800796124 104.14699483349877 Oyster-Open 0
0 110.57646702569112 5.141660123103065 92.89899715870952 36.902733325088775 108.6773361553971 28.120774775525206 126.35474467620622 Oyster-SemiOpen 0
317.17309038098756 143.25781001083902 236.2984056184141 148.81852121158104 228.87588488039182 40.857387497007515 309.7491810756146 35.29672361567039 Oyster-Closed 0
