271.94459775846553 125.1348436211727 292.0106761715433 126.28522042660889 290.4350878248406 153.76738409223614 270.36900976499965 152.61701117237422 Oyster-Closed 0
350.75308229353686 195.33511958804533 337.0246133145338 187.69542054129818 359.35164931810505 147.57631618771535 373.0799636651209 155.2159612440465 Oyster-Closed 0
0 157.793495 23.229128 157.793495 23.229128 195.045798 0 195.045798 Oyster-Closed 0
55.45053889699557 148.34221875306412 101.90893077873989 147.0384529434294 104.00044916481784 221.56355189254097 57.54205770275803 222.86730185657126 Oyster-Closed 0
147.89111011808927 252.8481267517414 108.16060065597776 238.20683216983397 147.01480916216315 132.78247459805274 186.74393630858685 147.42348624927897 Oyster-Closed 0
384.5314633386952 207.18823057261065 371.8592784229877 218.1473267296556 349.06224325078074 191.78850511731298 361.7343358214712 180.82947597854292 Oyster-Closed 0
202.19259909480752 158.05268077273342 230.95390137836876 174.70509617533918 191.1853134602461 243.38679241263125 162.42418399206872 226.7346093905703 Oyster-Closed 0
105.65326608680698 156.41838871948647 132.77107031636478 164.37404074603853 102.70208701192314 266.86020516448576 75.58434785195641 258.90471239329014 Oyster-Closed 0
215.20865746727213 169.37841904009818 256.16503674194973 184.6372902516252 227.98834407775576 260.26030295003426 187.03208607416673 245.00166791429857 Oyster-Closed 0
247.27731934646 185.72045647408396 269.83065612714927 189.74726242887175 256.8224084456124 262.5978195428021 234.26908721098516 258.5710722885091 Oyster-Closed 0
316.51295502440917 43.850184631796175 287.31574186141734 58.79148046158901 258.5264142075466 2.533458424505214 287.7235624425921 0 Oyster-Closed 0
55.759834775071795 251.39406984551925 25.7518000060154 256.24604146347446 18.0683823428335 208.72880537200723 48.07583976764727 203.87688149372053 Oyster-SemiOpen 0
51.4814989846127 33.51891607969022 39.175403527955496 25.236691000945278 54.17419102503845 2.9508516706038797 66.48027995686425 11.233073837809076 Oyster-SemiOpen 0
361.9159247502721 50.38296064741652 332.1023999708341 35.16616594112007 357.8178779682421 0 387.631332999983 0 Oyster-Closed 0
351.9234441021654 264.2784434934023 333.25476089662334 256.3900089527701 351.251561895584 213.80381716135298 369.9199275695464 221.69217549288777 Oyster-SemiOpen 0
258.9248909466223 314.43532324334166 247.66956287347784 314.0082981254576 250.11028912272377 249.69109639405264 261.3652650729964 250.11811491543224 Oyster-SemiOpen 0
141.6597520295727 253.94446520706916 185.79758203663005 267.99869322027394 159.905639388071 349.30062588998373 115.76795427796606 335.24671677440216 Oyster-SemiOpen 0
122.66726226270475 304.28808261311525 132.3592245264772 312.99979658273946 108.92013607917397 339.07142435211085 99.2282560872809 330.35979689028323 Oyster-SemiOpen 0
51.12281857179187 294.5281147812796 86.11157473780622 312.43613799454533 29.726987888247095 422.5759713619507 0 404.6686489988961 Oyster-Open 0
101.65717574584778 395.8915208868147 87.14118674549536 393.0450347530833 96.22787858909942 346.7191143821308 110.74342882130804 349.56555603269805 Oyster-Open 0
132.7092855126284 343.532664399521 163.15551475260145 341.89812595268427 166.47382759080574 403.6932073607444 136.02760095879785 405.32771263667394 Oyster-Closed 0
185.50330182385733 411.6806879881554 155.4130055292626 409.93459518507234 158.64478262712146 354.2680260222678 188.7339370587215 356.0140853443688 Oyster-Closed 0
206.83390311565745 409.06453365351246 205.6069094875711 366.877871514984 244.61904839682757 365.7435146056188 245.84658798352757 407.92961459250085 Oyster-Closed 0
54.218572432055225 67.19982408615284 37.486254606512375 64.09829206504723 45.437741555051616 21.20152198737112 62.170005247204244 24.30304892473128 Oyster-Closed 0
19.814778782998474 15.201917523273519 42.696336658787914 15.900638177728776 40.771481009360286 78.93520966158569 17.889923146340152 78.23649084506701 Oyster-SemiOpen 0
385.6705046168863 23.78576999503176 410.69083458547175 33.81977133894509 377.26813957291233 117.1604198977621 352.24783751888026 107.12647297495022 Oyster-Closed 0
100.11764145030611 101.35084733883997 107.52985277461266 31.010530369961007 171.54525710529197 37.75623725883371 164.13335418227507 108.09626194517838 Oyster-Closed 0
70.81957652624988 40.017268793364856 101.76413138822682 43.43921384161075 95.33750338303435 101.55459114009273 64.39295065731494 98.13265852575522 Oyster-Closed 0
196.56152460220255 81.11293018846968 213.3532519512264 43.46398410757745 271.1416059108815 69.23782103574166 254.3500635586388 106.88661002794379 Oyster-SemiOpen 0
280.69003708118544 53.875739947673246 321.4046700772378 41.08356177258602 347.19515905541994 123.1680638687298 306.4805651304632 135.96015652736853 Oyster-Closed 0
78.38911385510437 97.45905921380688 57.307506147120876 123.60263766536535 25.74460064190498 98.15133963694483 46.826160295964655 72.00785096579239 Oyster-SemiOpen 0
240.5897891996101 138.6152957408041 180.56450068580307 144.273559948599 174.29180339102095 77.7278312957641 234.31633930843964 72.06960261786047 Oyster-Closed 0
