168.82885603241812 208.30762003218595 114.03488721788017 196.53295832876304 136.03542659425875 94.16217166318289 190.82783240899516 105.93665289748158 Oyster-Closed 0
62.91282232436788 147.91441842360965 89.02273942084139 134.5739390149224 114.7246051181719 184.87528282327884 88.6147621314376 198.21565129999112 Oyster-Closed 0
13.452228000023752 164.79659499999897 65.00047046529653 160.5890545376213 70.98944182725972 233.95761769666808 19.441206868777954 238.16510320113179 Oyster-Open 0
351.73995116069636 89.44150559604353 407.8653293205243 136.67934185143343 334.23023183236 224.16412801622198 278.10551842754285 176.9270167162464 Oyster-Closed 0
99.86837058768651 181.50961576549662 121.10980796529475 199.72821729311207 96.68945324642846 228.19821112789526 75.44813147884997 209.9797328295365 Oyster-Closed 0
146.16788288755197 182.1322062937511 191.48111867510306 129.69934843489625 266.68690347638767 194.68995961176554 221.37457214419192 247.12196286868377 Oyster-Open 0
114.57013046324573 179.19343486680265 134.44118189668006 178.87942002501532 135.18314368249048 225.82799373579218 115.31209230618697 226.14200593890087 Oyster-Closed 0
239.08888904597188 177.6202660944621 282.34040509354236 166.01754998541654 296.0644221484472 217.17348627876663 252.81294681069994 228.77609590240417 Oyster-SemiOpen 0
62.93081373531459 220.30237715662417 79.05909833960322 223.643285399692 72.45355700030632 255.52851104175537 56.32527933036545 252.18762566561338 Oyster-Closed 0
250.1096315871 0 250.10964896551013 39.59381159845492 192.36594830520335 39.59379012090314 192.3659689999913 8.5407832430675e-12 Oyster-Closed 0
225.73074871145218 257.48629792429534 186.22902610011442 292.98828551291217 130.88525871428646 231.41534683768663 170.386148507303 195.91401487219125 Oyster-Open 0
357.03470471675246 207.26965792738963 373.96631341961984 189.46165538165613 406.1609340381583 220.06955597082478 389.2294772579153 237.87740991985802 Oyster-Closed 0
83.98357576688431 250.63929904388033 101.34010293013853 249.3493312589103 104.5135575661443 292.0428471722512 87.15703182255311 293.33280171948826 Oyster-Closed 0
68.29797226344817 250.05436874030983 94.06651109996892 257.9143956790773 70.17598906722924 336.2264231555237 44.4075246035427 328.3665624542467 Oyster-Closed 0
279.8914277355725 331.86360697354047 255.9773245508659 336.35013420702217 241.01714127956802 256.619569434979 264.93025374109857 252.13313830200818 Oyster-SemiOpen 0
385.6516115818704 258.9216820156251 406.1374451415868 248.30289498074222 423.6618693006276 282.1069853448597 403.1761018116158 292.7256757329524 Oyster-Open 0
172.21108745507445 68.47454196730153 137.88889300167284 78.22985241604341 117.72852869035705 7.299525654824694 152.05060535377197 0 Oyster-Open 0
354.3739262724339 307.621448050946 363.55437149180943 267.92923541795636 408.0548139841594 278.2202497411161 398.87490617245567 317.9119982771871 Oyster-SemiOpen 0
350.7467752898847 373.3428521912531 314.68722428694673 378.29769630378564 302.9354400051343 292.7835807798731 338.9931797926438 287.82886339806595 Oyster-Closed 0
156.1162923942029 369.8470322421087 140.03684472159512 379.36325514174837 131.1453468192849 364.3428277814215 147.22465297052986 354.8266585951795 Oyster-SemiOpen 0
348.5065398447405 391.89811408752945 336.28228657061845 323.0384328170723 372.24140080726283 316.6563798983594 384.4662600000229 385.515277000005 Oyster-SemiOpen 0
346.7655371133442 46.85754886448325 315.28879341217544 50.786629056437114 308.96152231698943 0.09730216116177198 340.4382004481995 0 Oyster-SemiOpen 0
3.961142000003747 48.52599499999962 31.839927795961557 46.25031301389645 39.125659433731926 135.50481136858025 11.24687574494601 137.7804766940415 Oyster-SemiOpen 0
350.51001299798736 48.482145927501186 338.01775453247683 71.68548426505322 299.3374143999972 50.860735115402555 311.8296759999939 27.657442999992252 Oyster-Closed 0
117.14355827369218 146.3340786882702 60.918838126588525 140.6266102859891 72.65231470969957 25.047807203126965 128.87596875608506 30.755217971828966 Oyster-Closed 0
198.0664046273232 106.76791430461813 169.81333594036914 126.11783586480728 123.8711467075882 59.03777220058428 152.123979383392 39.68796346428529 Oyster-SemiOpen 0
288.2849454533098 90.11202027152983 238.52021745044476 118.21358344093552 200.993356986266 51.757946538411844 250.7577105422024 23.65651417916086 Oyster-Open 0
169.2096192398385 34.13150020523656 206.7231290428972 27.49284429488611 225.0956472346552 131.31070345824764 187.58215110799574 137.9493067395455 Oyster-Closed 0
146.05423235333728 126.40023286978433 125.34535587077335 126.21178102451032 125.80909844585403 75.26490555033783 146.5177823576887 75.45335650316828 Oyster-SemiOpen 0
333.2094816330973 122.60615566800747 296.5471912692483 127.92700657424817 283.3978764892963 37.323990670910014 320.05965198561535 32.00318009790393 Oyster-Closed 0
416.3403987536658 260.10515919744364 398.65375092659815 264.5933443272155 391.4801093399765 236.32673904917937 409.16654134544297 231.83858269918656 Oyster-Open 0
