162.65466719557662 179.44044682701292 145.6769566850926 179.65132482127217 145.18142722410266 139.74966373391487 162.1589496533561 139.53878689861483 Oyster-Open 0
85.3929179395418 206.08273178716928 59.917139424884226 208.30512146643596 53.459738886936975 134.2833969929819 78.93495654801154 132.0610318309582 Oyster-Closed 0
135.7428509688616 15.199609035240767 138.454363761095 57.39046092335787 66.67405015662007 62.00347867152147 63.962646000010864 19.812735000012946 Oyster-Open 0
118.18783203242128 171.87817362900398 133.2953763999176 155.45718756453795 161.30686500714364 181.22683658223673 146.19942120559062 197.64772540625484 Oyster-Open 0
37.1464803174822 235.86111153416465 10.451065234334237 230.48221796384559 24.20430558792941 162.23226844762186 50.89907498234243 167.61109399006224 Oyster-SemiOpen 0
92.16023965701606 163.21183850524716 129.9432340631538 159.64954373627822 139.47886867686975 260.780817159176 101.69588413800011 264.3430441486974 Oyster-Closed 0
172.79336469862756 231.37024194560294 120.53282930462228 215.04805352837027 128.36650346323586 189.96892074059474 180.62656025193792 206.29102846168786 Oyster-Open 0
217.0202773738929 221.8683695962221 251.32911549447454 212.98167454676366 262.61095058756473 256.5333536256506 228.3021433849717 265.41996506000925 Oyster-SemiOpen 0
154.43164791687013 305.8570389779013 136.59637107571325 299.5944327571477 147.27591434476562 269.18518085636805 165.11092213291704 275.4477350189046 Oyster-SemiOpen 0
295.2922795287159 335.94914494164243 276.6277703590895 340.71793937244433 247.03134406691606 224.8960380878504 265.69483704881713 220.12737721610236 Oyster-SemiOpen 0
207.5850422831354 254.90607626147207 233.45532805988478 235.68686199269388 284.6779226214967 304.6269644384868 258.80799262597793 323.84576982672246 Oyster-SemiOpen 0
25.552236432034988 335.2808525365525 20.670288610996067 300.28372666392187 71.20931073361135 293.2348029293215 76.09166957864 328.2314388378617 Oyster-SemiOpen 0
378.8944779714111 22.067992454763992 376.32061422566767 66.26088188169727 323.78658573560097 63.20113568864401 326.3605309999766 19.008336000019973 Oyster-Open 0
125.62009659576506 344.74885800605756 108.6911281242792 301.3160877873657 127.62372018959286 293.93805401082585 144.55278847278169 337.3705755402236 Oyster-Open 0
360.09682142326346 284.21955814018696 380.99412639229195 284.4039230140611 380.4827418973546 342.35850131913196 359.5854369523513 342.17413939517047 Oyster-SemiOpen 0
233.77531306367382 292.11466320311104 267.99096250870207 312.20138357855154 225.58449007335366 384.42169282317604 191.36920903783175 364.3354738410116 Oyster-Closed 0
139.4020114529012 376.6853723894384 111.43642700222335 384.44322464148706 96.94927293149522 332.2298171747211 124.91396079668266 324.47209674362864 Oyster-Closed 0
18.836507894568058 420.75110122037813 0 407.0602485419469 32.35349156273878 325.19931581706874 59.751134831865784 338.88976404408106 Oyster-SemiOpen 0
361.81873627446475 343.3410169812455 378.1396838860237 343.3619515240859 378.08747952703925 384.052207228492 361.76653191496007 384.0312729580728 Oyster-Open 0
131.66080968486494 371.07836751423645 157.8213840667304 367.6136278663822 164.0414090530212 414.5657256474049 137.88084571494983 418.03040862094974 Oyster-Closed 0
203.0003841037651 416.0000594310772 203.00081075303387 371.7614246108106 230.78747505023057 371.7617803447547 230.78747472243776 415.99998828771845 Oyster-Closed 0
95.0018650177517 377.6114564452629 124.93107488463647 374.2971707866869 129.53510309969715 415.862101179218 99.60590098146349 419.1763385746919 Oyster-Closed 0
327.11156865913654 380.7547925568962 342.46884863106243 377.6715224265682 350.0355734907025 415.34995516517466 334.67830582299575 418.43318377069306 Oyster-SemiOpen 0
310.99136722123876 375.9016369017556 315.75694997951723 415.8917784788396 289.5376806874083 419.0151011867153 284.77250334843484 379.02532854185694 Oyster-SemiOpen 0
189.6978323821677 99.42852051677667 174.04459817238603 148.19592395924076 149.2213332252977 140.22832547058954 164.87463891637526 91.46105254805714 Oyster-Closed 0
