144.22909981031262 206.0580087091241 102.81897875769937 206.27825121995824 102.41298391003875 129.8622198075687 143.82217759788546 129.6419797484434 Oyster-SemiOpen 0
127.00324763149183 134.71842556107723 161.45098555058212 130.00328970865857 173.08906535604547 215.0244871960428 138.6413401746213 219.73956068325697 Oyster-SemiOpen 0
258.7817859576462 209.3689509815017 236.3237468216612 210.8300289715437 232.45705287191595 151.3954859309078 254.91466743288765 149.9344218178053 Oyster-Closed 0
254.29585013712494 161.1213285808262 281.19831451193386 160.18440658466483 283.1003486099835 214.79560165901538 256.1978846041129 215.73251515895595 Oyster-Closed 0
284.97700343376346 227.96421924542352 257.5335879926715 251.82940337624888 199.65769627272675 185.2805951015413 227.1005618206509 161.41581394115602 Oyster-Closed 0
299.79164053216664 240.68303972462343 276.1359357203728 245.32713007891212 268.11340747854774 204.4651645172972 291.7687372454784 199.82111201620947 Oyster-Open 0
65.67263443100455 14.181392688848291 76.67776488330492 10.758643124941528 88.60673997513368 49.11369839059762 77.60161115432493 52.53644411101133 Oyster-SemiOpen 0
119.54180302065652 231.87640223042524 143.20059060620406 222.9035640452327 171.83356016392645 298.39179291886956 148.1748609181377 307.3644618112866 Oyster-SemiOpen 0
289.95252870231707 256.5892472786975 311.9292877250409 252.2854743717199 320.5688610707184 296.39689996304594 298.59211502241305 300.7006260116712 Oyster-SemiOpen 0
280.9640039623737 71.73458372930689 244.5772314203714 75.62339537219151 238.4699137240459 18.477893793469143 274.8565096280545 14.589092070448936 Oyster-Closed 0
121.01997440847481 314.8985357992187 75.15092553983777 301.9263663473084 87.49626057643763 258.28204732507993 133.36431888936568 271.25406815345735 Oyster-SemiOpen 0
320.6975844244662 259.297700780181 338.3370591614148 262.37279701314475 325.7881441796162 334.34570286637063 308.1486847164597 331.27066531961856 Oyster-SemiOpen 0
198.73445898119462 284.3684596553619 233.83423803111873 281.607568822557 239.6142830200224 355.07796987581037 204.51451074629585 357.8388032305332 Oyster-SemiOpen 0
81.61469662381933 308.584281346011 110.23826618140811 305.83300090729006 115.70956799616397 362.7442321431665 87.08600548065806 365.4954662955214 Oyster-Closed 0
114.68004115860822 364.76353433740826 106.57496682291821 358.12460271079783 123.63003129749995 337.3077054506089 131.73502166852631 343.94658223946016 Oyster-SemiOpen 0
133.68986200001746 416.00000000001995 133.69133065087226 365.6520010016631 188.42612446867133 365.6535344394802 188.42560513264107 416.00058603119766 Oyster-Closed 0
331.74224824849443 138.77011969472932 304.0142916869372 110.33353653570545 346.3589018525636 69.0451066173915 374.0867097567025 97.48153097816288 Oyster-Open 0
369.0384452528706 153.51525431328594 351.46532549982294 153.53004293132233 351.399283483468 74.85721387643859 368.97211237249576 74.84242538443281 Oyster-Open 0
118.07339639424026 152.7316344065015 73.31405075879957 165.86379986097765 40.76244019125443 54.916760565385964 85.52089320039886 41.784734771171884 Oyster-SemiOpen 0
323.75568166414814 169.5674645536306 280.6742684500823 169.84803058875548 279.9616897541746 60.350671100500406 323.04216609890136 60.07010807751028 Oyster-SemiOpen 0
