12.126504683175881 47.48680957604017 38.34425937134074 52.22899933459086 22.237580194829206 141.27549915575435 0 136.5333442016556 Oyster-Closed 0
353.99657128026956 114.78667158428624 376.63571042532203 118.69513992005959 369.7742583918225 158.43769067691363 347.13512404954236 154.52924131153623 Oyster-Closed 0
333.97987240332077 110.75079582017594 354.5272948445272 116.83140514141556 340.4699566482377 164.33205382377164 319.9225490336139 158.25148078061773 Oyster-Closed 0
161.4182112861563 0 161.4182172840883 25.774172273927345 125.0544904198905 25.774167437605946 125.05449536832748 6.848595585021939e-7 Oyster-SemiOpen 0
256.6951399350801 86.39057393749961 292.5823378138157 101.45942650403072 258.45163834525374 182.74083768842596 222.5645284530401 167.67214126234836 Oyster-SemiOpen 0
102.1610699894809 0 102.16107222926439 16.48876198128105 64.45778391914064 16.488759887455615 64.45778601236088 1.2286458085194783e-8 Oyster-SemiOpen 0
181.7735830720012 0 203.1718932645963 0.05947548475596329 198.83375042183616 39.82972782309396 177.43544027208918 37.495600752268984 Oyster-Closed 0
45.37747099998887 0 45.37747290847983 18.80269035101967 20.436519152863184 18.80268841690921 20.436521059131337 3.761490150280861e-8 Oyster-Closed 0
267.21747372540995 144.97358684064093 282.22974086268005 145.83546652533536 279.04374987032134 201.32649816613397 264.03148334030266 200.46462579078766 Oyster-Closed 0
343.74412859610675 212.22187335162326 322.39489870557736 196.18106573098967 338.739940976513 174.42852886769623 360.08903872638984 190.4692625173172 Oyster-Closed 0
238.288026334576 231.10535578162649 210.7350093397472 232.33575736116396 208.07321916438013 172.72707130451715 235.62564811239645 171.49668294301935 Oyster-Closed 0
358.4781508309461 257.0911450260378 339.8650869452431 244.36763182790148 378.86608526502096 187.318951718589 397.4788056730504 200.04230322183676 Oyster-SemiOpen 0
179.20473534729535 44.83042807479145 159.50823068946556 44.327908474630235 160.6518023693061 0 180.34827087538724 0.008363363250244206 Oyster-Closed 0
63.507877084150095 180.42422921248618 77.59210477088345 181.82354981632116 73.07538677309276 227.2813869680944 58.991160784629756 225.88207777005854 Oyster-SemiOpen 0
247.1759111086576 212.70710553526138 279.6088268619569 196.0887418517884 303.78481767967605 243.26741634566213 271.3520238946694 259.88560198075567 Oyster-Closed 0
358.2307204974459 276.81988063283353 352.96708602449144 257.52574231286843 367.5302305194273 253.55327359226402 372.7939071539331 272.8473436153906 Oyster-SemiOpen 0
122.36641730621704 209.23621067421385 150.59978343459443 209.54433643897806 149.8769372752613 275.77180675684724 121.64357118982662 275.4636853619263 Oyster-SemiOpen 0
281.2109224717424 246.4232791410869 304.58573958299894 251.09456582010017 298.09685207442453 283.5605980593199 274.72204521105596 278.88934740121226 Oyster-Closed 0
351.4370020369788 261.82929770161456 364.8213848418891 267.02567331756035 354.86408047195073 292.66939575854036 341.47971633411 287.4730550767709 Oyster-SemiOpen 0
320.07614693548385 254.41382581990874 331.9669097967453 255.72565273911016 326.80959430670555 302.4668707924063 314.9188338744025 301.15505894065507 Oyster-Open 0
0 205.422604 34.394988 205.422604 34.394988 282.777102 0 282.777102 Oyster-Closed 0
44.81986698529363 312.70602280165474 23.666565263421944 315.0528600198812 18.03924009300681 264.33610452245614 39.19199586085233 261.98929797129904 Oyster-SemiOpen 0
43.578407990000414 311.2151570624162 33.63212170517363 305.3353097187378 52.26801807646916 273.81605047172576 62.214158487964596 279.6958425124868 Oyster-SemiOpen 0
346.18770031362146 14.93641052946889 363.31628786021247 15.35247185684895 361.79806946499593 77.85492581939505 344.6694819727927 77.43886558062057 Oyster-SemiOpen 0
293.9052477702935 22.306830845870714 310.2898666858164 26.838355257416207 301.1629551274964 59.83841061017259 284.77833851631294 55.30689183783177 Oyster-SemiOpen 0
0 278.279125 37.056636 278.279125 37.056636 349.285604 0 349.285604 Oyster-Closed 0
277.25599738042 11.771323137570844 289.7508346724171 18.10653417966397 262.4960395026392 71.86057983549944 250.00121098249292 65.52538269969251 Oyster-SemiOpen 0
322.45464145539154 350.99355422910656 336.3685832115807 348.31512290192376 343.6028116486341 385.88685037618643 329.6888792931604 388.5652484922176 Oyster-Closed 0
125.3125588516341 8.336883306576597 127.58033561638513 42.26657473036704 96.42280759704954 44.34904024983326 94.15505664157172 10.419373101157532 Oyster-Closed 0
275.0048692678247 398.7024854142978 267.6966116155054 397.930414175373 269.4103143764878 381.7136923090815 276.7184903399175 382.48575917914815 Oyster-SemiOpen 0
35.83661919267615 373.26800693603417 19.909151976418798 386.02011028844487 2.540136786410585 364.3311038575141 18.467421672448836 351.57911444455107 Oyster-SemiOpen 0
0 367.147883 15.918051 367.147883 15.918051 398.152408 0 398.152408 Oyster-Open 0
152.42858767264624 370.6775534687313 170.29691670949614 394.1684659121262 124.57992198225111 428.9326743429107 106.71210715535926 405.4422305560493 Oyster-Closed 0
276.2957941576824 6.0808835115547275 274.78232290330925 20.365937356057646 262.8872591089348 19.10567915133523 264.4007320000019 4.820627000018686 Oyster-SemiOpen 0
93.92319767019217 40.7303567683507 110.14497507729538 46.25070928137862 99.21458645273742 78.36990317831777 82.99281368538504 72.8495604718223 Oyster-Closed 0
219.77739872828897 61.340656844191415 238.06299435931578 53.22214644916172 259.80044580077083 102.18164687537079 241.5148687466717 110.30012552888805 Oyster-SemiOpen 0
241.51183728012984 0 241.5118428942733 25.026613265298934 205.19721960372772 25.026608763275853 205.1972241377298 2.724946119297109e-7 Oyster-SemiOpen 0
