321.4231866977643 80.61574787244196 357.39690970072843 83.33237044416003 350.73870009366874 171.4986624042267 314.76498000702486 168.78206705513367 Oyster-Closed 0
174.39022381708492 92.56740252331133 210.49038608785486 104.06013660660463 186.46389503173486 179.52807881852422 150.36378169649106 168.03545490366767 Oyster-Closed 0
106.88892940968435 172.75344439340432 78.14088387297306 174.28976203742872 75.40452396808541 123.08444246984604 104.15218794413522 121.54813501552603 Oyster-Closed 0
340.6904080632121 8.788554554914334 338.0493967035145 46.48027658626115 300.5678400148681 43.85396361061939 303.20888199999536 6.162277000001224 Oyster-Closed 0
3.3708672016800847 196.22975692145482 0 129.46932838673183 47.95987252678606 117.22317439369283 61.92380945490004 183.98302562671952 Oyster-Open 0
185.24254395851676 191.69580046373972 155.30252905491216 208.8305023255621 127.17197826288248 159.6795415980077 157.11156999997547 142.54499400000083 Oyster-Closed 0
365.64491466402615 159.59974565227625 393.5513411469692 214.6423569511257 307.1369525587397 258.44947666048876 279.23167223140626 203.40784668405456 Oyster-Closed 0
116.33176285167428 215.33007702580792 94.96126573760193 207.62579528186055 110.90178475160428 163.41268969158716 132.27197713792702 171.11691092690884 Oyster-Closed 0
242.283758098205 250.65145768723374 180.88696197297395 259.3014271628425 166.65899968541635 158.31228417471908 228.0536060562008 149.6624697086167 Oyster-Open 0
244.9066082485806 193.1875862615581 292.96784215142543 203.42029484546325 280.48515137299546 262.04411143967906 232.42395359498914 251.8115255718637 Oyster-SemiOpen 0
118.1764699482228 219.80620901180467 166.0835778178589 195.65587614358884 200.5807751787106 264.08181194489936 152.67392040820414 288.2317528893932 Oyster-Open 0
304.1761881788225 59.98532673961526 257.05509306085514 62.503606064036646 253.85935299995617 2.7043860000010205 300.98027247503705 0.18611172726663472 Oyster-Closed 0
67.5479349296038 267.94446884288146 49.07219371067549 263.60631223378624 58.55332455048119 223.23246226633364 77.028745681273 227.57057955420441 Oyster-Closed 0
26.559463803900144 300.2330576912553 2.317589704733109 285.313968329926 38.56140610893999 226.43002376137724 62.802670212229714 241.34886558485744 Oyster-Closed 0
0 265.38773 4.535475 265.38773 4.535475 293.190703 0 293.190703 Oyster-SemiOpen 0
222.98155993195178 355.91120049850485 200.05100255622892 350.9696768251564 216.57682756060603 274.3001982189854 239.5064206150637 279.2416142749735 Oyster-SemiOpen 0
377.4130567226239 348.96733762529817 358.1863502592205 350.47710760205644 355.1037588771178 311.22567379416034 374.330025480318 309.7159212194916 Oyster-Open 0
260.42920846046763 323.31308445637137 298.26080314285355 329.0083020336508 286.23698748054085 408.8606988868434 248.40542585968433 403.1656298718669 Oyster-Closed 0
74.47253074865512 341.02244549025943 89.4376921780131 341.77139365729874 87.67601139240287 376.9647334245254 72.7108505809847 376.2157936002016 Oyster-Closed 0
228.54551207765326 393.67969596385785 219.83966891191812 392.14359099783144 224.67058165663911 364.77202258425655 233.3762667230949 366.3081132591441 Oyster-Closed 0
308.43544100001964 415.9999999999785 308.4374821333222 365.41721592339263 390.2895786866793 365.420284384904 390.28896139990684 416.0016277711847 Oyster-Closed 0
159.79727482648013 413.2256673817032 143.57382008666536 397.5604056316495 175.30574990736932 364.7069006021798 191.52893718173436 380.37191576554153 Oyster-Closed 0
294.4949949366055 355.82809101561173 321.2692028500169 363.11703083316877 304.8839274345082 423.28878436658636 278.10977900000216 416.00000000000176 Oyster-SemiOpen 0
191.51345302460686 389.9324700460223 197.16487090145165 404.16894781059096 176.26475569031754 412.46311795271833 170.61347124131862 398.2267532668472 Oyster-Closed 0
178.0476749330628 17.55251225876936 201.27239691006253 23.165591775120994 192.14164044477366 60.944988542970854 168.91692115334808 55.331916562881645 Oyster-Open 0
363.674058956356 13.745184473873362 398.1980007848506 16.65102777774909 390.1123258428561 112.71531034135363 355.5883848805461 109.80948277697053 Oyster-SemiOpen 0
12.902400902246882 11.456180922751544 34.74275373102864 13.618881224302584 26.46347957699618 97.22802178877664 4.623128000032011 95.06533000000111 Oyster-Closed 0
151.4518053814827 12.48237063244466 195.21584404874739 52.01042605053082 116.84424082003898 138.77944455696218 73.08050517421361 99.25170795124211 Oyster-Closed 0
169.60487421609287 55.06808501769062 205.0269679896992 46.29848767161914 222.00348519618274 114.86923348115583 186.58140854403973 123.6387844818463 Oyster-SemiOpen 0
164.88848402690564 122.61579707041918 145.87909816730462 115.87483267659725 166.73366282046845 57.06659502684313 185.7428768128775 63.80752596529513 Oyster-Closed 0
213.01636595885793 48.12602399863855 249.3411335103592 51.72298146247972 240.51544625934184 140.85013089967146 204.1906826293416 137.25320095776138 Oyster-Closed 0
256.13600090385444 61.9013119974589 310.627285954135 62.19903398469641 310.201778933515 140.07734470941858 255.71049393123758 139.77962474763694 Oyster-Open 0
