328.98572976829746 201.55087526597362 276.45096413322244 179.17075962050671 320.623897920952 75.48608300300694 373.1574008623902 97.86588910554171 Oyster-SemiOpen 0
81.23762650483695 73.35752308115748 158.35487420722347 92.9809869855387 125.97970651424475 220.20602250602096 48.862563156191754 200.58289188471772 Oyster-Closed 0
407.70070572232726 220.7189941062249 372.7591973173112 219.4988800588575 375.1613235734658 150.7257699791309 410.1020019999596 151.94586899999925 Oyster-Closed 0
256.81148700806443 232.92619086399085 205.0932743298763 251.71968891620625 177.66433219287137 176.24139415812874 229.38114832218344 157.44817927964243 Oyster-SemiOpen 0
154.80101548169478 113.2861477428848 210.5610870858145 122.83649532368113 182.79739955535115 284.9261551341268 127.03740812166143 275.3760790649366 Oyster-Closed 0
302.4381733098635 290.72863311695573 271.5578129331916 290.43710618221377 272.7104649132634 168.43362809183688 303.58937750649056 168.72514842709077 Oyster-SemiOpen 0
99.60605057931753 178.76057161857415 137.22025574072904 265.3428233862056 65.54794394632336 296.47507368490676 27.93540228085112 209.8942308068897 Oyster-Open 0
0 194.235844 43.298254 194.235844 43.298254 292.997019 0 292.997019 Oyster-Open 0
261.7580969525334 233.93412176644318 331.8310463921698 243.59702831741657 315.9673140095838 358.62043328108166 245.89441686630744 348.95781618540644 Oyster-Open 0
23.949683188307972 262.0877243897924 39.9528727732868 273.4853246979607 9.656588919417118 316.01753637263755 0 304.6200875945987 Oyster-SemiOpen 0
154.7003653562424 381.1267954778468 114.8339225396303 400.78537093007236 82.03261510580342 334.27974683399236 121.89749099728215 314.6216315341869 Oyster-Closed 0
314.71248700001524 0 355.6361214117351 0 359.5845544782678 76.13820228583386 318.6609204219603 78.20437200147369 Oyster-Closed 0
262.13655547967574 328.1800883355692 318.8609964915486 329.13525138772803 317.59092959618283 404.54378681733726 260.8664889197644 403.5886471751465 Oyster-Closed 0
245.80606118205105 384.2293313035487 228.62574769988714 404.8172963225966 216.51582286624034 394.71435682631466 233.69606946798376 374.1265028691782 Oyster-SemiOpen 0
273.27348269896174 0 273.27358689640096 81.02839409303434 200.18079433437742 81.02829272363302 200.18089194441563 0.00000417197030233574 Oyster-Closed 0
305.1533383119677 0 305.15343961786857 99.84012077644455 260.27496702281496 99.84002367790778 260.2750604665598 0.00003130485093591886 Oyster-SemiOpen 0
306.8381004733019 57.157350084550366 339.56685641644435 62.87453792669145 331.23700878216187 110.55923973914183 298.5082578256697 104.84207252387021 Oyster-SemiOpen 0
127.40187990113554 3.898028978659128 187.65157666391679 11.13052782095305 171.80212581243904 143.16187320485307 111.55244249748648 135.92943952562518 Oyster-Closed 0
21.786796300973947 0 90.09863543143729 0.9988633978870763 62.164029088551615 201.35079125329162 0 191.8265158969882 Oyster-Open 0
189.15039390114543 50.750915105242775 263.5857969116769 70.01820433800448 241.04064560566985 157.1154338238598 166.60531001196432 137.8483039900288 Oyster-SemiOpen 0
