378.6872779999576 118.02059700001183 392.9466286255192 109.28819348806277 418.37025459208235 150.80180882318098 404.11094174460595 159.53416180298717 Oyster-Open 0
288.89815985060704 101.50692634052338 323.6306132978789 91.99198566803662 347.0639826721417 177.5284475020329 312.3315689390656 187.04328318261477 Oyster-Closed 0
156.52274164318442 120.74526432853597 195.25957261796793 123.50606212025356 189.6035075386353 202.8631252007776 150.866679651328 200.10235891925987 Oyster-Closed 0
61.04360065380024 151.35287769094285 85.60809711773982 137.09372046726043 117.39249397401 191.84671270860488 92.828097056361 206.10573417444536 Oyster-SemiOpen 0
233.8062292228351 155.72696267651722 261.1463987975767 152.80967382828675 265.673660402972 195.23599026153173 238.33349368344716 198.153259863994 Oyster-Closed 0
74.57531718541577 208.56617009909422 37.710836891237705 244.5361245223137 0 190.8451855505794 22.183471978914895 154.87572428797478 Oyster-Open 0
189.3693829529184 217.570840977601 164.06482317698465 238.34204711918431 124.75296123032967 190.45357867368242 150.0571721622182 169.6826017877411 Oyster-Closed 0
249.05229832387704 220.21554876702575 230.38532163065975 216.0805281347211 237.16529759681725 185.47598152009795 255.8320742680371 189.61097928413008 Oyster-Closed 0
128.89701778293602 237.89494331906923 115.24305358687343 234.77112029377335 123.73590600226817 197.65323793210192 137.3896792432497 200.77703830155227 Oyster-Closed 0
123.58746274317309 241.87404928837054 113.33269039482911 241.4761234629684 115.0045418168229 198.397165841064 125.25914350415405 198.7950883577278 Oyster-Closed 0
263.70751899349125 243.4335981752111 212.56393730617492 280.195566664666 157.77312663328485 203.97597159950936 208.91535764673245 167.21470394359707 Oyster-Open 0
50.30116491005538 221.99511419635513 73.96023812463318 223.36833628941028 71.77689669459869 260.981112161735 48.1178244445764 259.60790109099275 Oyster-Closed 0
300.5612364380395 276.40455015510923 249.51983537516207 280.5995836741051 244.1765423083416 215.5856344871256 295.2165317727704 211.3906586424788 Oyster-SemiOpen 0
79.38447699086828 269.0133538537811 64.36706970729574 273.9143036424604 59.806016375372565 259.93998146169395 74.82332862291514 255.0390484408429 Oyster-Closed 0
97.1448092618557 301.8664582265081 77.61228314930486 301.5191490006155 78.35282316180019 259.8902559605043 97.88494508761505 260.2375615789864 Oyster-Closed 0
401.85178252314654 316.6344832808336 353.74207763909 320.80016848076144 347.50129274052597 248.72631174613718 395.60928257247724 244.5607010234591 Oyster-Open 0
18.82828897012223 295.4855355178367 28.73961206068998 294.22378287207044 32.64474284793323 324.89434290666156 22.733421786077088 326.15608493392364 Oyster-SemiOpen 0
36.74569718656858 342.85322687942545 22.155734458785446 342.5752596382035 22.87455624064023 304.86135980005696 37.464202000017394 305.13932400000016 Oyster-SemiOpen 0
238.31308369474573 291.076578843259 261.25887838291965 289.78534682067294 265.9273591095225 372.73120096861794 242.9815671841061 374.0224015095279 Oyster-SemiOpen 0
415.5721484826572 347.8110928041971 394.6799985120524 358.62963385482357 374.4585566788119 319.58645346039435 395.3502584562011 308.7680533753228 Oyster-Open 0
274.8620493019989 82.02869121362038 229.55426495400388 94.58075651464246 208.38769048014 18.17804553986151 253.6951103692627 5.626039262017639 Oyster-Closed 0
330.6818783246963 418.3905133421539 290.0097443279956 413.678093977547 299.2377681958387 334.06192820045635 339.9077743554626 338.7742234373387 Oyster-Closed 0
121.31580834230408 370.681475049748 136.67548778659693 370.43496773206414 137.3019188842154 409.45719783610645 121.94223951828826 409.7037018486254 Oyster-Closed 0
416.00065539927164 416 362.77999108011863 416 362.78072411095127 366.829081 415.9995942194655 366.829081 Oyster-Closed 0
219.17526714830092 386.316497412243 239.73205741292986 388.89269407715 236.0213717696497 418.4938265186265 215.4645865757593 415.917657082595 Oyster-Closed 0
332.24085299999933 415.99999999998744 332.2414889749343 372.99486002633927 360.6022085075929 372.99530807049325 360.6019939998587 416.00002969842785 Oyster-SemiOpen 0
233.07244800001718 416.0000000000205 233.07251015149086 409.93172942476576 249.53940380665517 409.9318512649671 249.53937799960477 416.000085653656 Oyster-Closed 0
132.24778468425575 41.05596828848592 153.91334294546323 28.218463321141954 188.6855095350984 86.90232574323699 167.0199892845194 99.73978124251784 Oyster-SemiOpen 0
348.7358244657953 124.6664050650374 323.78482389666533 125.87851895938944 319.23545741835187 32.22821536412365 344.18610659662227 31.01611048101898 Oyster-SemiOpen 0
139.43341702407633 157.29291608867544 77.16554199131133 155.64139694797504 79.92182010682882 51.749895632305495 142.1884218123414 53.40139713512746 Oyster-Closed 0
224.29264988170326 90.86388451146534 277.1672339684992 75.16400977372332 297.65222112079937 144.15275209531725 244.77768810919224 159.85251039959843 Oyster-Open 0
178.15717287490406 78.89041655802977 215.6497921735754 68.61922325922237 240.45053418881434 159.14671691924113 202.9579537318641 169.4178073356174 Oyster-Closed 0
222.12994123538374 283.48888289548137 183.83182712631606 314.93185408647145 133.72327857976416 253.90587650708284 172.02047895676515 222.46350516523174 Oyster-Open 0
377.6730947246506 172.31239690796693 402.33385261928925 179.44106347735814 381.0028960241143 253.22739586075988 356.34218048696493 246.0988311182327 Oyster-SemiOpen 0
0 22.375112788419308 22.352872607447352 8.574357067331546 62.83315808637417 107.81147160263652 29.00056771410891 121.6121427851584 Oyster-SemiOpen 0
