153.29410020051 155.93824791774898 111.03995919216686 153.40154593131092 114.68571983164657 92.68080610339604 156.93930787944555 95.2174915940285 Oyster-Closed 0
333.7503074571796 101.08265186325217 389.2981891533782 110.44106367118329 374.24930173042594 199.76216998608666 318.7014502359998 190.40386996900125 Oyster-Closed 0
312.16447761765085 146.9351581487279 333.89245373832455 152.1596790711184 316.84337772680374 223.060094068147 295.1154233387788 217.83563572310297 Oyster-Open 0
117.75737866889176 143.95113547226717 147.3574698353441 152.46920953096597 128.63150912501442 217.53787596738823 99.03145618111375 209.0198937120652 Oyster-Closed 0
291.36329799517625 232.823280824991 274.9983744507663 231.50896860774122 277.25546970106734 203.40868494680657 293.6202169549506 204.72299005010572 Oyster-SemiOpen 0
143.83178673536167 179.6491882714405 176.19129022022025 207.21625531382892 133.33555688316483 257.51776060840035 100.97638105637088 229.95104583749588 Oyster-Closed 0
239.37070776140536 271.70071502482676 221.08814731661914 276.96208832582073 204.2049854381803 218.30116999684518 222.48707533372362 213.03987018150974 Oyster-Open 0
176.8390261749846 271.8354496376005 167.04867453778206 237.63495579638587 200.01536299999134 228.19887999998116 209.80586856573427 262.3991112462005 Oyster-Open 0
53.576518106186995 20.581415958132283 78.92977836019782 0 154.45413600289248 27.11979576003527 129.10097228582526 67.73076786339358 Oyster-SemiOpen 0
163.0359207423462 316.9064273603017 159.5522629901934 350.1891848541043 132.66674211525242 347.375435881479 136.15063089223622 314.0929410196232 Oyster-SemiOpen 0
9.953449789085425 317.8444941200783 49.3897834795207 306.27203187710234 69.6257495614118 375.21799838985936 30.18952218693812 386.79020710257964 Oyster-Open 0
218.57924667568295 419.0139714145492 199.30045690678526 415.8709115903347 208.9047876872064 356.9787795165159 228.1828137819648 360.12177618568694 Oyster-SemiOpen 0
402.85668180211724 120.20779551652653 328.02811811174615 105.66210510504146 344.94156453645337 18.656685509148744 419.7692599343318 33.20228342631284 Oyster-Open 0
178.5457758561024 9.539316151717124 232.98127476005902 11.404996690653551 229.56540195299021 111.07043089636862 175.12990271641684 109.2047601469523 Oyster-Open 0
241.1833486762116 18.128990180624136 275.80186501422213 26.14637256127365 257.1157289703915 106.8313660251137 222.49722588081931 98.81401981627924 Oyster-SemiOpen 0
107.74272450381613 69.99352389864231 65.32587662779406 101.99781243362324 21.089016803729464 43.36871828910878 63.50567414345642 11.364535669454431 Oyster-SemiOpen 0
95.3774811414005 45.435553080539464 142.01857510703485 63.66011417789235 118.2076127610926 124.59740107967947 71.56656614087478 106.37292857827127 Oyster-SemiOpen 0
9.785551398654206 36.05585379078494 35.91035227048269 36.66650769432044 33.42381204545018 143.0436121185462 7.299011368329957 142.43296344486785 Oyster-SemiOpen 0
