122.37352104601086 152.80365285078665 85.55718211124986 157.5455007419911 77.36943805362898 93.9748295388703 114.1852631215479 89.23301549136872 Oyster-SemiOpen 0
190.4457006001212 201.77598294244223 137.98795260894985 190.34031623303355 159.0132167217489 93.90064583009993 211.46966605018315 105.33616595234173 Oyster-SemiOpen 0
125.56722171094225 121.91588543068998 179.61244532424462 133.5841031378102 156.4349242010976 240.93272816768112 102.38975592552015 229.26471474281712 Oyster-Closed 0
56.57107062611249 177.61483101126046 105.0403291935254 175.63523534823037 110.42594819796068 307.4868019260034 61.956693579431885 309.46634122968476 Oyster-Closed 0
275.27224391383425 218.97977462423898 303.47811654337056 177.1054245519291 378.74207272169224 227.79798943579655 350.53705278873895 269.6715841470758 Oyster-Open 0
253.41334996888327 160.51402046543734 320.86848996144545 254.26236097215312 228.502500667586 320.7136746426064 161.04985567537005 226.96757392953174 Oyster-Open 0
186.92896255228334 404.38669402787616 84.43285455096338 402.7089704759676 87.93182963967047 189.3429997367933 190.41606020142717 191.02062360308014 Oyster-Closed 0
416.00053133520487 369.57564900000006 392.00966950244765 369.57564900000006 392.01042328226686 255.604021 415.99986990371326 255.604021 Oyster-Open 0
1.5139284468750702 117.53190350068164 0 8.312124374060502 96.72926061259932 0 108.82188450466492 105.65098320252854 Oyster-Closed 0
163.37656507922293 102.86366923312224 91.68356025636967 107.93561510798583 84.05847131417613 0.14827238512373678 155.75075703821858 0 Oyster-Closed 0
212.37495439972918 90.30719948827564 168.68494922109676 99.34284361528827 156.5585938276563 40.70807077896945 200.2482965235722 31.672459513049887 Oyster-SemiOpen 0
392.00641521454963 0.2765549833123186 412.15848417007874 0 413.9617175685016 98.69250307930444 393.8096486923314 99.06036305166283 Oyster-SemiOpen 0
202.461973999998 2.687568705836672e-13 293.12342150087716 0 298.865064093181 187.6033048717138 208.20362284746443 190.33807231453758 Oyster-Closed 0
