373.2888317935467 162.57298894647175 354.3062625901148 155.48707964652283 375.4906090583863 98.73816900879494 394.4729399685566 105.82402914020788 Oyster-Closed 0
347.8731528712051 174.69282544967052 316.68471652185326 173.89794410978703 318.8945366223197 87.20638152024397 350.0823732759418 88.00125541371642 Oyster-SemiOpen 0
307.7907814574355 168.78631433414415 329.34794270301063 170.8717278456623 323.2177781165119 234.23569645981445 301.66062035752475 232.150306553032 Oyster-SemiOpen 0
165.84912887456449 229.72944172842335 108.89798879064256 255.18573557276702 64.88711282159056 156.7291017466345 121.83637483241182 131.2733011168849 Oyster-Open 0
130.93224253194057 295.7384657667199 171.76415397033998 130.21361032388498 227.7128544070256 144.01471372916 186.8830450554051 309.537783934561 Oyster-Open 0
328.6379056068072 225.21478567909213 368.1580780903896 239.60215323915253 340.85126878200026 314.60104824209026 301.33124014994246 300.2139522781313 Oyster-SemiOpen 0
109.93838715322636 261.7677010482789 131.76099580160735 286.67661241773885 88.69864764269732 324.39725153711356 66.8764242810139 299.4887073008485 Oyster-SemiOpen 0
32.8095061039312 245.09106731109614 69.87480887820857 266.71545414943654 29.786529305460135 335.4185177784681 0 313.79457125032013 Oyster-Closed 0
321.9973377117676 373.911603081673 300.12403919758435 372.66782078413024 305.0623750376071 285.8496692956026 326.93457696303085 287.09342043686433 Oyster-SemiOpen 0
227.48122688394506 364.43814246094877 191.87405611219947 352.3256920579018 206.49020000715973 309.36849666641604 242.09648878901498 321.4807836637715 Oyster-Open 0
120.04703006250202 414.7481586555271 48.43358819363857 409.6729543894197 56.993321368099714 288.97080643736314 128.6013736518289 294.0458178018753 Oyster-Closed 0
294.292477992778 416.00014044905214 294.2934285015326 347.63472338840313 330.26670715484215 347.6353867724133 330.2665810944127 415.99998312293707 Oyster-Closed 0
135.38713700000153 0.7876590000020729 181.55473488903226 0 209.7251674841027 81.59241806604648 163.55758877650806 95.34633926300818 Oyster-Open 0
271.1814321873062 121.67723539222166 250.0453738890028 118.46053372173785 262.6078770103595 35.91778298616453 283.74369399200805 39.134465941740025 Oyster-Open 0
78.5582152830575 29.204360372552927 104.86661153754176 30.670414149299674 98.62935986729644 142.59689204669107 72.32096450742029 141.1308511985662 Oyster-SemiOpen 0
48.06769728154177 151.58506498073194 0 147.5105974294779 4.790255617677758 29.505603521725497 57.23499249378074 33.58002331421779 Oyster-SemiOpen 0
