372.525864500476 150.09961201786766 332.06402141802755 169.0154610695493 296.4622098936743 92.86295879055005 336.9234496078934 73.94727183023218 Oyster-SemiOpen 0
4.923013084648119 140.9766148462389 22.32909876438862 140.3688089949864 23.43391285378675 172.00669843706495 6.027827342932142 172.61450162061746 Oyster-Open 0
254.6542332661811 122.14326640721127 301.34065708567505 112.40837360675525 321.9782152531916 211.37736940643342 275.2918351103035 221.11211469489453 Oyster-Open 0
225.8808916022499 125.89000198856787 268.97050099342596 125.24531958947242 270.83310113744665 249.7319607406101 227.7434918335748 250.3766297672802 Oyster-SemiOpen 0
315.31076049194235 177.39230811546685 387.4657023183863 162.75429514062884 427.480004065088 359.97539884994933 355.32528428603837 374.6127102440446 Oyster-Closed 0
11.072618999998667 9.86633300000192 48.680346991437546 0 77.9245088878015 64.14745475935133 40.31679953945422 79.86026581083237 Oyster-Closed 0
248.68496799998684 0 248.6850786563773 69.39809022990019 140.8754012080426 69.39798267522968 140.87550635764637 0.000017111549757203912 Oyster-Closed 0
340.89520499999344 0 340.89529154386764 68.09384652250247 248.28817336607972 68.09375266336669 248.2882643128105 1.1612751799859176e-7 Oyster-SemiOpen 0
19.747366598017834 415.90883615283997 18.276340539006924 331.4671359660761 112.52167896717219 329.82518046287623 113.99524641041717 414.2643473959254 Oyster-Closed 0
180.63494234214522 0 187.03637766137763 89.45578684795511 65.66241956099111 97.95059585291243 59.26149767732932 6.493605898700622 Oyster-Open 0
183.2227303736472 91.63646352188441 168.1245441381434 142.4448162543361 60.8379520933413 110.56357046037401 75.93640499999674 59.75579699999468 Oyster-Open 0
