252.42927959729786 172.147535808066 221.36935469563468 208.0599657737909 140.02546374870872 137.70961466978736 171.08503718611246 101.7977016262898 Oyster-Open 0
237.56129528511883 11.06456677734976 235.43032716390007 56.818044145845256 188.2222214186586 54.61927229380718 190.353246007071 8.865858254627566 Oyster-Closed 0
29.150343692861497 174.83980875862017 63.3990125793207 179.54698816444002 54.873244336991775 241.5746290070057 20.62458622768463 236.8675034185329 Oyster-Closed 0
0 175.562247 22.241437 175.562247 22.241437 249.93674300000004 0 249.93674300000004 Oyster-Closed 0
346.2554585063008 16.127074658567416 344.2102531822384 60.03932920018025 312.8017635926699 58.57644900133563 314.84701128585584 14.664235725790572 Oyster-Closed 0
191.81633537450398 216.49234485678264 209.75939506978466 189.58080450968794 257.50920813392804 221.41513481185478 239.56648826037417 248.32637492062233 Oyster-SemiOpen 0
351.2053328784423 278.8540024406305 315.1870381679728 280.1684487551312 311.79790841607246 187.2913547075871 347.81482144151596 185.97693374847864 Oyster-Closed 0
132.6484778171034 196.5091580574088 161.42656876239198 199.0240738841506 154.44853085315117 278.8660341008392 125.67044549684579 276.3511607397465 Oyster-Closed 0
302.31479125000624 290.6834104268369 277.3379525659657 288.0023129554233 287.71180300616834 191.3769882771253 312.6876034186316 194.05802891580433 Oyster-Closed 0
355.7723722450828 235.69880015443252 406.68906661255096 234.13271992310598 411.56505839888996 392.63753985949216 360.64836829216074 394.20355166170407 Oyster-Closed 0
0 318.608723 117.55974999999998 318.608723 117.55974999999998 416 0 416 Oyster-Closed 0
120.91418823604545 91.5617925431287 89.27205952545046 99.23624371401148 72.63518143628971 30.641610250594013 104.27707094118523 22.96718991913011 Oyster-Closed 0
323.85997726995265 136.9198854337575 242.38050423348977 144.78360128209746 229.67919499402706 13.174346778106374 311.15725617774297 5.310699483310236 Oyster-Open 0
0 27.430659 62.61480400000001 27.430659 62.61480400000001 118.499486 0 118.499486 Oyster-SemiOpen 0
326.0984560460747 45.16182261416324 404.07520242906685 56.22048301921677 389.69957162739956 157.58425205051333 311.722849046535 146.52569275846432 Oyster-SemiOpen 0
282.67898482675446 155.79683737328259 221.5397358756927 190.22052989127351 159.08959769706053 79.30583652916903 220.22768313949928 44.882539760354156 Oyster-Open 0
