339.49586981347966 128.6490536143758 359.76471773443336 131.81286520349352 353.79306621583964 170.0686026839687 333.52422171010767 166.90480719637512 Oyster-Open 0
300.82121677671967 99.53742877206643 329.52213431475684 108.20560098448482 305.145639696384 188.9151310347165 276.44476324443895 180.24705132163348 Oyster-Open 0
273.45231393735594 173.9628517014546 243.377569650871 168.19718051395728 253.44103288509723 115.70763345997764 283.5153777921114 121.4732652484157 Oyster-Open 0
388.06747955283936 175.29135321413037 419.36465413003316 179.71139286157646 412.4170582759252 228.90218637247946 381.11989146923224 224.48218557889598 Oyster-Closed 0
217.5451943275002 243.502630711582 190.90727246872848 245.01710133309408 187.41372477043478 183.56840837133768 214.05101330929392 182.05395614365483 Oyster-Closed 0
186.34923887857076 240.4495062164528 156.98222998056372 229.99783390636284 176.3553340857943 175.5686872158717 205.72178259516295 186.02025068584618 Oyster-Closed 0
62.698304784003994 178.94398809571808 100.7810362083219 175.54190120685718 108.14889459837286 258.01091204095565 70.06616999381004 261.41294468590604 Oyster-SemiOpen 0
22.8037238844081 259.11574661220703 6.77468416292686 188.60814302654163 61.359897898302734 176.19986967513134 77.38946480638333 246.7067362316732 Oyster-SemiOpen 0
295.3638983292185 309.28090298018515 275.3934419565412 305.4569150843074 284.9488381897572 255.56353592213404 304.91879213324864 259.3874736587234 Oyster-Closed 0
198.71554928284968 2.590645927095527 234.21210256809354 4.518050510299424 230.72195576639933 68.7951463724134 195.22540297509113 66.86774562990841 Oyster-Closed 0
116.2334329736077 2.0288497039905984 115.67840704274568 33.82718356119985 34.11715148421354 32.40350351203747 34.672212635090546 0.605206791202212 Oyster-Open 0
256.28743297915935 366.57309669019236 236.34871805087823 360.9340047174 258.44245800673525 282.8321766048453 278.3803034313787 288.4711382415467 Oyster-SemiOpen 0
97.79958818062005 338.69127480599013 75.34203997175064 353.3129186614531 31.488944000848278 285.9695709004996 53.94577085381388 271.34824244472344 Oyster-Open 0
33.2069369999881 389.75282099999987 35.98237127601533 372.03407086465984 57.75081909988876 375.44296782758636 54.97553226360833 393.1615862361761 Oyster-SemiOpen 0
147.17121382470577 18.055056941086836 162.73225917972013 17.17399943260446 165.4662156386221 65.46041312469657 149.9051704156991 66.34146898445799 Oyster-Open 0
240.7966159465359 123.97841213866714 192.23195852471326 119.90638509170898 198.55639281385447 44.48316761058974 247.1204504219968 48.55516779841969 Oyster-Closed 0
383.32622672205616 79.02952534622445 403.119140140705 82.92207629734358 390.1324250349353 148.95577456809224 370.3395194227305 145.0632501251027 Oyster-Closed 0
144.3379873218837 69.95802904635096 185.11216743248224 55.07701221411135 207.23367293326373 115.68951245172465 166.459529725249 130.57045188690032 Oyster-Open 0
