175.5986776211139 76.82603652062818 207.597244683413 104.35809675190103 161.38105643454037 158.07041869523366 129.38267818217355 130.5385609339625 Oyster-Closed 0
303.67586904999916 123.08638546485629 317.0574747708597 130.169383817477 297.6443058988225 166.8445187733983 284.2627260208137 159.76155781894903 Oyster-Closed 0
151.70549302976724 144.14398039470979 119.6487376365767 173.79607870516162 86.56200256676311 138.02714675837166 118.61855306216239 108.37521888581762 Oyster-SemiOpen 0
249.98869893161464 196.5306050684612 224.71789553970302 188.42068860359774 248.99503517760604 112.77682347034498 274.2653209479795 120.8866491624268 Oyster-Open 0
227.23454422369832 136.87298417051133 236.24164213559197 138.3759934153339 229.76977692475702 177.1583964486606 220.7626810180227 175.65539538828767 Oyster-SemiOpen 0
217.6908195879878 188.96164627818638 189.89565333459177 183.7700361941763 198.7893054306296 136.1580197705597 226.5840952227154 141.34959371385366 Oyster-Open 0
310.9395481501342 198.57592170399647 290.2084118045095 190.09868770894883 311.2028342351696 138.75999859277852 331.9336599520648 147.23715975050354 Oyster-SemiOpen 0
289.9266042764066 184.5227720382605 304.2969879248958 241.6268819267048 260.68357918147376 252.6008460608024 246.31376059949253 195.497216486081 Oyster-Closed 0
238.9452221411957 196.87429408303956 275.8944708201125 215.32966250467945 240.8180948770314 285.54837543995643 203.8690440938335 267.09331412826896 Oyster-Closed 0
143.0325810844588 229.4938498979491 167.8425676743027 240.27824802378476 155.36088764075248 268.9897331249666 130.55094429335804 258.20540919182315 Oyster-Closed 0
14.929717547784094 226.28557558294816 52.08603768072135 225.22738294296397 54.09609891661603 295.7988271901546 16.93977944938524 296.8570027684872 Oyster-SemiOpen 0
0 233.627676 23.643759 233.627676 23.643759 294.556338 0 294.556338 Oyster-Open 0
232.0090879721065 315.9450468104642 212.98109424871654 311.4118161536682 225.2528730232334 259.9108023838159 244.2803609999719 264.44396899999634 Oyster-SemiOpen 0
16.275304 0 79.167157 0 79.167157 45.35822 16.275304 45.35822 Oyster-SemiOpen 0
162.73416930732492 295.1516067556248 191.09091602202898 284.4549872462006 205.77463145765432 323.37528757303943 177.41794886449134 334.071785660902 Oyster-SemiOpen 0
188.17280710263003 48.96362191398824 161.98680024341957 25.930871450394214 194.55213179623024 0 220.73809942988373 11.940034481833198 Oyster-Closed 0
250.6863176862862 52.41855849844673 225.3117924283688 34.72132120896066 258.0868665346752 0 283.46134708663885 5.425316234737343 Oyster-SemiOpen 0
190.86381614271158 366.3787384677003 172.80804567362065 360.1078359509221 197.60102227647076 288.7369065182603 215.65607666626602 295.00767351439134 Oyster-SemiOpen 0
104.27305433751826 320.7476307148009 123.83687075144553 315.5650395940759 134.38221315440023 355.3650101700951 114.81842120414512 360.5475375770701 Oyster-Closed 0
149.36138659942299 406.0744658689657 128.47079863133695 401.74854830419724 136.46073276793686 363.17529529939816 157.35078379428887 367.5011556588076 Oyster-Closed 0
408.734472447959 89.14913825087157 378.17254769213105 87.19064466749472 383.8770647854326 0 414.43877085824715 0.13339615845635355 Oyster-SemiOpen 0
101.50309807401936 0 132.05074858367516 2.117028871293224 113.94509075045426 72.86124935053792 83.39744601763232 65.043183184566 Oyster-Closed 0
53.05556780579718 22.704298801657902 76.56152573029613 54.04815013781406 13.610975221570698 101.25673939083782 0 69.91303170622561 Oyster-Open 0
167.0350694895351 112.33675216062127 136.60332581814146 102.21305152124138 158.61544543577838 36.0460703468412 189.04693685379607 46.16972566021395 Oyster-Closed 0
99.83113360583593 50.21474142869538 137.91005068107916 50.248823687208024 137.85194550508822 115.16703775866681 99.77302843093275 115.13295566346102 Oyster-Open 0
