90.50519629918927 103.40219346995694 146.1642397564683 115.60082361030297 131.35857512184157 183.15277788408304 75.69956319126868 170.95425290959818 Oyster-SemiOpen 0
247.82443470654107 169.23859369431074 225.3958996219626 169.23662181113326 225.4011412719483 111.69031415523828 247.8293611462177 111.69228602467389 Oyster-Closed 0
4.775166072766297 122.68494480616481 23.626941014106706 123.12290348593677 22.24400276911547 182.64880223040888 3.392228000018804 182.21084700000054 Oyster-SemiOpen 0
114.6601385591166 110.10507395757361 152.18318168861515 106.08339848925567 161.4846317235788 192.86480704281902 123.96159537316271 196.88643612461388 Oyster-SemiOpen 0
247.69749636853885 118.28120060908962 275.72421042184214 120.3592021968186 271.37364392594463 179.0346801183938 243.3469319726246 176.95669449120402 Oyster-Closed 0
64.3469917457951 188.5430129420825 25.41684101328792 191.62030018692997 20.868785963564733 134.08282078518866 59.79831270475188 131.00555803393573 Oyster-Closed 0
271.86040309148666 163.47566899031386 292.7316536680446 169.76587903330383 283.6425541147364 199.92226000526665 262.7713171687028 193.63208172610888 Oyster-Open 0
275.0115122511561 31.019224808344923 239.49714565849717 35.43356200989419 235.09286600000996 0 270.6071933784624 0 Oyster-Closed 0
346.2910394205428 248.6636775197245 326.8257169411736 248.2114856895805 328.045923430258 195.7017489554247 347.5108424372156 196.1539360673686 Oyster-SemiOpen 0
56.01065884267882 0.49513467055870064 68.23210188453231 0 77.47541872296642 29.57435329497585 65.25397631692977 33.04493062555649 Oyster-SemiOpen 0
279.1842961392649 219.53312525292858 301.49946392148195 214.6768531138841 309.99478125392125 253.71025069213255 287.6796261342679 258.56648261679226 Oyster-SemiOpen 0
101.73263994933586 209.27087040383853 125.63925957990796 200.83096224878707 150.47883461212768 271.18417854916726 126.57228132278033 279.6239531920849 Oyster-SemiOpen 0
311.56165525067263 293.91310671218184 293.4255443837428 290.03164312719616 309.2027089502917 216.32362058893398 327.33823109292643 220.20501927163428 Oyster-Open 0
110.11007880493344 282.71511944861044 58.26778307731729 287.344705342295 54.82608531789083 248.8044841937426 106.66746236594918 244.17493915795657 Oyster-Closed 0
156.71427855381626 328.46786454954827 127.3594150821882 331.08919497551983 120.47916661999625 254.0473102890556 149.8328481856006 251.42603368741032 Oyster-Closed 0
101.02303577586645 318.36311562496866 110.3867711530911 326.2683516425193 93.40192875633147 346.3829080333671 84.038249746558 338.4777329099918 Oyster-SemiOpen 0
222.019417316631 300.55915278500197 253.99940937642896 304.6542564700595 245.987490245152 367.2100975553129 214.00751256472722 363.1150697645483 Oyster-Closed 0
171.6404318763125 347.4050726759051 173.2897754750993 403.95107327721644 112.97061202944315 405.70880828688337 111.32242681557182 349.1639294478887 Oyster-Closed 0
166.651171691512 404.14400169211837 165.8332195634539 376.07765007815885 197.67123563512723 375.1500328409244 198.4894852525831 403.216076134913 Oyster-Closed 0
363.15372577621747 108.95901521718058 344.56747877218004 107.68309672117891 350.62892004291643 19.389093587291843 369.2149624362355 20.665004588124592 Oyster-Open 0
335.104391982939 24.080809755083678 366.3373767037956 41.652462494106146 332.49114230909254 101.81249685402368 301.25820968823245 84.24091208953934 Oyster-Open 0
312.89599752730646 135.1870208202479 273.2180022745961 134.5417106994032 275.2445890758572 9.958377544982403 314.9218399999736 10.603680999999812 Oyster-SemiOpen 0
33.173691754716856 20.03489302984504 95.04475775254105 21.47231284399561 92.04074426874286 150.7732327852693 30.169678181722702 149.33582678029117 Oyster-Closed 0
