331.35360379027406 93.96336737717802 385.67593957320787 87.61365331921837 397.38010571842096 187.74087842280926 343.05778410809216 194.09051290385358 Oyster-SemiOpen 0
317.5918356111906 249.04428250992916 266.72288648703034 250.52754134442483 264.35972917512845 169.46229969426733 315.2271606057875 167.97906299120845 Oyster-Closed 0
324.65803732733184 175.63281322840402 351.3664029134852 168.29394400538416 379.8156080707595 271.82109055455277 353.1073041263953 279.1598042890794 Oyster-SemiOpen 0
247.94150558836554 270.03380948540325 213.43898135447307 311.42457738936366 141.51365742526468 251.4753109438124 176.01566863116386 210.08541423217014 Oyster-Open 0
101.3100613541501 361.87759939259485 61.07792332204917 343.575705162593 117.59737047207818 219.35525631543632 157.8271377300225 237.65652812992934 Oyster-Open 0
325.616336681127 271.55671060194777 364.3881105583241 253.61259284052764 404.4645082941861 340.1923905487465 365.6930199819835 358.13604540875184 Oyster-Closed 0
131.68570251276833 303.4234913715231 175.4302782085324 326.4360587275523 127.67162369198559 417.19949869785813 83.92756713872586 394.18768762712 Oyster-Closed 0
0 299.658677 89.128678 299.658677 89.128678 415.830762 0 415.830762 Oyster-Closed 0
85.11438596959488 119.57650464890379 43.08385234245725 118.40424278671654 46.06294653160148 11.60332641538125 88.09303034528784 12.775582625560483 Oyster-Closed 0
322.5584454733871 5.252519237170938 354.5095261180686 0 369.6841825478805 66.84353903021832 337.73310754146223 73.90576556216607 Oyster-Open 0
0 34.11336225875983 25.30215449192474 11.443454075672975 92.945575165435 150.3654962583034 46.38712244854469 173.03511896591763 Oyster-Open 0
298.90814485263763 1.8967499198337814 332.3872585973404 1.224826842083826 334.4903262434091 106.01146189272694 301.0112126925633 106.68338162891457 Oyster-SemiOpen 0
0 71.639951 32.599007 71.639951 32.599007 166.749927 0 166.749927 Oyster-Closed 0
86.37831987402751 2.841092893875465 160.39415605524118 6.006670799459167 150.95576352410717 226.68595084990636 76.93992742835326 223.52044389472135 Oyster-Open 0
337.8913468352184 113.34105983297857 323.59254253925246 89.4622532788854 371.3145327202219 60.8863298830105 385.613334104597 84.76503827924103 Oyster-Closed 0
