71.71548445412918 124.91668576202753 128.11000480124858 135.67732077969262 115.07180994365262 204.0050748670173 58.677317687303 193.24454716201313 Oyster-SemiOpen 0
231.44895883531353 189.63367579241384 208.96637131034367 190.2876112130318 207.28896084781445 132.61315804580767 229.77118484635503 131.95922787442566 Oyster-Closed 0
0 144.845905 5.266044 144.845905 5.266044 189.145066 0 189.145066 Oyster-SemiOpen 0
96.19547837471328 131.7218614307962 133.59549664345104 126.59963144411464 145.4313670844058 213.01544802961396 108.03136172127415 218.13761074623463 Oyster-SemiOpen 0
229.82063493091118 139.17888380538227 258.02306968403354 140.45669613203913 255.3627887767907 199.16869351325863 227.16035498316342 197.8908923404625 Oyster-Closed 0
47.92241058883519 209.57735528561642 9.06201828506164 213.7996762352069 2.8112512075203995 156.270857561884 41.670936815546156 152.04857496087675 Oyster-Closed 0
255.38498801473543 183.79074932558984 276.6025295930049 189.58708739387754 268.2948998859174 219.99507703871294 247.0773710826761 214.19877151407115 Oyster-Open 0
256.1032301101732 49.580584402352436 221.35961586259145 56.95421555717531 210.95221085587036 7.915790584129863 245.6957374116173 0.5421693347681213 Oyster-Closed 0
332.5320601782623 268.13277574611107 312.9960929120316 268.2466538418999 312.6918480589229 216.010476878262 332.2273768097948 215.8966000677122 Oyster-SemiOpen 0
33.870402641223336 21.50827341999008 45.944031296770845 17.70446454401641 56.43942092198995 51.017706389104845 44.3657940890007 54.82151102081292 Oyster-SemiOpen 0
264.4470563479081 239.98728401757126 286.56295665543803 234.49893129640375 296.2216814513449 273.4155142290602 274.10579883072205 278.90381744561523 Oyster-SemiOpen 0
86.11386127526566 230.57805181900224 109.65862876024039 221.52016760273722 136.66497081453417 291.71175185798467 113.12028721458046 300.7694790772843 Oyster-SemiOpen 0
299.035784915628 313.62821143216195 280.6641114935046 310.2175155856255 294.3413135946066 236.55792080400144 312.712342205341 239.9685554973061 Oyster-Open 0
96.48064878836158 302.6068710824459 44.75942062006652 308.7599961719358 40.23231142654913 270.7082913838367 91.95256296169828 264.5552245188838 Oyster-Closed 0
144.67354686035105 348.9512559903734 115.38720605944036 352.43522525241076 106.24704855194796 275.61207360572575 135.53213310535648 272.12818080643854 Oyster-Closed 0
88.5399414550302 339.37382381212666 98.15932101823273 347.2148562172554 81.70783557205505 367.39306393208386 72.08851372474237 359.55209503148194 Oyster-SemiOpen 0
204.50978254890651 324.593288325196 238.180421380006 323.57152227757797 239.9984098271234 383.4677188465066 206.32777187053216 384.48946581344035 Oyster-Closed 0
102.34395094656065 415.9999961863419 102.34539103280986 368.42403286715654 162.02707286363875 368.42570120329594 162.0266126432507 416.0006858309126 Oyster-Closed 0
156.0483148635867 415.9999923065031 156.04863824171116 396.39896053320115 187.76510618337488 396.3994233772931 187.76500499882968 416.000232726346 Oyster-Closed 0
345.3880408927689 128.59322526003052 326.6904764911924 127.84924710999319 330.1979503880866 39.70525135085653 348.8952512651049 40.44922399204315 Oyster-Open 0
314.7007444061637 44.37915455897613 346.68443414278954 61.471142287779145 314.442043083367 121.8045536320375 282.4584162508945 104.7126520994637 Oyster-Open 0
295.7265152310356 154.98099292220053 255.91894939306803 155.49179419964037 254.3273362969485 31.422084903125686 294.13398200003576 30.911289999999767 Oyster-SemiOpen 0
11.793242557312624 42.3823739721668 73.88878255061718 42.0203810095045 74.64476217527408 171.69757219888052 12.5492223683068 172.05956077822952 Oyster-Closed 0
