143.71416949935883 120.33334422144169 162.22810016675794 111.01978577996162 189.05848501917353 164.35276602072628 170.54459958387088 173.66625471659844 Oyster-Open 0
78.02707799315613 179.32174231118566 66.50803326269306 180.5295722450291 62.39779982886466 141.3316364057482 73.91671578381283 140.123813337291 Oyster-SemiOpen 0
43.44820430834079 139.23391366547784 62.24374796593111 143.10331937037918 50.75155061633632 198.92376194658073 31.956016960280976 195.05438888350858 Oyster-SemiOpen 0
256.65614236776673 123.10754039085496 293.99925840718424 110.78359833615059 313.7916029685439 170.75494736268058 276.4485345714529 183.07878819069623 Oyster-Closed 0
256.07109081441376 123.06546264960586 325.55361817119774 80.23107346472054 390.270236811848 185.20602803323482 320.788271101952 228.03969316866784 Oyster-SemiOpen 0
175.21639474837502 164.3361485226725 219.46418655190064 169.86113215180458 209.85388805797265 246.82152471034524 165.60611108259036 241.296618786406 Oyster-Open 0
416.0001907761216 215.00731900000002 391.4828205508675 215.00731900000002 391.4830279298767 163.976683 415.99998815046274 163.976683 Oyster-Closed 0
203.97177685093993 185.05188328930987 273.0974848922524 148.23415797995855 315.85953708670786 228.51546141998563 246.73424672957117 265.3325782305827 Oyster-Closed 0
20.207988177313382 231.46139349694752 49.503346060933836 225.486560374199 61.32316462852759 283.43442893177087 32.02783120853201 289.4091829379329 Oyster-SemiOpen 0
354.9777545729594 194.34372937763075 387.73747602224466 191.00621850011117 396.7618225593542 279.57780228571437 364.00211137171937 282.91525123890005 Oyster-Closed 0
60.82821867126768 224.5499650604117 92.77537529603796 230.3959028625496 76.89267154967092 317.1819954969831 44.94554740235253 311.3361796796159 Oyster-SemiOpen 0
340.22311181501937 198.97978810957505 375.76490371710315 206.78312365361268 356.7474921650937 293.39282171419745 321.2057476345799 285.5896363445618 Oyster-Open 0
419.12419307847085 233.5172164050118 410.0583293290365 256.34335788978024 387.09859665718614 247.2252549834457 396.16450659575275 224.3992320003495 Oyster-Closed 0
296.8323849117296 5.355213976544431 313.92949723819765 0 330.55659568356714 45.8867183019039 313.45948652175866 51.98335392787966 Oyster-SemiOpen 0
204.76643277829498 246.33801506279377 221.08100466406904 244.09225341108203 226.51319181182407 283.5502623002812 210.1986241780396 285.7960030736306 Oyster-SemiOpen 0
193.81935098641043 3.5637097832703066 200.76895866452833 68.88132159273576 139.66471622830431 75.38248518386695 132.71526514713332 10.065031233049018 Oyster-Closed 0
298.3426108437234 284.81049688168287 324.12530070763023 282.8829688229456 328.54922757245004 342.0478242834621 302.7665412868337 343.97532073824857 Oyster-Closed 0
134.25299414137407 9.901205809365262 142.90154838381932 91.18541768912308 62.187115792479744 99.77297101859044 53.538904000015464 18.48906800001923 Oyster-SemiOpen 0
94.78498248025426 401.2267582189513 47.77856587081624 404.2421961717111 40.71429004816309 294.11507031812823 87.717520510123 291.09973528538507 Oyster-SemiOpen 0
370.83285681557027 408.9203932645327 305.7101603047813 414.31237787716316 296.05338147623115 297.6766145143131 361.1711712613542 292.28483924586686 Oyster-Open 0
85.64464035972196 353.45808667857426 120.74373989407468 342.94839255275093 140.54064257943537 409.04782780783063 105.4416469476455 419.55727801708707 Oyster-SemiOpen 0
400.00404274508037 337.62032381190414 414.2685942602948 335.34733100052284 420.88064227384893 376.8333641495267 406.6160979159722 379.10632699820826 Oyster-Closed 0
332.66196166503505 57.14460610444358 321.7058885502447 87.75016807114537 267.23687203768714 68.25157072268834 278.19298699999854 37.646115000005594 Oyster-Open 0
189.2314940929573 112.70967626043513 148.36646411537004 137.0011674248041 96.46616437029661 49.69118269091965 137.3307003095033 25.39988274374498 Oyster-Closed 0
171.3636434715736 71.10095744372633 188.90172183723553 69.97568011596775 190.05960492878512 88.02174764886371 172.52152669516727 89.14702354262779 Oyster-Open 0
6.096103000039875 74.68034099999805 38.491566760265414 72.03599674365601 45.119015373576985 153.2262334264304 12.723553851905308 155.87055550019332 Oyster-SemiOpen 0
350.6771190598629 6.121088570524635 350.4809549434758 17.359463962084853 329.13598052037923 16.986887157508825 329.33214699998643 5.748514000020362 Oyster-Closed 0
44.78179617450223 77.58608441495191 67.98004413009039 71.45980441129687 82.63987642515713 126.97099658242384 59.44164100382477 133.09724491923959 Oyster-Closed 0
273.63538946105473 86.24892067897034 287.3585513124308 44.57214076151519 402.09591078368976 82.35180416210098 388.37319303556797 124.02820366018221 Oyster-Open 0
