135.76750449803876 107.0516842103043 168.19699762639357 100.63121310917639 179.06864622495414 155.54193318848053 146.63916498624167 161.96236287804052 Oyster-SemiOpen 0
29.374977975854563 121.13248722110116 95.23098324477542 84.9475990500837 126.36993510679167 141.61875042377426 60.51410864981517 177.8033709123686 Oyster-Closed 0
313.73698640548537 121.52803415076392 348.84669160281555 122.58486668866766 346.4716992524445 201.48272288132847 311.3619943266276 200.42590225370122 Oyster-SemiOpen 0
126.88042872194274 121.14924318648073 166.94693779578301 158.01068836753558 87.76103041888928 244.07608932652943 47.69518011461332 207.21532826022818 Oyster-Closed 0
210.21906016665525 234.7744000290735 167.0375531579266 224.78410406179665 183.35160271771383 154.27641277295103 226.53211961188936 164.26659230108763 Oyster-Closed 0
295.3163718149408 22.377626657450485 292.2419099285398 62.951878537226406 234.74333910761197 58.59491989762495 237.81787699999404 18.0207610000041 Oyster-Open 0
251.14900988335285 170.00922194360874 277.3276659429066 218.63837779342464 235.51084729354625 241.14759157625176 209.3326783996963 192.5188550239405 Oyster-Open 0
0 192.142664 53.897198 192.142664 53.897198 257.041312 0 257.041312 Oyster-SemiOpen 0
345.9934968333073 211.05691833992296 368.62403519572763 198.6233630392602 416.80144011782977 286.30310158525396 394.1710937986245 298.73638287296933 Oyster-SemiOpen 0
109.27926587403272 17.556403885018145 138.9371632513721 0 190.71603450532348 51.920001732686856 161.0581931529814 77.52675203541479 Oyster-Open 0
140.30011666155042 254.6704202325305 191.15569028814934 226.73055645825164 233.94233555999745 304.60041042069565 183.08718738093376 332.53966621248674 Oyster-Open 0
218.27557270918987 274.83084319750856 265.79514869506966 274.55473642708523 266.12319801638296 331.00527405429096 218.60362207207436 331.2813766827119 Oyster-SemiOpen 0
193.17198428056872 340.1514463167978 147.0774585836225 368.16153227212686 108.18564014238291 304.17049125747803 154.27862100003404 276.161020999992 Oyster-Open 0
369.546193065602 345.3213514298325 390.68432293682054 353.23171719258403 365.35822053742595 420.89121022347706 344.2201912094024 412.98103722532744 Oyster-SemiOpen 0
223.56472805689918 413.1226158832507 200.73931725805232 410.747924326646 208.54218969195426 335.7720610840882 231.366476992338 338.14669377172737 Oyster-SemiOpen 0
68.86430372930772 95.66409599286801 0 92.35595842764997 0 3.601411000000623 72.8920451015947 6.909531841736763 Oyster-Closed 0
186.0824466759659 19.45738165357126 228.47546490063178 25.21069887205064 212.4887601259361 143.00672406265 170.09574908745708 137.25345662406377 Oyster-SemiOpen 0
