54.397580461012694 130.3672255842296 40.16350945720842 138.31257328621734 28.203677619480004 116.8870862599683 42.437687666450074 108.94175979223613 Oyster-Open 0
384.3663506024568 171.55218375209904 404.75965991142584 173.72958363326654 400.2462154433633 215.99937305322896 379.8529085043301 213.82198897972614 Oyster-SemiOpen 0
207.3064238875486 149.39346067126988 229.04974888429933 140.6628295071247 247.21653491660982 185.90453279001423 225.4732451071941 194.6351012712557 Oyster-SemiOpen 0
287.2434752913505 162.5191696594199 300.26777225067417 162.6538140003038 299.7668518817445 211.10560417175518 286.7425549473446 210.97096090211 Oyster-SemiOpen 0
224.82503256373093 204.12468555294285 176.53666488005547 221.45959115621014 149.37209545986116 145.79256610583894 197.65933164354283 128.45788834811611 Oyster-SemiOpen 0
151.93973211316552 159.4120287314227 166.89769295222868 164.59738875256815 156.05303939736768 195.87873738103372 141.09509177117798 190.693404250956 Oyster-SemiOpen 0
64.2308131412392 104.5112379476017 134.9469155671104 136.21276208716688 81.4917990437134 255.44761640214054 10.77605656115702 223.746728885614 Oyster-Open 0
172.01941292102856 224.04812414611615 204.47587430005296 218.9540275909885 216.58480375715226 296.0962120844667 184.1283644408395 301.1902172260673 Oyster-Closed 0
411.30461575062145 61.13107974409241 412.1149576360549 83.92086579228527 375.1917260703776 85.23367265713877 374.3814403042452 62.44394150241301 Oyster-Closed 0
205.66604098609605 259.2627474942903 236.87579908307453 258.1496341881436 239.79028051837668 339.8545831054393 208.58052360941656 340.96767246468926 Oyster-Closed 0
299.3486100395603 337.977536768941 262.97174024511696 341.75478973572257 257.43757057479525 288.46177067106646 293.81337495479966 284.68457343055013 Oyster-Closed 0
143.11765736406596 387.2086339842036 99.38926954569251 380.9755372455305 117.0350284998458 257.21650193399626 160.76042403353495 263.4493850191969 Oyster-SemiOpen 0
266.1531132433556 384.1007859693311 221.67057380119513 372.0407683152676 237.54163432856149 313.51770569226005 282.02260006485085 325.5774975775265 Oyster-Open 0
170.00994653354064 298.33681730844125 203.00818717969378 310.51231045622984 175.69642016167927 384.5182768742832 142.69832933670114 372.3430729615745 Oyster-Open 0
292.86878399999114 416.00000000000426 292.86895121092675 394.40469885887296 306.464897172802 394.4048373938958 306.46483499990427 416.0000330339965 Oyster-Closed 0
416.0000574240403 112.69906399999998 403.3957692603217 112.69906399999999 403.3958104072808 65.854244 416 65.854244 Oyster-Closed 0
305.2567513335889 101.70038376849254 269.0502411821617 100.84415605041505 269.93729069522306 63.339370174753384 306.14360621784 64.1955956103216 Oyster-Closed 0
410.4352195127067 111.95408931287761 415.87548388080177 111.8613968532784 416.15056421545523 128.00589109467842 410.71029985043424 128.09858339572529 Oyster-SemiOpen 0
140.62586999687483 40.386297445139405 193.14515504819428 27.444909990939752 218.60012678103158 130.74646490670594 166.08087873071418 143.68775226670945 Oyster-Closed 0
390.57360896204045 102.52400981687356 408.61820305666697 102.4601372648378 408.78250163498524 148.8748417009839 390.73790753567664 148.93871392543326 Oyster-Open 0
207.80404124190318 62.715689776882904 244.71950475814083 60.19609756873699 249.26689548119248 126.82070847432793 212.3514339161993 129.34028671774456 Oyster-SemiOpen 0
19.86554757427075 37.40860534228582 42.83237757496681 37.95173856644106 41.58185630681692 90.83071682500591 18.615026341827615 90.28758524537011 Oyster-SemiOpen 0
235.11742656187926 77.03308523571553 281.71105872055705 84.30855133754184 268.6770358304857 167.7792378263065 222.0834185806816 160.50383777007787 Oyster-Closed 0
234.12587682988305 39.63115975220342 237.77861931984444 18.583119318328478 255.1635840089475 21.600156206514775 251.51085258373132 42.64818714477768 Oyster-Closed 0
304.5272284910716 158.09668076407698 277.2094844599487 160.24940701180353 273.20544089016767 109.4385387917953 300.5228557575829 107.28582565069087 Oyster-Closed 0
397.87679462919186 148.2666639790568 407.7140324784086 143.87138808150618 418.4701109627895 167.94396736857658 408.6328826651079 172.33922712584842 Oyster-Closed 0
