0 65.022635 22.195958 65.022635 22.195958 150.720691 0 150.720691 Oyster-Closed 0
348.0540581645837 105.87914213221768 371.17309414303236 107.440911593885 368.4725116403606 147.41685810312234 345.35347635892686 145.85509562734967 Oyster-Closed 0
327.55565890223806 103.49722474300263 348.8539858629665 107.51605646119413 339.75352131330146 155.74382970631524 318.4552001925913 151.72502039292814 Oyster-Closed 0
143.9486375292654 1.6749817694287739 143.5768146282535 33.63039079596679 107.80468983767787 33.214139098680825 108.17653121034164 1.2587503619837457 Oyster-SemiOpen 0
247.57100597527096 85.2454941271037 285.2730197636447 96.86790420463547 259.6299604509877 180.0491954906867 221.92799669284796 168.42690270867777 Oyster-SemiOpen 0
83.99722980017395 0.9773866448918297 83.67365242158849 28.786181426476194 45.96765710181717 28.347426707999595 46.29124820787911 0.5386475943082315 Oyster-SemiOpen 0
163.33037920559218 1.9029127994867259 185.00353585709672 1.9942454437567243 184.83228740627965 42.631329652965185 163.15913074295167 42.53999707870798 Oyster-Closed 0
28.113598774656566 0.327123077597871 27.712465876618808 34.80098132630884 2.00205620696579 34.501807328154136 2.403202768207848 0.027964577858230234 Oyster-Closed 0
264.3550644911775 142.5528291329109 279.45588694083926 141.83229234326453 282.0814113530796 196.85476503706255 266.9805893427292 197.5752958893947 Oyster-Closed 0
348.033554711943 203.1467378472922 324.9501415774066 188.8924870804542 339.033652976279 166.08715991668572 362.1169139065096 180.34134894875066 Oyster-Closed 0
244.33194021584495 229.27164265942986 217.0002667881672 233.41273249456123 208.12415834571948 174.83206179496318 235.45526111705476 170.6910161617261 Oyster-Closed 0
367.5028898583914 246.5101738556889 347.4817621052789 235.3886320239945 380.54425704778623 175.87440043223552 400.5649984215743 186.9958105774074 Oyster-SemiOpen 0
142.627829570607 1.7319970772262612 162.45098845506436 0.6667604995143765 165.08239316309118 49.63495034030241 145.2592343141514 50.700185728739136 Oyster-Closed 0
64.09602190199803 192.92751121538984 78.34285761318824 192.84881823280168 78.59341051659794 238.20623811358664 64.3465748116505 238.28493042236911 Oyster-SemiOpen 0
251.58471473642203 211.24128658149775 281.8545689081184 191.60573861564205 310.919413623069 236.40805162632662 280.64972697714256 256.043391223708 Oyster-Closed 0
383.3373993402638 261.1012799521592 369.1658966340001 266.3288735786153 362.17163628260823 247.37013929442165 376.343022417077 242.14256947758824 Oyster-SemiOpen 0
126.0743761175836 217.13933391144755 154.29565988458126 214.46405847918209 160.56908895710148 280.63524357164374 132.34781092896083 283.310479913888 Oyster-SemiOpen 0
288.98639222461134 241.9939831446109 312.9383216997303 244.25701153123666 309.85095326444934 276.92999506624045 285.89902602272923 274.6669836291264 Oyster-Closed 0
368.4677601821204 281.62741096490504 354.4981240729903 279.32481158231883 359.05877295337996 251.65996440448382 373.0282276413709 253.9625484608456 Oyster-SemiOpen 0
328.75850169933983 246.8782108567949 340.80396215246947 246.94413260467672 340.5477208900302 293.75971504326986 328.50226043978546 293.69379402735825 Oyster-Open 0
0 222.38078100000004 40.342292 222.38078100000004 40.342292 300.719546 0 300.719546 Oyster-Closed 0
59.19192256186216 325.0008913412712 38.39985283546412 329.57072444070405 27.463994793823076 279.8212735064405 48.255517920541024 275.25150285746844 Oyster-SemiOpen 0
57.89022483313602 323.9559594523082 47.27223736139058 318.96633282485215 62.61687030028406 286.3184896978665 73.23468280426096 291.3080681113311 Oyster-SemiOpen 0
329.78873677465526 7.755730560646526 346.941239707754 6.362485428791915 351.97845719903125 68.37648934366658 334.8259545524379 69.76973149082018 Oyster-SemiOpen 0
278.1397245891203 18.87696525848748 295.0850676277041 21.75454270195341 289.41590432705925 55.138774441403726 272.4705621341345 52.26120018651906 Oyster-SemiOpen 0
40.646398771510576 290.11924574778106 57.827612554607185 354.9463966726357 0.7563480192657153 370.0681180970579 0 305.2421075085428 Oyster-Closed 0
260.3683737696847 9.53383603195022 273.60710157713766 14.710373005119164 251.9832382667264 70.01215249249158 238.7445157885668 64.83562619689052 Oyster-SemiOpen 0
341.3285685743467 342.5092018287777 354.8525998934674 338.3876395925247 366.0444728410803 375.10332938785285 352.52046322221213 379.22484169376116 Oyster-Closed 0
113.39344829015681 50.77127605195117 82.56231496272812 55.73109892328216 77.17576231495332 22.24722112226896 108.00683119943278 17.28740345133901 Oyster-Closed 0
298.7816379487049 393.20521920137253 291.38285294497837 393.19929490690237 291.39593712738497 376.9167404948023 298.79463996531194 376.92266475624217 Oyster-SemiOpen 0
56.55962822260335 386.01797620865403 42.140695517395216 400.0597764971249 22.513173228075175 379.9101354188546 36.93196562505182 365.8684670614467 Oyster-SemiOpen 0
0 413.0836402320814 0.39363241459432174 379.71683709209736 38.138556206587964 380.81651050740146 37.16664126031537 414.1828709028698 Oyster-Open 0
173.10989513623645 374.71776498287335 192.35315163482665 396.086831412481 150.86350867288638 433.4378690569289 131.62068823577283 412.0692218663217 Oyster-Closed 0
258.846629032636 3.869250879014614 258.43119095095244 18.13535167190072 246.38867337328702 17.78466433342136 246.80411300000924 3.5185650000222513 Oyster-SemiOpen 0
79.85100125593453 52.13230980148837 96.74984326406775 56.04855257708542 89.16435192737117 88.78017218994422 72.26551262694556 84.86393757019182 Oyster-Closed 0
411.1818656527794 87.56480109626233 408.0425657244814 87.38195980088776 408.8687289892696 73.19735507738633 412.0080226029095 73.38019618800692 Oyster-SemiOpen 0
208.1066847005568 63.01225093277525 225.31124627580357 53.142248971481116 252.18626895840498 99.9880636976149 234.98173491326088 109.8580269367867 Oyster-SemiOpen 0
188.02515253510865 2.2885731893568266 224.5505000975536 2.053446028315955 224.71325271907335 27.335917243875883 188.18790517053276 27.57104432889019 Oyster-SemiOpen 0
