340.88530578485006 99.85713931185991 363.0930325218105 102.969572062408 356.90787113609986 147.1006276914618 334.7001480072722 143.9882100026573 Oyster-SemiOpen 0
258.56391382620495 138.8667782326265 238.92625783756375 129.71440093393062 250.60215404498376 104.66299360596551 270.2397116092834 113.81534417952801 Oyster-SemiOpen 0
247.42804836403957 105.39918084026765 235.56756449118257 175.4461731965097 174.27410575488102 165.0677887607478 186.1350019860256 95.02133781491487 Oyster-Closed 0
377.84309600793495 168.01267446997235 350.52994577815844 164.0531479723114 354.4191140732073 137.22720622440244 381.7320660000187 141.18671800000024 Oyster-SemiOpen 0
174.21088600000076 0 174.21089471438972 21.68643723990601 108.97197421693272 21.68643294317844 108.97198001008292 0.0000018623626246168442 Oyster-Closed 0
27.810470049756987 105.56207211484592 59.4907085189443 146.19105786828325 16.175776840216713 179.96414451178754 0 139.33543589938805 Oyster-Closed 0
292.4339092860537 179.4196855929922 270.6363008522676 177.88379899223358 272.5043701280483 151.3744369316967 294.3018085023032 152.9103174702384 Oyster-Closed 0
398.36636756201915 157.71696599873047 408.6281395940787 164.34825399413884 390.0937594286115 193.0282402852748 379.83201502696465 186.39698726725513 Oyster-SemiOpen 0
213.53249399998458 0 213.53250188157836 31.77637133497402 175.91607035522247 31.77636267235423 175.91607899999508 0 Oyster-Closed 0
0 160.001738 41.376441 160.001738 41.376441 203.991843 0 203.991843 Oyster-Closed 0
376.3727751406841 3.6697359063134893 409.35697200000504 6.615484999999196 404.9659191565952 55.78300523887267 371.9817226848463 52.837259946629636 Oyster-Closed 0
149.80885544405828 156.80614080621683 190.29739777638315 177.04161586657565 152.89325461832777 251.876883648441 112.4049132368491 231.64171420579765 Oyster-Closed 0
75.99852303153239 259.73950574244935 40.61735389061869 245.4090344861328 71.05392204899908 170.27098777384882 106.434114096126 184.6012339872249 Oyster-Closed 0
219.04787425863105 207.0009592620486 242.47922514609672 208.52406365155986 239.96450483240915 247.20697773649073 216.53315515017675 245.68388518807058 Oyster-Closed 0
196.03813279724272 189.46930855359042 228.95472144264204 204.0300398750303 195.93092031503693 278.67799573914795 163.01447714385722 264.1175077646605 Oyster-Closed 0
350.229517916614 248.87963451140456 363.0915789827195 255.47692803649497 342.9659275433369 294.70880110142906 330.1039132120386 288.111576984419 Oyster-SemiOpen 0
185.78800771849637 280.13065476705043 194.40162854550726 232.53032491488034 238.01014453652533 240.42073793937112 229.39707059839566 288.0205852940593 Oyster-Closed 0
125.59149880240875 294.7279901031467 78.64303436104092 299.68982208745877 70.26776419313683 220.44482487406026 117.21447633003118 215.48308866804692 Oyster-Closed 0
0 253.042943 8.568434 253.042943 8.568434 274.072909 0 274.072909 Oyster-Open 0
184.33583433020613 329.88947700419783 158.4495150140283 325.7657178743302 165.7540666953828 279.92255851561526 191.6397593183974 284.04626706114425 Oyster-SemiOpen 0
367.20732158466853 333.18655755163934 354.512705538109 333.67684538721306 353.72153557258935 313.193667221916 366.4160040269271 312.7033822360022 Oyster-SemiOpen 0
244.35914432225763 346.5536970845715 233.75583901205755 344.99699813142394 242.95095065187706 282.3782429060867 253.55389300624665 283.9349149024252 Oyster-SemiOpen 0
16.00425345731128 279.10813361826916 24.597187424584263 279.480195607976 23.016710977713956 315.9764449567 14.423777237025206 315.60438653416213 Oyster-SemiOpen 0
133.577640601663 281.87229918235124 175.70143799453945 296.5967982242727 148.81937504665984 373.48673429322884 106.69574588337855 358.7625798279416 Oyster-SemiOpen 0
98.86108923580468 382.5943781558664 89.15929057279209 378.3763281439503 106.81241344190857 337.7828048302221 116.51397467207426 342.0007956110835 Oyster-SemiOpen 0
74.15009261185696 404.134046274992 55.70765112416484 397.72914776421896 72.01045969628103 350.7993193584147 90.452345915779 357.2041127291577 Oyster-Closed 0
110.90788999999131 403.4686460000142 113.646417817381 370.3954202942337 171.7199022372297 375.2025044543658 168.9820840765533 408.27506881052244 Oyster-Closed 0
392.1683716174157 61.74155359799207 364.7788979541765 80.24551101791312 346.5217884038102 53.22152591874232 373.9111955459193 34.71759962469921 Oyster-Closed 0
56.17136644481798 44.843402271967626 41.9832069281365 43.31382632244417 44.82793793301971 16.926597253974627 59.01607811143913 18.456172185396007 Oyster-Open 0
313.96915382644147 81.86171411094938 270.0183559723955 73.08006818493591 280.69870016663117 19.62740797372014 324.64930938847465 28.40903560446323 Oyster-Closed 0
69.95535874009511 43.74927124430445 56.752773024760245 40.06497700817441 61.96300062517548 21.394309360760225 75.16557252019629 25.078601556318226 Oyster-SemiOpen 0
365.71275643587796 2.7768314607160938 375.67793599999277 3.8286070000017824 373.7440314889318 22.151624240999528 363.77885195768613 21.099848917022026 Oyster-Open 0
55.92084670357872 62.14043947269745 41.06706638785181 69.45383731431119 22.970548887482437 32.69925356448796 37.82428687007632 25.385867996728287 Oyster-SemiOpen 0
231.27840596196256 84.47576946668285 237.70965737555525 60.870764630799776 258.68334328995843 66.58505761713955 252.25213171451833 90.19002821383451 Oyster-SemiOpen 0
366.2294550749393 117.82201720707864 352.3195559783744 109.06680206935786 370.7415093672862 79.79940139374959 384.65134627156294 88.55459072769207 Oyster-Closed 0
24.336957001181872 52.9736434733067 47.94180193384818 52.70359035542988 48.41778966940183 94.30845552314106 24.812944737113867 94.5785079169131 Oyster-SemiOpen 0
329.42623288502364 76.81013806308104 337.227520472592 114.70519837203754 302.47571280030024 121.85914862073919 294.6745574426277 83.96420208622115 Oyster-Closed 0
101.99833460396985 129.38911422996472 115.59855785602122 54.77237563376336 181.81469528607704 66.84132006322102 168.21496464862867 141.4576220981203 Oyster-SemiOpen 0
106.11177997903724 130.07280275139803 71.26010814983601 129.5274555468805 72.34007581564947 60.52319796240177 107.1913557980406 61.06854216088104 Oyster-Closed 0
