283.67547705634934 3.126311495335298 281.73171905589334 33.49546040315029 236.6250393590053 30.60841202290568 238.56881700002486 0.2392849999812023 Oyster-Open 0
289.3283963746326 171.4625735435801 253.28197234182153 171.7604082120264 252.58976548480132 87.94365024310618 288.6354905802109 87.64581848753528 Oyster-SemiOpen 0
291.0834135628538 141.56805808135246 310.7764874658533 144.87473182959567 304.9246876699581 179.7239208839157 285.2316179361369 176.4172636383812 Oyster-SemiOpen 0
5.74296543651144 58.4612877682667 101.38280945307633 54.543549993557725 109.9031627048862 262.5353233799617 14.263328923014342 266.4529467052811 Oyster-SemiOpen 0
159.30330900002082 0 159.30331909742017 37.54488482787565 122.8237030176424 37.54487269266492 122.82371600000624 0 Oyster-Open 0
416.00025328887205 227.579634 397.24644727407576 227.579634 397.2466766567268 154.50965199999996 416 154.50965199999996 Oyster-Open 0
186.8151096123256 134.74928889162024 242.8177104135939 138.90588306828408 236.76183400709488 220.49384551043153 180.75923821565084 216.3373037667907 Oyster-Closed 0
126.21055094414623 35.89396069641944 113.39975502943707 38.35068710718286 106.08058541534047 0.18428908794341092 118.89136417789268 0 Oyster-SemiOpen 0
334.09205273790576 6.353193200007868 330.9083156381821 56.095780957752325 291.206932523477 53.55468453637772 294.39071799999874 3.8121549999913458 Oyster-Closed 0
312.1720645318419 262.53678963754965 264.3960306938716 238.9218090359574 312.077028874839 142.46668662251182 359.85153153723877 166.08121651669336 Oyster-SemiOpen 0
188.77551860763197 327.3207861044993 131.70992159985326 314.24824442094825 161.18739444817038 185.59405369409816 218.24979842042376 198.66622060879158 Oyster-Closed 0
205.60654355450606 223.7660778244124 249.60595181847384 226.25371972742354 245.00600329969893 307.6043457466263 201.00659889338567 305.1167515956585 Oyster-SemiOpen 0
269.441035460859 232.32436755810417 297.8596557428573 231.65283640614965 300.4646883678324 341.88104658654026 272.046068634063 342.55255911005065 Oyster-SemiOpen 0
336.9367174041181 6.33149991405549 371.0151750639707 20.935727633849798 347.25852007372305 76.37088687091219 313.180080202932 61.76669073021644 Oyster-Closed 0
352.4957080284112 336.4514455433731 324.46604745154764 337.52919392963673 322.50913143618163 286.63254908197956 350.53801606159686 285.55481555077506 Oyster-SemiOpen 0
71.76906893285923 274.9600568368404 126.47984502450345 251.05721980272975 159.54557583646238 326.72987848815853 104.83510941613349 350.63219142446053 Oyster-Open 0
47.39451350550371 256.66247726866874 84.95585167527315 272.3694589926023 47.66715270339046 361.52624736063757 10.106055051674048 345.8196791743054 Oyster-Open 0
244.31376818680656 264.4214817934805 294.98711793532857 248.8897817943782 337.86328194802263 388.75327499045005 287.1902336219864 404.28431692165594 Oyster-Closed 0
71.64208094571586 295.8326101028867 91.52655058256641 296.4645715061149 90.06760996981029 342.36169711760306 70.1831407635691 341.72974388923615 Oyster-Open 0
262.6571130091834 17.889364825011366 287.56208741218506 13.50559417169756 299.9154835564841 83.68717637473095 275.0105125922564 88.07093300432365 Oyster-Open 0
156.62430120969657 89.89109699073792 134.0890315987781 68.06922844107162 174.34001720253218 26.50268686914091 196.8752196577807 48.32449158723958 Oyster-SemiOpen 0
203.7619027002438 12.74501938978713 240.66617442809365 21.318584268325267 217.4418355989801 121.28536309277862 180.53757965228942 112.71184793564515 Oyster-SemiOpen 0
329.41008472547037 156.29962829117395 308.14158548328487 161.14637709686525 289.15062169223165 77.81168701082366 310.41875964200153 72.96498097241216 Oyster-Closed 0
