112.00720154631563 29.875486080035767 84.999320461342 25.55170102044473 89.7751156810591 0 116.78297878893136 0.04426870256084032 Oyster-Closed 0
323.7455276779947 144.0873079605309 311.22300338554487 122.06563012333608 347.25939584113075 101.57424678191813 359.78192236234463 123.59582622745367 Oyster-SemiOpen 0
283.15721963698525 163.85055115567022 265.4529227658095 165.78389953458498 257.95108222346244 97.08798907129459 275.65510903243194 95.15465525967194 Oyster-SemiOpen 0
58.069736941972224 142.37165044209434 49.11805553664453 169.47774101481025 11.838711837470328 157.1667360526725 20.790463999979693 130.06078800002126 Oyster-Closed 0
149.7705540558345 201.82060562091064 83.1013543266672 221.45844034508505 48.40115124489239 103.65592921922487 115.06851999198261 84.01836201959323 Oyster-Closed 0
317.1154509885455 185.16033015193338 297.3688448623143 172.57618055849537 322.20064523697874 133.61298001541533 341.94706249293085 146.1970496774014 Oyster-Closed 0
49.265401884011226 169.2746737294348 69.76739986314715 168.07204203740514 72.43482280088574 213.5424892838376 51.932825730498735 214.7451117744412 Oyster-Closed 0
353.19947462642085 219.8254989008834 319.2309253539497 216.9240764108493 325.63051730284496 142.01151957512866 359.5982652773637 144.91290783127326 Oyster-SemiOpen 0
116.1430949346759 162.11879133748985 161.4640803930888 168.89239832553167 150.15506998780256 244.55378414871103 104.83410349436235 237.78026984379437 Oyster-Closed 0
187.44876302546254 278.801392582886 153.51705456160198 269.4436857433911 185.98691187702207 151.7191459731579 219.91719670135717 161.07665021319613 Oyster-Closed 0
74.12447199998132 0 74.12447321533546 14.236474179179396 43.70551658914701 14.236472677503983 43.7055180000134 0 Oyster-Closed 0
0 193.296771 34.437039 193.296771 34.437039 262.772818 0 262.772818 Oyster-Closed 0
229.88334878557725 217.33439457277288 267.3291668221209 152.42219900673334 374.1803720582393 214.0569562152118 336.73634263446 278.9675972779291 Oyster-Open 0
28.157387862345786 285.44652638465345 16.702354519817163 280.77513210516065 34.45271495368797 237.2540390993319 45.907528711548366 241.92538281903222 Oyster-SemiOpen 0
351.7472126231696 230.06564893953376 385.0301145961057 223.16629692684606 395.9455283138486 275.81743722115084 362.66265196848326 282.71670702630183 Oyster-Closed 0
148.7678617546917 295.6388804085565 125.14241658012907 294.67780890890424 127.03384442663082 248.19515707006 150.65876931564708 249.1562180429135 Oyster-Open 0
197.17475269060742 265.70750153280085 251.8884636335315 211.35474835693435 319.6553760004208 279.5639394902281 264.9429110196543 333.91543674847503 Oyster-Closed 0
47.22421738628327 263.0898502894439 70.3359433694859 261.2395268888188 74.17666851894319 309.20601164644467 51.06494529736301 311.0563125605127 Oyster-Closed 0
366.65222311795515 295.3543912045709 348.1757410042883 299.6061517055254 341.2575034237889 269.54594349612677 359.7337109999862 265.2942160000004 Oyster-Closed 0
264.7694992886136 0.2595913453899294 284.05182372620766 0 291.0739562405979 40.673531575643246 271.7916324568396 43.78446210986402 Oyster-Open 0
375.7697344006083 284.46580381652547 389.5381798365488 291.6245979054307 378.477696059781 312.8937828303649 364.7092812532901 305.7350338416167 Oyster-Closed 0
405.1599280443734 329.5683667513188 391.1702870260415 328.99928788717665 393.476683336954 272.316354838239 407.46589999999924 272.88542500000057 Oyster-Closed 0
298.4678096475509 275.61366257346356 328.3572309159754 268.8774505960997 344.0931872284673 338.68907137066043 314.2038106957443 345.425152973293 Oyster-Closed 0
161.53105679723376 280.21865054760264 185.11533783129198 299.5139726375646 136.17993555074645 359.3156831927838 112.59603946395873 340.02078263426944 Oyster-Open 0
42.86325095061693 290.1642160296093 64.84769037927981 302.0309375455976 19.661893259926728 385.72607647209463 0 373.85969163154556 Oyster-SemiOpen 0
299.5031312501924 293.8748080765483 321.23924670858105 296.72544975549215 313.5130032023335 355.6274274215366 291.7768970981706 352.7768342022934 Oyster-Closed 0
279.7801636932054 301.9651723451851 302.7264605679011 310.00118837656447 276.74874807901506 384.16384203824543 253.80254522452742 376.12801696638905 Oyster-SemiOpen 0
387.9994668738109 314.0029058066336 405.83221490835786 338.69786954623845 371.4721680689545 363.50463631654225 353.6397683724572 338.8099859119432 Oyster-Closed 0
170.618610912461 403.9944874418752 168.15585277208083 351.1956963942279 226.11562117510766 348.49299365240927 228.57934747019317 401.2907490722476 Oyster-Closed 0
245.9810755917133 372.39706747598046 259.02736293473936 375.758665909693 252.2983543445007 401.8669550424981 239.25207851097002 398.50538755388425 Oyster-SemiOpen 0
201.9539653414722 53.941890762187 178.39754541195725 50.21974544427812 185.10171953489044 7.791158582834907 208.65808905955782 11.51330002455593 Oyster-Open 0
50.46535235549891 17.656113052747497 73.51720468312124 16.234100797634092 76.92317017769892 71.44713122668885 53.87131825930919 72.86914042771943 Oyster-Closed 0
71.78822700001547 98.96182899999826 54.45757216149286 92.02950826989888 81.32874216785422 24.85285352105125 98.65929340819639 31.785152848341117 Oyster-SemiOpen 0
276.5501007679777 91.91454772881755 239.03901294531533 106.46919248945308 209.85028366725965 31.24251896342856 247.3610943116655 16.68793221708751 Oyster-Open 0
360.8575796869991 39.63775118446325 372.9198497788457 53.96430162735053 332.64920289059955 87.86997434265106 320.5869789125936 73.54346660608131 Oyster-Closed 0
0 53.514983 24.280591 53.514983 24.280591 121.736836 0 121.736836 Oyster-SemiOpen 0
218.07505240770843 130.11095172638193 189.7481169155435 132.95295335920957 181.25035731095704 48.252999354766274 209.5769063152111 45.41101759213296 Oyster-Open 0
62.92189130635961 129.2051982093418 31.243844484739384 131.1593078299629 27.839758661033557 75.97465442770377 59.51749405532246 74.02055436394252 Oyster-Closed 0
324.78626950032776 132.06978256331718 297.0246401256918 135.47791284118475 287.4218016307386 57.25611354246057 315.1830769189146 53.84800499218046 Oyster-SemiOpen 0
