65.65967923348217 102.18086940709813 80.29023530870109 111.146940734665 53.84710590391842 154.29477852862746 39.216589078139805 145.32875827377913 Oyster-SemiOpen 0
319.8165895853017 54.08117688953755 302.0286231222235 56.728655935435185 297.2654908119948 24.72594284231405 315.0534161545511 22.07846699746573 Oyster-SemiOpen 0
243.725328507815 129.54080822338585 309.8194673383987 82.09596158314096 381.00088545248946 181.2537562759241 314.9073914584551 228.69782112417295 Oyster-SemiOpen 0
383.7990028181521 212.91539425617532 362.5091304524103 218.31365701664768 343.5329001821374 143.47773242344093 364.822280497443 138.07953495279435 Oyster-Open 0
202.0395120637695 144.5470642142372 230.32199163041878 193.4331544442499 183.42353430013463 220.5636377660701 155.14154583341224 171.6779733243995 Oyster-Open 0
324.038881131597 218.26602483325541 267.15550578433977 274.6600300077621 190.26626745733302 197.1080718451473 247.1485009645803 140.71517345524006 Oyster-Closed 0
377.77112349019444 238.0330762576258 367.2109185268564 237.7381818388272 367.94291126833923 211.53008657364893 378.5030070522698 211.82497946992322 Oyster-Open 0
315.3360587675743 25.805827579376306 335.4126487652975 24.576361405786827 338.18936335442777 69.9186240317529 318.11277359865926 71.14808784401174 Oyster-SemiOpen 0
152.8552157821141 14.274826074507338 150.24426281562774 70.1412997692496 99.31265093270486 67.76089295448718 101.9237028591815 11.89452724034863 Oyster-SemiOpen 0
49.97450708225006 277.82662366753937 21.693337945867825 257.8996444600699 69.07558347451413 190.6601041327624 97.35609832775663 210.58675866709552 Oyster-SemiOpen 0
324.6794769478038 204.47801258661957 353.0394383221428 211.38162715088623 333.67292009940866 290.93077179409994 305.31300287735576 284.02728165288335 Oyster-SemiOpen 0
225.426113866346 18.401349136385676 221.2467917672002 69.60089568953238 169.05576330993426 65.34055797977217 173.23517525240095 14.141109781257331 Oyster-SemiOpen 0
223.1554972746635 281.17625277280575 195.68848970492036 286.20060029968795 186.33979236633604 235.09772484556714 213.8061546207755 230.0734385612064 Oyster-SemiOpen 0
395.27794505134807 286.5883611781484 373.3240006587075 286.7890275185143 373.067517899377 258.71461031279244 395.02116692951313 258.5139453210013 Oyster-Closed 0
400.45458082105324 279.2657279362236 414.5082146163877 278.76305606039364 415.51613926890786 306.93832270244917 401.4625056822806 307.4409909213228 Oyster-Closed 0
135.140391749017 243.3226107076579 176.36628770383686 238.49872264504484 185.65036584461996 317.8320957997254 144.42448629429055 322.6558885995858 Oyster-SemiOpen 0
208.79732311686894 236.959445465014 257.79903791523975 215.33295925170566 302.5556591471104 316.73127829689207 253.55430107253414 338.35717633727717 Oyster-Closed 0
40.84919991212519 357.370190507623 0 326.523840277907 66.73236537477715 229.23835754003338 110.08203829675404 260.08373853426934 Oyster-SemiOpen 0
302.8957539651965 283.6358184316248 317.7626667471486 286.0062395678089 308.96133148482477 341.19767970786484 294.09442718925857 338.8272950482649 Oyster-Open 0
320.12597176591225 326.91184051333715 330.37343965388936 326.7468626402047 330.76614901349967 351.1348597073907 320.51868115110847 351.299836382682 Oyster-SemiOpen 0
63.81706740244408 307.7027613678918 101.0644318000086 305.7578259157209 104.398561815 369.5973330303785 67.15120042824856 371.5422314296558 Oyster-SemiOpen 0
271.1758981726707 325.73305108510243 301.54208150478735 329.5733854644724 294.30196143247304 386.80987600500663 263.935791107313 382.9696110665686 Oyster-Open 0
320.8503615271002 350.1848865639073 331.4192915519925 349.8695401564949 332.570919376245 388.457705847769 322.0019895254409 388.77304830912175 Oyster-SemiOpen 0
364.11865567150016 364.2325374100393 384.4635677757651 363.93983291607674 385.13191478717636 410.38249482751365 364.78700281982674 410.6751946849797 Oyster-Closed 0
190.7949769999832 416.00000000000625 190.79517622508138 398.8388808358133 213.02510930709832 398.8391383465634 213.02504699955534 416.00012006935384 Oyster-Closed 0
204.9383555670138 107.6214730909801 160.5204604816863 123.01069661789154 126.28028898072444 24.183689625722117 170.69765048018598 8.794571154197033 Oyster-Closed 0
286.42705405108063 83.58401790732812 295.2544514051515 52.32437038005864 343.2829488182979 65.88698440612563 334.45567051038233 97.14653044709871 Oyster-Open 0
69.20986574985363 48.5790735363335 90.15129361007712 46.44266090563637 95.61450748144489 99.99343724131766 74.67308083317039 102.12984228894825 Oyster-SemiOpen 0
74.97927795949727 114.27183731495231 27.327538066583656 132.8920098629998 0 46.738149952440565 41.31343621817723 28.118099529624843 Oyster-SemiOpen 0
288.0022908709543 88.17768701820772 308.1910628493679 55.604151226764856 396.0594979009402 110.06319492270978 375.8710509801931 142.63644133610146 Oyster-Open 0
161.34000843952526 97.52460871612548 177.64986126151052 92.0671474404122 197.45195087343018 151.24511843581485 181.14211513157352 156.70254280425414 Oyster-Open 0
