408.25883118169077 209.59272542500082 328.51047033462964 206.80797812189974 331.9023760282471 109.71302875086327 411.6485616712489 112.49773802036002 Oyster-Closed 0
142.7066679942909 158.7848689900761 155.39679293848894 165.86447449079347 141.4974079139829 190.77765141349136 128.80730513848175 183.69807689231763 Oyster-SemiOpen 0
59.95513038556601 131.38957086681856 89.70676881889813 138.0405233369853 73.14357931157429 212.12883276341464 43.3919646751674 205.47795704818154 Oyster-Closed 0
284.6359567131294 180.1380311982937 301.1539412156417 204.3494785931684 259.09704582787526 233.03986090474132 242.5793132353865 208.82863812613707 Oyster-Closed 0
21.046535574616428 170.10855377465126 44.384563523239194 178.3210325201254 18.715180423881975 251.2622283397404 0 243.04986741317103 Oyster-Open 0
97.52972137902907 222.4090817748772 112.66388481566173 192.34541762145378 169.9537930082406 221.18295962278668 154.82007118007095 251.246246226177 Oyster-Open 0
111.45550689867014 273.8184221888118 76.9235258310946 268.95127751622664 90.97506673738098 169.27044205774848 125.50574121895988 174.13749466535018 Oyster-Closed 0
95.11890825336741 309.24155708282115 48.90357525701984 318.5021553830869 34.99407045282351 249.09218729116117 81.20780100001866 239.8317569999978 Oyster-Closed 0
221.3788485392397 348.54086159039537 176.40219935832283 346.0996158788329 181.76618177163255 247.3131633529861 226.74057730087588 249.7543491120563 Oyster-Closed 0
231.42985212171698 353.9226049533371 214.39652686436602 352.31785849068166 223.53658364208968 255.32357445783188 240.56903131571744 256.9282795068694 Oyster-SemiOpen 0
130.82080131361363 293.9761496220358 132.80555065834415 310.5896467382643 114.7949958449899 312.74085738616344 112.81033469709655 296.127440416813 Oyster-SemiOpen 0
329.1639994164143 292.6695308190355 346.7944715995691 294.9863642666581 340.7665224953489 340.84957451481233 323.1360560829271 338.53277089139897 Oyster-Closed 0
107.45107188336624 344.0969740043918 82.7395509671478 344.53497881126304 81.83331531290241 293.3949949959237 106.5441267333008 292.9569964810869 Oyster-Open 0
64.34036036631005 332.15092869763794 94.54239144556777 330.8700613926413 96.60398611738856 379.4706420066455 66.40195630484595 380.751489732237 Oyster-Closed 0
153.42350799991618 0 153.42363078955896 71.10864412956529 60.560716902375134 71.10855360598225 60.5608089999987 0 Oyster-Closed 0
327.4773695233198 352.5855726728223 344.8917472331523 355.4316631698946 339.22726543978206 390.0826478700826 321.81289565978295 387.2365900961577 Oyster-Open 0
387.6340201618259 402.41376927972055 374.550292826083 401.0451016269881 379.47573631896375 353.9744482969893 392.5590558526019 355.34309448368725 Oyster-SemiOpen 0
227.97862700001497 408.94380599998226 227.22721758933767 383.10589042982775 267.93530547604314 381.92215385018966 268.6870701625703 407.75970740568937 Oyster-Closed 0
11.763096880222292 403.01912202506344 13.512918579119287 360.31379901259606 80.32935247579007 363.05068867290134 78.58053175245004 405.75504222261975 Oyster-Closed 0
158.20961228801025 380.11882885159287 186.30534003174762 380.43609083067224 185.9704788108029 410.08234752213895 157.8747511253314 409.7650888156893 Oyster-Closed 0
306.7975540000007 406.6504090000035 306.65417850822996 401.7221266933133 330.0790898562991 401.0407492666861 330.2225051681089 405.96899059301643 Oyster-SemiOpen 0
339.95033438027167 9.333907750970546 385.8843981996506 23.6091710553071 356.9837930946487 116.60313710612508 311.0497598262591 102.32795199297576 Oyster-Open 0
