324.83457465820175 114.03831223022318 347.6299524584392 113.92144330187165 347.85361238292535 157.5451857726614 325.05823457001316 157.66205409402585 Oyster-SemiOpen 0
226.6924815773491 131.71774513248016 247.04578060278072 122.30740126266011 258.3764076577936 146.81324531537828 238.02312810115473 156.2235580674293 Oyster-SemiOpen 0
226.981027641119 193.1731662752279 164.21812904824037 187.14269715459267 170.92457575173466 117.35447077575101 233.6862339451436 123.38487842165236 Oyster-Closed 0
371.98500497578425 177.45490457182746 343.91846632342276 177.46280772565854 343.9111829110807 151.20343212349277 371.97750699999597 151.195529 Oyster-SemiOpen 0
143.53087714093272 10.48822792206177 142.62215088224548 49.56499728586411 79.2666406788885 48.091586487436984 80.1754307374249 9.014879277983137 Oyster-Closed 0
0 143.482383 38.734306 143.482383 38.734306 201.018642 0 201.018642 Oyster-Closed 0
287.6315889118014 193.5216036172648 265.61405979945994 195.1840085448823 263.64515668197055 169.10733954143882 285.6625010445932 167.44494166131472 Oyster-Closed 0
391.0599563035721 166.78625999274217 402.53693085000486 172.4014823896902 388.0602301907966 201.9887115739017 376.58327511925745 196.37351921579213 Oyster-SemiOpen 0
182.71821579341122 53.55090398579817 140.95052467656205 53.2068591016349 141.3026093558874 10.46986098762634 183.07020396970256 10.813905485367945 Oyster-Closed 0
0 196.553416 34.896824 196.553416 34.896824 234.78058899999996 0 234.78058899999996 Oyster-Closed 0
379.1186208988074 22.08109522823185 376.60311352683493 65.27150185952402 344.25885993526754 63.38766199593473 346.774416999986 20.1973099999853 Oyster-Closed 0
140.4869943819176 181.29863688033973 184.9592500355211 196.82617175053974 158.1548884823169 273.58942811755867 113.68275723424085 258.0621468358282 Oyster-Closed 0
81.90406064092531 285.6279671018304 43.607483318639424 275.7768053816339 63.45798230843138 198.6192505383258 101.75330437302546 208.47024110056435 Oyster-Closed 0
217.96535154509547 227.20612435186317 241.6029010622624 225.29067992281665 244.76807359120357 264.34651391181706 221.13052595736735 266.2619420706311 Oyster-Closed 0
191.8762144945431 210.91640257503306 227.72186617742045 221.4392418012762 205.1703713814568 298.25168219899837 169.32479805264666 287.7290305741689 Oyster-Closed 0
355.95819879318515 260.1050241310915 370.1118315720814 265.22626993212174 355.5883875555264 305.3593177092422 341.4347822307791 300.2381261623305 Oyster-SemiOpen 0
196.97485457893345 254.74215397544563 242.10365279865437 256.84550054438404 239.87900807687765 304.5705265492465 194.7502115078969 302.4672046807065 Oyster-Closed 0
136.2821145644557 317.1951959607547 90.77621081864345 328.84349796376034 71.11381554458058 252.03724928861197 116.6179375104839 240.38919117005565 Oyster-Closed 0
0 284.455438 14.622928 284.455438 14.622928 305.882289 0 305.882289 Oyster-Open 0
171.98865727795055 312.66714291553956 197.83047098787938 300.98781141522284 215.43315658234133 339.92879712107003 189.5914312777677 351.6079854648509 Oyster-SemiOpen 0
366.8489035586608 326.8480170201666 377.9109596776325 320.3870184773886 388.2223651883869 338.0381053091506 377.1603376703424 344.499065182648 Oyster-SemiOpen 0
263.7461948832206 362.4669526202323 252.8458417767506 362.44960227523177 252.94573210510862 299.8486987219322 263.8456898702352 299.86604875358626 Oyster-SemiOpen 0
24.086044234998553 309.68759822864973 32.71057620054489 308.7986418285574 36.463016783684 345.19760295645295 27.83848626523104 346.08654996122095 Oyster-SemiOpen 0
142.57179357451605 306.4745230736365 187.72526941119577 315.6389335982435 171.79648713929782 394.1044855763661 126.6430775598019 384.94030052403497 Oyster-SemiOpen 0
122.63167110525683 407.2076690498868 112.07924022504449 404.1874825741961 123.94962771358405 362.72445291731015 134.50176827417454 365.7445952440592 Oyster-SemiOpen 0
89.1806222541818 379.0849827183926 109.61046704683395 381.6838252076953 104.91894608153598 418.5543601399459 84.48910774268006 415.95555155211224 Oyster-Closed 0
139.97589699999298 415.99999999999375 139.97653329326204 394.72238634143656 195.34754252892162 394.723741587134 195.34732699070446 416.0009332958304 Oyster-Closed 0
370.3937842132218 71.17321592313134 346.3130019182572 92.04275232070327 324.17057220283095 66.49337888499426 348.251295031896 45.62388592037002 Oyster-Closed 0
30.228428071677627 74.16048251117647 15.772205463319551 74.70583446208413 14.765953946713125 48.03169563953688 29.222136093492736 47.48634444011587 Oyster-Open 0
295.1245476293152 95.95235948274518 249.40851787759675 93.45339112050752 252.42672439653325 38.24174595710926 298.14247927717224 40.740707200296484 Oyster-Closed 0
30.202945032044227 70.14794191863808 32.3507288740002 51.83699830501131 46.41537231965776 53.486703375834665 44.26760394336452 71.79763290617322 Oyster-SemiOpen 0
345.63908419866493 20.131180588721044 344.86013139412535 33.50533567551696 335.1227283259359 32.938196984127806 335.9016839999749 19.564045000016876 Oyster-Open 0
32.20597068857023 91.29857484144145 18.83878708726479 100.19726137612324 0 64.9878677818203 8.766396981027356 56.08920682428762 Oyster-SemiOpen 0
211.42716104046121 103.52269291014849 216.18067667180367 80.0646691389986 238.25883996429184 84.53850965650409 233.50537437013554 107.99648954233956 Oyster-SemiOpen 0
353.0038511709463 128.8144634409534 337.4748169928971 121.46442315979337 351.8670516271668 91.05754680773092 367.39600093856643 98.40756360785188 Oyster-Closed 0
33.81276802913635 119.74734499079938 12.622004360895517 129.19906011106474 0 90.38493765484972 16.500095697239885 80.93325860128053 Oyster-SemiOpen 0
276.6672215215076 99.53262874616843 309.94562142031646 88.90555731098962 321.9865862093211 126.61080265632478 288.70820471093975 137.23783277575203 Oyster-Closed 0
85.10448693520812 155.4074863437667 93.8965459962892 81.25229530512826 162.94048039218615 89.43819955516038 154.1490318256001 163.59283260620353 Oyster-SemiOpen 0
47.67486778291277 92.65201841125577 82.1939750588972 85.47415287411354 96.01918439285146 151.95956374669424 61.500093873080914 159.13737705205395 Oyster-Closed 0
