120.43746918798206 150.466514330171 84.04056628479157 145.97286641848933 92.03073132363716 81.25909941605217 128.4271485505924 85.75271672919281 Oyster-SemiOpen 0
173.59620423847446 216.2804002541281 125.59523258137415 192.49325909906227 169.79988074507855 103.29687119468043 217.7997250431763 127.08367848872648 Oyster-SemiOpen 0
130.94161311812059 121.68579706196093 180.41948197078455 146.0818784387113 131.59284820923858 245.1016277757739 82.1152435004442 220.70597672548996 Oyster-Closed 0
70.75563125134795 298.3965507403019 23.76294580024478 288.47455807874684 51.23062171657875 158.40139477445877 98.22080023702074 168.3231089308691 Oyster-Closed 0
249.67205753782036 256.7191034193531 287.86624032085456 224.41997695387036 346.99628949570615 294.3337845005176 308.8027802969009 326.632190469441 Oyster-Open 0
252.04812149881764 339.62698741250324 157.66487844939547 333.7158315633682 166.33736122311893 195.3157041009363 260.71452547586523 201.226670295014 Oyster-Open 0
120.11661645927234 412.5379858623082 21.992843709133012 385.9994911688749 77.90264806913547 179.33672517045432 176.01563288978286 205.87364617436788 Oyster-Closed 0
348.58946848609776 325.06211750721116 378.0811772258967 329.95865321215234 363.18516650597303 419.656333709681 333.6934931848227 414.75994261436927 Oyster-Open 0
126.59309026043775 2.9462087899123595 124.47789945032855 93.83486163329431 11.618218378469464 91.20787242463184 13.733858869749383 0.31972228366549765 Oyster-Closed 0
124.72591478317554 0.2122378686712177 189.08097419238402 4.425243762446962 182.08895729476717 111.2301372220189 117.73390155238303 107.01715427201945 Oyster-Closed 0
221.7720243371332 113.63069539108095 177.81554440490072 111.47411781009583 180.78947158150186 50.86333581755183 224.74555512171355 53.019903473531706 Oyster-SemiOpen 0
404.5154604667805 173.91941215483388 393.4609527976354 173.1464296881378 398.08678069793314 106.99633115140372 409.1411030000345 107.76930700000077 Oyster-SemiOpen 0
238.59396134025883 3.600639575229469 326.54962246089053 22.95010672343146 280.9277406595611 230.32619363919036 192.97218321173932 210.97715077263973 Oyster-Closed 0
