108.14847692223702 149.13925617614802 79.87611850050598 149.67597440993995 78.83711324849719 94.93759250151543 107.10913871176672 94.40087743236298 Oyster-Closed 0
0 99.449225 63.987095 99.449225 63.987095 170.816172 0 170.816172 Oyster-Open 0
198.42353560016272 171.01716259091413 168.01709403798304 181.57831770344768 145.96634311313392 118.09425763944213 176.37230380170877 107.5331942851892 Oyster-Closed 0
109.23571082004855 150.13065589435888 106.28746988454077 175.68096455139445 78.76611255914395 172.5053193464721 81.71444045835233 146.9551093942821 Oyster-Closed 0
133.65729464289325 150.09189843374205 120.92598155123414 192.4451512185784 106.70092669679798 188.16928742396672 119.43229299909945 145.81612819634037 Oyster-Closed 0
183.49294621498484 119.27861712020396 249.6717032259112 114.04751177971043 258.3116253885346 223.34647301932443 192.13287556923387 228.57749227853546 Oyster-Open 0
54.08491943221088 204.45594632168172 38.45790665822642 201.68394692525598 44.432803882893495 168.00342719734425 60.0596441083253 170.7754108461815 Oyster-Closed 0
246.26096944206074 216.21786039208177 260.8968989713758 163.74345492097243 319.2268869564832 180.01161844183466 304.59160856740345 232.4854621496731 Oyster-SemiOpen 0
57.80683951643368 194.42067314865406 68.54732292614062 205.69335441408288 44.08542957529062 228.99846330816615 33.34501851363166 217.72585290436115 Oyster-Closed 0
126.97122460645551 198.76602011414565 182.1319047065881 169.56370665763478 219.948307002629 240.99036467811973 164.78793528798997 270.1922202564721 Oyster-Open 0
71.9953946356145 251.4513374536158 52.05215235627111 249.5965292465595 56.15423502068734 205.4965939450202 76.09712546981245 207.3513857147698 Oyster-Closed 0
351.0346574010291 211.30746743651878 403.5228777265256 204.24774316376457 414.21093625455615 283.70455993633414 361.7227437078327 290.7641618192347 Oyster-SemiOpen 0
273.1842980650108 331.88715943047083 241.3475606312022 326.25371699151293 253.13067565643723 259.6767455359059 284.9663121863123 265.31008794704655 Oyster-Closed 0
315.33770404639654 343.9345874146321 289.60368329645644 352.2704563283018 273.3689093812827 302.15959951805763 299.1022105375778 293.82385695103756 Oyster-Closed 0
411.82717419844266 90.30683461410494 380.45888064802057 89.02867749260618 384.1387332736558 0 415.5067850000087 3.204408841574493e-13 Oyster-SemiOpen 0
324.0632327475214 408.3188152926329 296.6134951283966 406.8279544950164 299.72663125303006 349.5355673438963 327.175319740898 351.02639956687517 Oyster-SemiOpen 0
294.19003899997915 0 294.19004052548553 13.86961574655589 252.70639323833166 13.869613755482177 252.7063949999756 0 Oyster-Open 0
159.736293642487 107.8071576512226 90.65390323635802 89.74017471831448 118.61093941509898 0 187.69271450844826 0.910227943235935 Oyster-Closed 0
200.27711178941172 9.658440349840765 238.55851115849873 7.020882400363034 244.07862391244635 87.13932298968997 205.7972267878722 89.77687180133854 Oyster-Open 0
277.6345238977301 99.72187429386705 277.4360061803891 20.271657910338376 345.3363580787154 20.102057230428585 345.5351695853824 99.5519585811959 Oyster-Open 0
180.79868106099457 24.51855959770457 202.30507914221016 29.855869225669576 186.7363456112289 92.58888428097204 165.22995307321617 87.2515927564782 Oyster-SemiOpen 0
260.7650741289908 141.07930906351828 222.14170259855382 133.69830330174244 246.32497534742288 7.155909482513615 284.94771243164723 14.536852547011025 Oyster-Closed 0
340.6958586915862 0 340.6958624023937 21.141238333416307 301.2506376127312 21.141234171202303 301.25064199998087 0 Oyster-SemiOpen 0
350.87950433602236 44.567285958189665 389.8005254155469 48.18737306833123 380.93792085907626 143.4715247310019 342.01690333504666 139.8514669522929 Oyster-SemiOpen 0
193.09280513695558 67.4882260834522 228.57163985740408 82.36750194164068 201.55914518405189 146.7760494120183 166.0803677547483 131.8968727495048 Oyster-Closed 0
41.22284700000455 0 73.16192507094092 0 74.63696614743458 50.57539180276326 42.697888032325864 51.49034699475992 Oyster-SemiOpen 0
