299.85207874537446 71.67895244437709 335.0364777843424 65.31831162371778 350.7435344072983 152.20153593618636 315.55914980001035 158.5621201441162 Oyster-Closed 0
159.12887997004145 105.29456272784918 197.4212325758417 107.40288128932434 193.05290781622898 186.7399037804781 154.76055702267695 184.63160702525846 Oyster-Closed 0
113.1854437347829 193.36285374053156 86.26027397617145 201.81117925377976 70.55221391280429 151.75100762343058 97.4769848170472 143.30274930387267 Oyster-Closed 0
301.6272565567233 8.776437100661239 300.86961182766754 34.815521437118214 265.3714303160159 33.78263173148369 266.12909200001377 7.7435659999979745 Oyster-Closed 0
17.892520757468446 235.01896151420004 0 169.87964563461077 45.41707545943427 148.5377721883899 71.40043603376398 213.67643431906288 Oyster-Open 0
194.4479916301898 200.30996343035898 170.0843474855683 222.53232510050174 130.59641133888726 179.2420355123137 154.95978100000139 157.01989699999035 Oyster-Closed 0
362.59510892049 139.94185445101596 402.19665822085153 190.7055615728921 329.7725688000246 247.20003995946703 290.1718845793512 196.43712991507596 Oyster-Closed 0
133.71747010517356 234.4161277730221 110.74667709736968 232.25261199254783 115.07843037161365 186.26699565126896 138.04883327273274 188.4304929374285 Oyster-Closed 0
264.587668220247 247.41638690490538 208.67604235195176 270.1864067547868 169.41847259346832 173.79518911002702 225.32821948549463 151.02559643948135 Oyster-Open 0
256.1369416415364 254.4266707683188 253.4884802291599 194.17025684828434 302.75636209837467 192.0050508608104 305.40538037841907 252.26087293425314 Oyster-SemiOpen 0
137.27976499253418 240.0865698119021 176.85067458962658 207.35894275562205 227.6248657398537 268.74360875994154 188.05448010373948 301.47065686959587 Oyster-Open 0
214.77988599996752 6.249456000004222 255.07440286621932 0 278.9523319669679 48.821753495302914 238.6578279786081 65.15537482619293 Oyster-Closed 0
99.39248365076128 293.5280762146582 80.32109382977069 293.9859926284099 79.34159125829319 253.18828833481064 98.41260433619755 252.73037646495064 Oyster-Closed 0
59.55188319480658 259.86492361147486 87.72788128359389 268.3000624431343 68.64939975892048 332.0185114929525 40.47346472236313 323.58351981039857 Oyster-Closed 0
18.838631356975384 291.55402207789183 30.63791401088747 289.70015769841694 36.504278344011254 327.0317395969353 24.705000205089164 328.88558498064464 Oyster-SemiOpen 0
33.765709101764514 303.0572982955689 47.26428613522148 306.99928737451967 34.54543007765096 350.5445407220956 21.04687443207149 346.60260302513075 Oyster-SemiOpen 0
273.21500775476306 354.8991908173765 249.69692034201216 355.90026844754226 246.37409882572683 277.83997243258534 269.89116363110224 276.8389166055232 Oyster-SemiOpen 0
421.8097727506938 323.32829557735516 403.949085784152 329.40593600792135 390.8988186638053 291.06042529986286 408.759145131331 284.9828517623645 Oyster-Open 0
301.7148279691464 319.80864375450477 339.674449290731 315.78877470105607 348.1954405564029 396.2353511438652 310.23583529529424 400.2551174896743 Oyster-Closed 0
124.89509523828019 366.3912905747105 139.40583188333403 363.39416146372315 146.5035661598813 397.74955898137546 131.9928402311125 400.7466527171294 Oyster-Closed 0
288.21919951241216 391.6882348891585 279.4068357750184 392.39738548047546 277.1945910018658 364.91262236445164 286.00679344476885 364.20347830144243 Oyster-Closed 0
415.9999513332914 347.2624165303551 418.82775589095763 407.2526546104336 367.3370064863775 409.6780851428381 364.5102765607444 349.6888637124107 Oyster-Closed 0
227.81048478990851 419.44485312676073 207.76004313439626 407.1912395215256 228.93519339880731 372.55275474267165 248.98520050959996 384.80619528845466 Oyster-Closed 0
342.61555400535144 412.3201259133192 336.3651215272221 345.8982903247177 365.01660632198764 343.2030225689968 371.26760833072694 409.6242135389681 Oyster-SemiOpen 0
251.20240990109232 394.4861921818442 259.70390542515815 407.9454736262178 241.8655501523317 419.2095915132457 233.36417058472216 405.7504117725438 Oyster-Closed 0
136.6430376550088 33.52501317253237 157.5364162632286 25.516195733743725 172.8337592449061 65.42372353152587 151.94038811623614 73.43252601170738 Oyster-Open 0
326.2055570326156 11.494379053786272 360.07162553414673 5.667326520379173 374.2685991528451 88.17802640913165 340.402537462036 94.00505704374741 Oyster-SemiOpen 0
116.29659855286445 30.480879158829893 170.03101561042422 60.32929826425784 115.21052787754888 159.0177958342394 61.47632017266005 129.1696664135282 Oyster-Closed 0
145.57300319334172 70.20117647816342 176.81310245848 53.795980035366945 210.6449561562622 118.22054145575294 179.4049254711863 134.6256387174439 Oyster-SemiOpen 0
157.53389081958085 135.69308593051747 137.1384597798642 133.8833357958733 142.6582424060216 71.67938050824974 163.05344117187997 73.48912024476016 Oyster-Closed 0
185.8218900714346 57.0193772871008 221.63535592980406 51.39161795491514 235.64921301206414 140.57055586421137 199.83575704375835 146.1982699490959 Oyster-Closed 0
231.7955815764908 64.61815707083272 283.8413780016708 51.48555066431929 302.66878754626305 126.09952823517213 250.6230213107956 139.23205136373934 Oyster-Open 0
