321.35623161008334 57.489293729199446 343.8393105318428 52.67230880648984 352.91081147596924 95.01280155000363 330.42773625872724 99.82977267278906 Oyster-SemiOpen 0
254.28903458793138 116.83339400473744 231.9485344829991 114.5060123618895 234.72796570931314 87.82733262362294 257.0683599590666 90.15470874879185 Oyster-SemiOpen 0
233.3030800780216 89.03416050145732 242.45636476614527 157.81750380439078 179.43864433482668 166.20281759905683 170.28591400969526 97.41998897224889 Oyster-Closed 0
380.57368727657376 108.43925206600018 352.8672581372339 114.23214208100633 347.5117532482327 88.61780758663734 375.21805899999526 82.82493100000008 Oyster-SemiOpen 0
122.42376401482397 0.7438547921478437 130.61133241428251 38.50079657461441 67.55067973507175 52.17536212258394 59.36317723251341 14.418477157274607 Oyster-Closed 0
2.815973308417597 161.32681634680543 52.25350340342629 160.46393607397093 53.23224043781738 216.53607589411496 3.7947107595136913 217.3989481305301 Oyster-Closed 0
281.4423623494513 151.3161426274098 271.0989787188155 128.49821318432828 292.0864722078077 118.98488369777296 302.4298729605689 141.80275043544202 Oyster-Closed 0
397.1316750934202 93.2181020953866 409.412926449324 96.37083006003151 401.1965256348012 128.37663546850018 388.9152780734621 125.22391767186917 Oyster-SemiOpen 0
167.85129293283535 0 167.8513055955409 36.19161698191584 120.7942327960809 36.191603121143075 120.79424634417228 0.0000022312595300911074 Oyster-Closed 0
56.231929584588215 211.6341614731226 57.167201358846796 257.835689779137 4.620064375507354 258.89868321812696 3.685300598372123 212.6976399846194 Oyster-Closed 0
154.3297210821911 165.81593070700137 200.86024963961245 172.0457041878703 190.1001233012903 252.40789676842599 143.5696135674807 246.17821657958802 Oyster-Closed 0
117.79163367722504 282.0732265083215 78.30680790420593 280.13794522550893 82.17044256006557 201.33448176180806 121.65393075674001 203.269729959224 Oyster-Closed 0
239.38998064500265 192.38499401911957 262.37260637771396 185.5632945000237 273.3200877766467 222.44323313092943 250.33748202132483 229.26488467478947 Oyster-Closed 0
210.66489740300312 182.49951089644577 247.83830877955916 185.58419954860125 241.274216625814 264.6812998730866 204.10081087744766 261.59665910930875 Oyster-Closed 0
381.51844636147143 191.83011195458906 396.3571117260508 193.98670216210414 390.21710892522606 236.23043762069508 375.3784472686639 234.07386469126124 Oyster-SemiOpen 0
224.3263997626491 223.46447473333856 269.2515495882544 216.2908039190238 276.7058015460534 262.9685602663441 231.78066914118608 270.1421585473353 Oyster-Closed 0
177.6670399178838 299.3280884742596 135.02442954498474 320.63107427424933 100.10170976245354 250.73375842533872 142.74291949925828 229.431196593938 Oyster-Closed 0
31.978025556418288 323.18456509075514 26.000360007350537 302.84090919106296 50.354235445232916 295.68609849922103 56.3319829792963 316.0296135464338 Oyster-Open 0
211.60499986819195 286.19835472970834 234.67343709144188 268.90023400906404 259.83847327887634 302.45503635357954 236.77020079215436 319.7529688894327 Oyster-SemiOpen 0
416.00002345622124 265.010567 409.18260779099364 265.010567 409.1826327469462 248.91720300000006 415.99999914062573 248.91720300000006 Oyster-SemiOpen 0
311.76616703221225 312.98715738994645 301.0019863242451 315.2159954052323 288.4494420859701 254.60155986903482 299.2133028576136 252.37275587947315 Oyster-SemiOpen 0
65.9506924219204 318.26357639138985 74.30013772770326 315.58043213799795 85.32519603718174 349.88178499440704 76.97576367327929 352.56490076652113 Oyster-SemiOpen 0
42.895081384587684 339.10530516044423 56.296776937200775 357.8711879616117 29.92799873745389 376.6980630419204 16.526517377362325 357.9323724850085 Oyster-Open 0
181.54474432747884 286.59911161200824 227.69280990730113 286.4705499456435 227.91390118778145 365.81879536956416 181.76583563728127 365.9473541154003 Oyster-SemiOpen 0
182.3217607108054 389.4887239455989 171.39134092611494 388.6560022212452 174.65467747422008 345.8337854796896 185.58479479426023 346.66649563218334 Oyster-SemiOpen 0
146.54793331446126 405.4454983731346 143.8248885400062 369.5151081980043 164.43850515789018 367.95332739417677 167.16178147778555 403.8834647848631 Oyster-Closed 0
200.7657122739729 401.3371125923188 198.50793611752306 371.54190201617405 257.0821744434106 367.1042586862777 259.34049262808185 396.89887407578664 Oyster-Closed 0
350.8495023248761 0 350.84950713630315 25.546644844192567 320.5365311528258 25.546640768023277 320.53653525503614 8.915733964240877e-8 Oyster-Closed 0
24.46170163486022 89.17944255073984 10.289293152705795 92.7131127387559 3.9409346994834777 67.25209055403377 18.113295225564798 63.7184265519152 Oyster-Open 0
285.84355424918976 0 285.8435767912706 48.258355187101735 236.63401435484047 48.25832850549381 236.63404114725563 0.000007352136765096053 Oyster-Closed 0
23.838966945699212 85.13281527865287 21.62177044955024 66.98943329331019 35.90759989021535 65.24366404833611 38.12481117047719 83.38702878184651 Oyster-SemiOpen 0
29.77333200346402 105.09787665516265 18.546558170364733 116.94717600730718 0 91.12485699664926 2.5187137709071976 79.27559666828716 Oyster-SemiOpen 0
208.51900890841716 74.62026897332555 207.5831103939381 50.839881775464384 230.07695159004652 49.95462334612979 231.01287825715553 73.7349810291233 Oyster-SemiOpen 0
344.3771234682499 29.286604074713857 360.96481911210867 34.06000045796479 351.82443040957514 65.82300873306991 335.2367374275018 61.04961888616544 Oyster-Closed 0
37.18461255336297 132.3363040133793 18.238211418694846 146.39260464608486 0 112.91691271514901 12.348364493442205 98.86067389227719 Oyster-SemiOpen 0
271.2592523297135 55.310488729206554 301.9836388713229 37.561869951707706 321.38567451198105 71.14829303713742 290.6613149667173 88.89687435770047 Oyster-Closed 0
96.19368630960162 154.4819972664121 87.30305339433107 80.98050560267298 156.4141383497772 72.62112288072437 165.30520940243514 146.12209961306056 Oyster-SemiOpen 0
45.10573921615287 102.42160628635494 77.80140964999737 87.96702755660162 104.88375327260292 149.2247771349049 72.18814861562714 163.6792487693226 Oyster-Closed 0
