151.91676701152392 147.22869373158443 119.59107210815637 142.57007008616566 127.52594950618732 87.51369222933906 159.85127689285946 92.17228887904392 Oyster-SemiOpen 0
331.0834451682895 170.350342138185 326.7816653863192 127.29579321079594 347.8567243485886 125.1902047866654 352.1586095426901 168.2446324825848 Oyster-Open 0
301.61656928894445 23.884780327934244 319.92539075305103 29.526108249919655 309.6414042922079 62.90248817306955 291.3325859933284 57.26116759467858 Oyster-SemiOpen 0
138.74461522536149 131.37976635480524 165.50848147035867 116.77376183570235 192.3948249820387 166.03826603789256 165.63103333627078 180.6441631891552 Oyster-Closed 0
183.21762752364884 156.68125741906528 221.93923577647365 118.38829696697348 276.66027911919446 173.71963375779774 237.9390980824537 212.0121622653737 Oyster-Closed 0
310.4429048346756 161.05872162772084 335.22999913743115 158.96625060972707 341.10295971945743 228.5322476719643 316.31586885325305 230.6246937831063 Oyster-Closed 0
361.95091791986124 234.2558091022466 341.0273154897586 238.8748855567286 330.3231075280819 190.38978426626113 351.2463365940457 185.77075043724508 Oyster-Closed 0
224.3346702937706 214.56064706554952 205.47949113888535 236.7863229515659 187.83703361832522 221.820479047495 206.6921496668292 199.59490191413747 Oyster-SemiOpen 0
275.925216634987 22.78044017201306 269.0880128637873 68.14241767879942 226.69045494444435 61.75199116494783 233.5277170000045 16.39009799999233 Oyster-Closed 0
359.3443951408517 266.4269685360018 332.29001928588696 255.5961714709845 344.19005426022704 225.87467937479144 371.24409498731984 236.70540087175593 Oyster-Open 0
282.11716018728475 70.75525842502968 269.65318131387176 66.49791992126121 284.6966668379646 22.456200600548982 297.16060388329424 26.713531497012276 Oyster-SemiOpen 0
374.41933436486215 37.62609706006073 371.94492987596095 54.04284626241805 320.21600396403664 46.24599967719984 322.69043400001465 29.829284000013736 Oyster-Closed 0
415.99987960516955 256.1251765836688 429.0513245473485 283.48827056494457 386.643774521508 303.712227596945 373.59270019007454 276.3494494789845 Oyster-Closed 0
221.69564303431252 229.56632815516718 253.0832113396973 230.30502748565615 251.40679823683604 301.52800478333626 220.0192303554395 300.7893177907446 Oyster-SemiOpen 0
237.7088142841858 70.79105292718955 210.5473824178298 73.02964409006816 205.6222837784444 13.271644683219552 232.7835993274457 11.033058240167055 Oyster-Closed 0
176.01139752237214 288.3492072624716 178.18766927516117 252.0582332042583 217.15444753141855 254.39467870470173 214.97853284558732 290.6853129840032 Oyster-SemiOpen 0
337.268564062575 291.27665496291706 355.5788666507833 269.1809161389766 396.1922319621517 302.8314239617907 377.88225906615844 324.926855059738 Oyster-SemiOpen 0
416.4771462138742 331.0789265751711 406.9212783847106 331.50628025494603 405.28310633174624 294.8798044680288 414.83878149029624 294.4524551018765 Oyster-SemiOpen 0
76.498131667915 256.5827867721423 88.29492425520948 270.5630247626221 70.72506838359186 285.38679808289055 58.92835709137216 271.40663661353017 Oyster-Open 0
387.1816457464374 295.1799763608348 401.0819898475238 298.9094285835456 383.95047440684357 362.7498978011092 370.0501579661068 359.02051718836384 Oyster-SemiOpen 0
286.96916515027624 339.1489893691605 265.23872704055975 346.5882777311001 246.85497261717683 292.8975407832944 268.58477459867936 285.45837174553094 Oyster-Closed 0
296.86422730197955 400.3512706348158 269.0698069464779 398.0978179817335 272.867724536718 351.27139094709685 300.6612834335756 353.52480845361566 Oyster-Closed 0
357.33348769527583 49.78334186163578 395.66264856474663 43.153469034027644 405.7180314150137 101.28600542178165 367.3888772994178 107.91585209597437 Oyster-Closed 0
316.778904036375 70.97379903278754 335.90080266065706 65.47972668319272 346.4100919907687 102.05646978778165 327.28820001574786 107.55052626530744 Oyster-Closed 0
179.73782720368763 35.42844132553797 216.83514419577477 33.43537690596816 222.9772946408557 147.75913266463047 185.87997883844218 149.75217858793778 Oyster-Closed 0
380.0347925741589 158.63538110194156 359.6343878761436 159.59492379941855 357.6308584281833 116.9980783026293 378.03105496655917 116.03854046904043 Oyster-Closed 0
391.7093813809952 92.67383893851029 423.5588821334568 100.27876971230964 397.23296868782927 210.52780460438854 365.38350784375143 202.9229899461343 Oyster-SemiOpen 0
