86.58864274881125 146.15881472990125 53.45269721083969 145.36974668035688 55.41371234801045 63.03200853008469 88.54912764591063 63.82107004197323 Oyster-Closed 0
147.9349038669534 0 147.93490627907522 21.953463646534463 117.99351331583966 21.953459842468416 117.9935170000208 2.17305435070967e-11 Oyster-SemiOpen 0
135.27264845016907 97.71259272590694 165.87699358118698 110.72606175598924 137.87148014247214 176.58573974390944 107.267204355594 163.57238413819422 Oyster-Closed 0
308.9657726550395 133.31000694772501 334.93408939015353 130.72508041221536 339.5589637646881 177.18500926307723 313.59064931579996 179.7699193058229 Oyster-Open 0
70.75297356281226 125.02382241964247 109.82250534635023 115.39714066716192 125.03762134606222 177.14497950173083 85.96812013049203 186.77157982165534 Oyster-Open 0
290.94887993550947 146.73072061593118 309.56839406790823 149.685114977989 302.6469245029475 193.3042763131969 284.0274150787809 190.349901386252 Oyster-Open 0
146.7258998656107 139.97474705780928 185.90466391882364 159.4648371149169 155.54961662099595 220.4807201124681 116.37098979856455 200.9908394121291 Oyster-Closed 0
307.2852062201782 174.6525079770312 331.82415372232936 178.8349909920075 324.338143471934 222.75304142904136 299.7992046545187 218.57059111158028 Oyster-SemiOpen 0
362.80683406408934 228.41299965544005 337.6186816334448 215.50986443812852 362.3039678029527 167.32579134301943 387.49172478811306 180.22880392811112 Oyster-Closed 0
227.26640597301957 222.88432110515163 214.98370187109322 222.56972850959033 216.22244542327462 174.21353778951615 228.5049373173606 174.52812762623782 Oyster-SemiOpen 0
26.79896904470297 157.49920837040838 78.12542874392966 163.78715765050174 68.66603798096548 240.99605039210496 17.339593273707578 234.70818656880226 Oyster-Open 0
226.4143430439908 176.5018658926687 246.58188408653223 174.44048931522232 252.8123316277888 235.3919613847758 232.64479402212964 237.45331478250668 Oyster-Open 0
185.11788145128958 192.93664244427106 215.6972025199466 189.43123408180304 220.8303931795781 234.2070775820364 190.25107684771865 237.71245625050128 Oyster-Open 0
66.96860564615781 254.04920607521154 47.47555828491386 204.5935217751718 116.68364640232903 177.317215048439 136.17697860738554 226.77220129597052 Oyster-Closed 0
416 0 416.0000477889371 55.1367362540218 349.27246680656754 55.1366932252379 349.27251272555804 0.000002232907260375251 Oyster-SemiOpen 0
345.6168477642059 225.8949347870335 358.93083531747106 244.07854346516967 324.163220426748 269.5323056222949 310.8494222389745 251.34886850360735 Oyster-Closed 0
98.61298621840615 0 98.61301131609798 53.34278734488199 47.364108257326734 53.34275177432835 47.36415100002341 9.256606831064383e-12 Oyster-SemiOpen 0
241.29702716574684 0 285.72824099999707 1.659056835718407e-12 280.1462026713125 55.90109388342197 235.71498891859665 51.46439727887089 Oyster-SemiOpen 0
253.53345777494542 316.20310498881844 227.0493929012482 310.6095539587427 241.83526665205864 240.6146477182393 268.3184424693318 246.20810225777524 Oyster-Closed 0
185.5501689702105 289.65601396009595 172.60405450735925 314.6646580896583 142.2834991642958 298.97096628347805 155.22964252697057 273.96254424987313 Oyster-Closed 0
207.86005065967765 316.2424951110651 187.7347531327614 322.00495248017324 178.07570660994315 288.27567299037594 198.20064861612263 282.5132698116002 Oyster-Open 0
258.7743911939797 347.5652232598226 234.7066448771984 341.5296437586493 253.91725898532604 264.9407138222068 277.9840194793178 270.97616302927787 Oyster-SemiOpen 0
22.473695808654156 293.1944053818227 60.98936191846224 279.33521820822637 85.14160400225956 346.4447819381851 46.626077814624296 360.3036907278137 Oyster-Open 0
22.870905341278558 301.82465543102023 40.139797796411585 300.51636232462596 44.92126836186435 363.6180694353742 27.65237865482777 364.92633846563933 Oyster-Closed 0
186.3355417358216 0.020405465024109972 234.8619362296704 0 237.73265649722816 68.05871197445414 189.20626269254353 70.04800199545919 Oyster-SemiOpen 0
232.43705674449666 401.5921309239765 213.88496256299186 398.6631141586064 225.960624305666 322.19876019598485 244.5118175365642 325.1277043487492 Oyster-SemiOpen 0
101.66260301755392 5.724164334582876 145.9716766231868 9.032716268427727 140.78123745738776 78.54439139509222 96.4721654025634 75.23584800520923 Oyster-SemiOpen 0
14.042120072463149 0.0849685889944475 43.6592690138059 0 44.32217952825522 113.71861320001642 14.705030561326566 113.89112863880364 Oyster-SemiOpen 0
221.31411151801512 37.108231114632616 241.86384762057787 41.337261370812655 228.7917949847615 104.8565826056468 208.24206442237482 100.6275695447006 Oyster-Closed 0
350.0356206452889 37.20843866973664 401.5551803666567 46.148448855048066 385.7122727223723 137.44698704468723 334.19273191996035 128.50704160816673 Oyster-Closed 0
161.9312985509241 122.43118117774196 120.85501484067208 115.85642592029895 130.8796503935955 53.22911819958878 171.9555259196568 59.80383946954515 Oyster-Closed 0
