344.78644277837884 125.44972832022515 308.46149269007947 129.2442225553693 299.24871711227024 41.049108932191594 335.5731484694261 37.25464378841001 Oyster-SemiOpen 0
161.71815571299885 90.64436781517925 197.59407825969174 95.73941921898998 186.75036231233025 172.091461924951 150.8744494690327 166.99645611186358 Oyster-Closed 0
67.01509321534832 142.35682712705932 93.60135791799985 129.1335630975894 116.78265811827805 175.7392788538399 90.19645668209705 188.96244660725617 Oyster-Closed 0
7.339684784088604 157.58589909106456 65.91020087219295 154.85811973183516 69.04003991243007 222.0577129468012 10.469526893924922 224.78546137113352 Oyster-Open 0
184.82950424744558 189.72416057310093 156.84038548455283 206.44056309724542 125.45607644132542 153.8947874057462 153.44477311113224 137.17854975776723 Oyster-Closed 0
108.67990759478562 178.9212072160496 111.42260889011959 202.10885621724998 85.37601165515298 205.18940585571616 82.63342320789525 182.00185961169808 Oyster-Closed 0
382.9506184062702 107.84919035378189 401.31167162060956 110.10200067087021 391.8424856688798 187.2759233055686 373.48143649730264 185.0231357467539 Oyster-SemiOpen 0
155.4514960014385 166.29092229700518 209.8351546670856 121.86007926274372 274.47768932203326 200.979255020019 220.09468718786957 245.40937445365887 Oyster-Open 0
58.29305562308218 206.36922527641627 79.50509417266585 215.50288101065053 66.03333803417263 246.78692260546248 44.82133561893352 237.65332880369846 Oyster-Closed 0
295.48222252548294 222.38756303455153 250.02420254383833 225.01973264394186 246.90988511910837 171.23113803889555 292.367068749827 168.59899250717172 Oyster-SemiOpen 0
226.20966218960893 253.53427541820255 183.31809760425676 285.42656676792103 136.6193620866543 222.62740283148423 179.50995211287955 190.73564312310856 Oyster-Open 0
78.28101945063827 244.14089660487747 98.23262115192847 243.2369965107702 100.13133819777431 285.1420264045721 80.17973710051956 286.0459176630914 Oyster-Closed 0
414.91301825147093 226.33694663783837 377.5278040888297 231.15582012072178 372.3797991006577 191.21818422496563 409.7644671896196 186.39934635577583 Oyster-Closed 0
60.01698502610088 324.2767628070955 35.06901824114175 314.7704204184114 60.905792920784734 246.97725642147378 85.85293668691884 256.48342387393427 Oyster-Closed 0
22.091859239273617 296.65874584334085 29.478225865193963 295.5288741095695 32.05371909810128 312.36306773367573 24.667353639248176 313.4929343088815 Oyster-SemiOpen 0
272.85652623461283 0 272.85654252266613 39.125971362969075 221.02059620821456 39.12595272835673 221.02061600002344 0 Oyster-Open 0
59.45595306005271 10.241997878877083 102.51704173150938 0 120.59956075621812 69.10293457392568 77.53848343870777 80.22862383452494 Oyster-Closed 0
266.01639283094846 243.2912901914438 297.07444373362887 244.24313396320267 295.01377830735146 311.4727063427805 263.9557282866517 310.5208782117146 Oyster-Closed 0
248.46383151006376 246.19385046314898 270.4543343500445 247.0084121409873 267.509177312415 326.50719822894996 245.5186755019713 325.69265294389766 Oyster-Closed 0
347.451290955094 305.64897539768 353.25857041184645 266.9793144331086 400.55938604752737 274.08166858911403 394.7526337306954 312.7508604739318 Oyster-SemiOpen 0
182.3986896663955 365.19570642077883 153.74261431259947 369.5789379980357 145.08778820422594 313.00494663560096 173.74288892010372 308.6217915052317 Oyster-Closed 0
123.57136894652649 368.4280495951763 117.3941684470592 355.22562170543665 134.80276348831103 347.0822645826526 140.97998304653447 360.2846123609188 Oyster-SemiOpen 0
295.92079255066346 286.8813313642496 328.6555980791345 280.0888586415415 345.7890118775722 362.6452666330246 313.05425556375485 369.43757580537687 Oyster-Closed 0
336.4185932841501 321.6469734702447 363.9065768323708 320.4926899967244 366.32640429789535 378.10632711902383 338.8384220263688 379.2605901248673 Oyster-SemiOpen 0
346.84819802327183 31.02561141211146 332.30118413529635 31.904742838238505 330.38256317509877 0.15719509642056642 344.9295644832273 0 Oyster-SemiOpen 0
58.44842239745776 107.8546189659419 21.148885499143944 119.37326694097636 0 23.61501796810962 28.876277199786273 12.096454608006464 Oyster-Closed 0
333.17558200570056 0 333.1755907307779 36.81333882903425 303.2008993204727 36.813329752088926 303.2009091565269 1.1410301383969586e-7 Oyster-Closed 0
194.88954321218262 65.28051240528643 183.5040416528609 65.85625632244869 180.72281103582645 10.856353403929115 192.10827079856244 10.280610542687501 Oyster-SemiOpen 0
196.15389089811288 60.1257745048796 183.36840565699094 74.94628167601697 132.71657567865623 31.249618469300326 145.50203505692116 16.429149611854307 Oyster-Open 0
2.7665719999604335 59.39940800000091 26.09086933814615 58.31308570375209 30.153453837039706 145.53902847384245 6.829157235548337 146.6253422931103 Oyster-Closed 0
131.5463387508571 142.92596383119104 68.76240758622225 131.47259022629996 89.46298824720361 18.003879296142532 152.2457778326061 29.45713754489258 Oyster-Closed 0
191.31689563976033 31.087342212764423 233.3105080525238 30.48248682226461 234.72600898041128 128.75630519032117 192.73239685472072 129.3611562734067 Oyster-Closed 0
151.293027696629 64.86030305261193 169.15851240886695 54.21390285855616 202.27082361288922 109.77831857050623 184.40537844118444 120.42466654049865 Oyster-SemiOpen 0
242.52474788987092 112.12205544298018 231.24251364800875 38.59117841296245 287.903427477253 29.897488468181262 299.1858773609056 103.42810222107283 Oyster-Open 0
154.53953833323976 121.41810029680194 136.59038790879276 117.90440112897491 146.38693322702602 67.86173101982195 164.3359331076026 71.37541486244484 Oyster-SemiOpen 0
