139.2278418062524 209.26398413443619 97.8359922824784 209.96422926592592 96.5489686607034 133.86486540864362 137.93987528689104 133.16462820812822 Oyster-SemiOpen 0
121.15116956059865 137.9086673762213 155.61137215161943 132.78494859286658 168.23201488584527 217.66247200902453 133.77182754265232 222.78612191079006 Oyster-SemiOpen 0
253.7444734107121 209.1452337643483 231.28796595832682 210.86598502475414 226.74532006700247 151.58318730244372 249.20140165774865 149.86245252275887 Oyster-Closed 0
248.68981278941283 160.7503996524106 275.58532292220843 159.50287758053045 278.10891038695263 213.90612915355217 251.2134009348556 215.1536399895092 Oyster-Closed 0
280.19914744018024 227.01254444628262 252.92964280675733 251.59844281110554 194.26689793667902 186.53708390521783 221.5358865791568 161.9515922459156 Oyster-Closed 0
295.12828644440015 239.45965681828298 271.4571692497593 244.3964031516984 262.9587262239438 203.64996065244944 286.6294714436517 198.71325434160667 Oyster-Open 0
58.46379135629468 19.017762434248564 69.47883708374138 15.441518483723549 81.85825823521736 53.570808015332766 70.8432145475017 57.14704737380194 Oyster-SemiOpen 0
114.83324165315571 235.64560024786655 138.51080095197904 226.3135464732303 167.95855210052105 301.0204548206412 144.28108838151093 310.3523313886641 Oyster-SemiOpen 0
285.42219540588485 255.40744283894907 307.4132356044938 250.8319046310347 316.5169682656815 294.5809126169629 294.52594255157965 299.1564015771714 Oyster-SemiOpen 0
274.34553779673297 70.82783587634484 237.95189819954976 75.14213742675089 231.33145198210696 19.294289102758196 267.7249206465276 14.979998163538184 Oyster-Closed 0
117.18334709079136 319.2949564145477 71.36294395136065 307.0078217281248 83.18030973639179 262.9479274131751 128.99969644027806 275.23491837164903 Oyster-SemiOpen 0
316.2141282730845 257.1685312534728 333.8325924614983 260.0119885801969 322.13836771572824 332.4605299240193 304.5199166172242 329.617126735797 Oyster-SemiOpen 0
194.5860756672373 285.7847553884507 229.6864556968212 282.61705405350614 236.30760216378258 355.97148176483904 201.20723105947036 359.1391169581584 Oyster-SemiOpen 0
77.82555891825541 313.49677272724387 106.45269968102366 310.4121577611399 112.59218314893951 367.37935896902104 83.96505131759113 370.4639211857644 Oyster-Closed 0
111.54119064564293 369.0304631596328 103.37058519370476 362.6059292744496 120.16977044200394 341.2458784938965 128.34028626793588 347.67035817067034 Oyster-SemiOpen 0
132.0723039999939 415.99999999998147 132.07366335779443 368.44205882292505 185.71607822882288 368.4435421451883 185.7156014748325 416.00060032686247 Oyster-Closed 0
325.82988644750003 136.17394542034032 297.7069788796034 108.5695031521893 339.60067758289006 65.88992515933342 367.72342746433424 93.49421577377632 Oyster-Open 0
363.2720905266142 150.0042748772093 345.7072096589909 150.22298361691196 344.7253479526735 71.35704331380248 362.2899459186956 71.13833638954453 Oyster-Open 0
112.60232803351028 156.86448794664375 67.80288433156238 170.60808617939753 33.938903029455105 60.224311160393405 78.73742004870655 46.48086535105408 Oyster-SemiOpen 0
318.2096294045914 167.52455281887129 275.1469337079361 168.30437900102584 273.1639157739264 58.774234056122395 316.2256901429537 57.99441610764228 Oyster-SemiOpen 0
