164.79198782514504 176.63673579281462 128.6772489788127 176.07865105492706 130.3364322585985 68.7435538261732 166.45032595562225 69.30163199063038 Oyster-Closed 0
377.2240629199405 195.05093758442865 356.1707465427826 169.48958187634145 398.6744260778287 134.4837056651435 419.72762505417995 160.04485686101393 Oyster-Open 0
356.4808660517119 223.45405544695245 321.9329044788028 218.1443260036882 338.1347755455281 112.73594889954077 372.6816835854588 118.04559679746811 Oyster-Open 0
106.65008931094417 176.2651678524628 75.72861115750857 179.16866305161193 69.68458107901097 114.80107621975489 100.60555225525968 111.8976049183299 Oyster-SemiOpen 0
164.7026895590825 145.41692232381348 205.23661407165855 161.59839212730927 181.77857987343668 220.35638644591307 141.24474477314652 204.1750809104361 Oyster-SemiOpen 0
181.268678520908 150.04738104815056 210.017527543474 150.2765786317681 209.3601301935123 232.7308235711606 180.61128118645865 232.50162916899913 Oyster-SemiOpen 0
267.1919070934564 177.09138390217166 290.7908743010339 172.83416017751537 303.0285083546696 240.6660222209294 279.42955581755814 244.9231922886127 Oyster-Closed 0
104.34248464385746 156.2494124337187 135.05548248365085 163.87897706811393 125.22323925827732 203.45669319590834 94.51025945635774 195.82717811412516 Oyster-Closed 0
323.26950237206984 247.4119335771394 298.37899173240294 252.50885231055236 287.5467702049318 199.61383476799156 312.43677265858423 194.51696940784367 Oyster-Closed 0
317.3758636781313 62.184231586220335 291.1052119937194 83.20733754162627 259.3914014753682 43.577617836525505 285.6619794360522 22.554557414942266 Oyster-SemiOpen 0
313.2771298260195 256.77672127885296 285.02963375961554 280.27492185869534 240.1178143578145 226.2910446442376 268.3647765318419 202.79320328503215 Oyster-Closed 0
315.12563758918986 237.67175880580663 336.6534844345042 261.518187667137 316.7226550184714 279.50886290951246 295.19495795536204 255.6625786940568 Oyster-Open 0
368.17970054064426 335.1071144256625 338.91392871712014 320.7188174747217 372.0722228576851 253.28707581805327 401.33702704172174 267.6750878617603 Oyster-SemiOpen 0
217.91758243023287 19.340234393549693 236.1763874087883 22.430209669140535 228.03345664362496 70.54700473569997 209.77465300021868 67.45703560040555 Oyster-Closed 0
161.14212509319987 243.60067370411264 187.3856350398928 238.18486793794347 203.61958212034733 316.84002982210836 177.37610504113763 322.25572806065577 Oyster-SemiOpen 0
307.1472705302076 291.2080178450376 325.041658722952 281.5176011807542 348.48952403536896 324.8097238233207 330.59522744205606 334.5000110788778 Oyster-SemiOpen 0
123.87280592098614 250.94035119616808 169.6718139702025 257.6385405601862 160.99368586561104 316.9672951233679 115.19470082507542 310.269206245315 Oyster-SemiOpen 0
5.111464999998134 219.6093659999999 40.14715146585149 218.794011615685 42.32665521520903 312.4363198638636 7.290968951441755 313.25165638078556 Oyster-Open 0
346.3637937816784 301.25600271022364 359.7345973754709 305.50124427288586 339.41811739625336 369.47777015540095 326.0473517853279 365.23261254678107 Oyster-SemiOpen 0
211.2162357772322 294.9430541710223 243.93153275724035 293.2230280656755 247.8896270556179 368.4930909457451 215.17433315712697 370.2130790980846 Oyster-SemiOpen 0
243.5473013582232 21.03442498548482 231.19921525957398 89.46856698142065 186.8576740817516 81.46763248079459 199.2058688494144 13.033643178510717 Oyster-Closed 0
263.020293941634 43.329073157217344 276.51873757543217 50.68213535169019 262.9117871316812 75.66104702046309 249.41335100978176 68.30799571779893 Oyster-SemiOpen 0
147.81765143464145 343.3934174976769 153.1360596960876 349.8396279269481 135.56611751134187 364.3323514491884 130.24775827102349 357.88618677640574 Oyster-SemiOpen 0
261.5012045771 410.3789998727059 237.70008463339036 407.8421068353501 243.2900175755276 355.4157667610567 267.0902943388137 357.95261431395596 Oyster-Closed 0
242.94564243673085 37.50752874549033 262.20204493592246 45.56808931319473 243.22090133924576 90.91306262573026 223.96451187997445 82.85252497014199 Oyster-SemiOpen 0
142.99970963790838 34.66121677445817 153.5553381285572 32.6368835294908 160.41895674087573 68.42620790317198 149.86332918437256 70.45053777969825 Oyster-SemiOpen 0
315.10693103810627 54.65533384256385 352.4323129784425 61.046685279898526 341.21064801308967 126.58013832509381 303.8852749565958 120.18882147887967 Oyster-Closed 0
324.3729494809122 35.618495026202666 321.2678732178356 52.82708581621396 296.6138554788631 48.37857151753125 299.7189440000002 31.169997000019514 Oyster-Open 0
219.15495895385538 137.9061889392267 201.23510789139982 129.91745213578204 224.07617377228598 78.68314573006404 241.9958650141125 86.67184193801813 Oyster-Open 0
