59.043865930620086 101.95057477955517 72.80335741335875 111.39360315830865 43.15739465596562 154.58965605960464 29.39794927391995 145.14668339682768 Oyster-SemiOpen 0
318.4896217620917 25.998061057633603 316.16645554094066 54.458211325468454 296.3583583425061 52.84129101954795 298.6815425995446 24.38116139150818 Oyster-SemiOpen 0
235.6881019232278 128.9793594183695 306.36778363990743 82.8976582311308 371.04466044026776 182.09534519437148 300.3655491664467 228.1763087897991 Oyster-SemiOpen 0
371.16709330391313 213.30624503544095 349.1335012172858 217.3835600763314 335.2577699270878 142.40254968623785 357.29084829357816 138.3252833676948 Oyster-Open 0
193.08046849599486 144.54705273845832 219.64370507050262 192.58191928820992 169.47525914470316 220.3228890673346 142.91253885180777 172.288468523279 Oyster-Open 0
310.52286774597087 218.16247559623898 249.51950798851612 274.71859976202813 177.69119173560466 197.2465806803822 238.6932602844281 140.6915302099117 Oyster-Closed 0
363.259543170876 238.19247958070613 352.73194847217746 237.16034752182253 355.29242415314 211.04689910025425 365.81991066318733 212.079025824521 Oyster-Open 0
315.33176495656517 25.774037300717488 335.5973104771947 25.94373542684684 335.2284290792304 69.9958288017949 314.96288355893194 69.82613099171296 Oyster-SemiOpen 0
152.72946171146395 14.274827392950106 150.11634828506794 70.32412330962362 98.90479595991201 67.93646292785779 101.51800969293981 11.887272547486376 Oyster-SemiOpen 0
30.547931537574186 278.17915304597364 4.048426918063342 257.54709504896044 56.21281045615251 190.55503270937191 82.71172969460895 211.18674409232426 Oyster-SemiOpen 0
312.4483244119947 203.77761728554026 339.93669790487183 212.4302122095792 314.8915381930092 291.9876764842963 287.40323573048227 283.3352404949154 Oyster-SemiOpen 0
225.42611382676114 18.40134962106236 221.2229272471268 69.89329659555908 168.9252133166665 65.62425138680767 173.1284911106195 14.132400761889544 Oyster-SemiOpen 0
204.8133933361387 281.6608629337444 176.63147923085126 284.8739985433515 170.804170401414 233.76673287679748 198.98541927024053 230.55363607486862 Oyster-SemiOpen 0
377.4623838045263 286.95927438721196 355.46245273062596 285.62254140655 357.1296261926582 258.19050201131677 379.12926837000487 259.5272261980911 Oyster-Closed 0
383.2202003899656 278.772183574742 397.35585455238106 279.2525047693578 396.3893909503204 307.69092123218013 382.2537369552774 307.2106035649471 Oyster-Closed 0
118.81259640871576 241.72907004513152 160.74613743892405 239.72772107806352 164.58118403225308 320.0716804753793 122.64764578405084 322.07298960887385 Oyster-SemiOpen 0
193.35911033692537 236.81950959806102 245.01768345784149 217.5038073174851 282.84806853810005 318.6665240469691 231.18976830793326 337.9817133792941 Oyster-Closed 0
15.96427686856623 357.5171061995643 0 325.6146208931048 51.48543888301356 228.71656332877993 92.09498082109712 260.61802367215535 Oyster-SemiOpen 0
288.0767420722332 283.66064599701906 302.24059211661734 288.3444699577812 284.50633622604073 341.96371858143215 270.3425198459918 337.27996747229975 Oyster-Open 0
299.10885122574473 326.4240889569765 309.3878038497205 326.9766575809517 308.0723324591745 351.44237733137106 297.7933801727813 350.88981273717593 Oyster-SemiOpen 0
40.22973219825508 369.23795254093284 43.134459341992624 306.9608642534057 80.87359681934322 308.72089074532283 77.96960171029059 370.99727771761195 Oyster-SemiOpen 0
254.9073792303061 388.082444097224 229.2582338126267 370.42104169910067 261.91809543824274 323.0014938511258 287.56657894785167 340.66257799817197 Oyster-Open 0
298.20373275913516 349.66349606641865 308.82553897075195 350.0877155339855 307.27948592606117 388.78949541988027 296.6576800397306 388.36528127751194 Oyster-SemiOpen 0
340.7252693125374 364.05600607920843 361.1278010261376 365.18782763513576 358.5633855256601 411.402795025657 338.1608551545869 410.2709913436867 Oyster-Closed 0
162.7801920000129 415.9999999999873 162.78039563562925 398.83886644159304 185.1372849355139 398.8391263964272 185.13721899954908 416.0001218461289 Oyster-Closed 0
198.6908196332879 108.02211511780612 152.25792896379062 120.95278914360115 124.87241723759143 22.614001567866993 171.3047475395433 9.683414129772729 Oyster-Closed 0
283.3904804574013 83.92065965988628 292.5037133698788 52.10206446568267 339.15862868889235 65.46447334458176 330.0455135270531 97.28296833512759 Oyster-Open 0
66.18626392522856 47.96213571021647 87.44384063752295 47.26830164041313 89.20555803448224 101.24306226035519 67.94798146728499 101.93689385316956 Oyster-SemiOpen 0
68.06989654026984 116.30621241394928 18.048039561825135 132.4645291619589 0 44.83095811336669 39.76133256089088 28.67274686395127 Oyster-SemiOpen 0
283.6448264266219 88.28518040837375 305.09376195358345 54.98132487574301 389.9166582898615 109.60949865246778 368.46804448896 142.91306526512204 Oyster-Open 0
155.2904681050095 96.96987166023908 172.3199853524893 92.43044859240305 188.1981956839736 151.99568707166787 171.16868976211117 156.53507978993088 Oyster-Open 0
