2.1793269999870972 93.63276700000026 20.159649656412512 93.21428596366428 22.167420714366017 179.47716163253818 4.18709831034721 179.89563843498578 Oyster-Closed 0
341.98430057426594 105.04753434975753 364.73448137164814 101.95974254235034 370.19707902858136 142.20598642567376 347.44690098260617 145.29376453432224 Oyster-Closed 0
321.21681139620705 104.98838534969633 343.01566689556057 104.63930302821419 343.802002133536 153.74161621376024 322.0031467176559 154.09069658805794 Oyster-Closed 0
121.02390369227214 15.05338143803806 122.59667351838652 48.5331236753419 87.31161044530745 50.19066429349029 85.73887762700542 16.71096005829415 Oyster-SemiOpen 0
274.25785560311124 180.22400961242343 234.18322107959466 180.5170137323268 233.5620822119854 95.51407945624136 273.63589779372705 95.22107831156333 Oyster-SemiOpen 0
61.87529480010926 17.831923919024046 63.30127820955022 48.186900304121416 23.269349498666998 50.06743400512549 21.843404999995983 19.712497999981757 Oyster-SemiOpen 0
138.32953041403744 14.308254121601026 159.22633773712005 10.145570836729059 167.47944665136674 51.57639643231115 146.5826414018302 55.739074602102754 Oyster-Closed 0
0.5870390000018233 25.2215830000001 8.745804483525717 25.031686272788 9.52377994939161 58.456708502059655 1.3650144808125333 58.64660499080874 Oyster-Closed 0
266.99043909171087 148.5315389413817 281.31497117318577 144.92626618810522 294.8120443694461 198.55044454107048 280.48752343798697 202.15568678147218 Oyster-Closed 0
372.0015253435231 178.44896011780162 360.4577978273228 200.99949928961377 334.80779541699303 187.86983116731705 346.35153684965553 165.319397984929 Oyster-Closed 0
263.80031875619534 233.2785119803936 238.65802423635614 242.27603026129412 218.4151266050685 185.71402431184228 243.55690982095985 176.7166069507847 Oyster-Closed 0
384.3137423217704 175.29206999039752 407.77204208896364 177.77779723072126 400.91625106453284 242.47269790892497 377.45795584065854 239.9869999479737 Oyster-SemiOpen 0
150.2222941126456 61.45816392482434 131.69266960032473 66.73037995114802 117.23159426868733 15.905845692654925 135.76115684018077 10.633638936788488 Oyster-Closed 0
79.28378811624862 213.18623244982143 92.9779579171809 210.32423262506313 102.36074260699388 255.21513252634304 88.66658113420272 258.0771053955401 Oyster-SemiOpen 0
268.270683180639 217.01960806442918 293.5598715464075 194.48964337093494 331.19866709112466 236.73451248949186 305.9097244132281 259.2642201440882 Oyster-Closed 0
384.25337132987624 245.18118631878082 395.56133970501105 237.22664696679507 408.601134261251 255.76169404778005 397.293199044645 263.7161936138127 Oyster-SemiOpen 0
143.0660699284017 234.24346400283503 168.3803656606433 224.86093425596042 192.9842339317256 291.2352697452222 167.67001758152765 300.6176454734536 Oyster-SemiOpen 0
311.2560315466617 245.3970339512115 335.03324259057626 242.80753176528987 338.60854792744067 275.63276162610316 314.8313402439344 278.22224418315614 Oyster-Closed 0
382.3309221220188 276.8853083418691 383.94115109551785 249.01188294096173 398.6452381283125 249.86125628892808 397.03510960450876 277.73458585284936 Oyster-SemiOpen 0
351.500961509646 246.77770902785406 363.1196666928263 244.47826131452962 372.416566441967 291.44817250379305 360.7978689638803 293.7475942004644 Oyster-Open 0
8.83259327405176 248.19284341774642 64.12754392900388 241.13836363562302 74.25343286158386 320.49745896149864 18.958508007439377 327.551797445446 Oyster-Closed 0
100.59816384484293 343.37324898453056 81.8206254394172 351.42151592285666 61.09098264725253 303.0654299331597 79.86802666030417 295.0172843473287 Oyster-SemiOpen 0
99.69308873130285 343.1011391989661 87.90187900109595 340.10951638509 96.40450292117384 306.60412817039435 108.19549099652431 309.59572152224126 Oyster-SemiOpen 0
307.14908880564326 19.248785017451137 323.2542181608442 14.646039420502081 337.9909313312819 66.21006345152118 321.8858057502148 70.81279966691604 Oyster-SemiOpen 0
255.32202968897036 24.707867951249344 272.5605329497812 24.1126132728327 273.71776165201663 57.62573304170436 256.479258417643 58.22098699680597 Oyster-SemiOpen 0
90.30383113405333 311.61696366359837 100.74748209530298 386.2881635544921 28.000102596801298 396.45885761818 17.558365391862026 321.7894015519379 Oyster-Closed 0
235.66692474055162 16.238073648244495 250.0677381557507 18.817931191840184 240.00922615526724 74.96455908366359 225.6084140615494 72.38470744027867 Oyster-SemiOpen 0
383.3557071647192 340.8927690237987 395.3203168513428 334.6982115988683 413.8576091953364 370.4947258703229 401.89305238948145 376.68920514999303 Oyster-Closed 0
98.52945746877595 66.00248868820862 70.24221348602077 76.399037795024 57.97281557355382 43.01615538134881 86.25997322601324 32.61962363537912 Oyster-Closed 0
351.41205984341286 394.0778198900659 344.28596871635455 395.52146682367106 340.9372620278082 378.9958651043485 348.0632733708735 377.55222653352166 Oyster-SemiOpen 0
110.96907036320772 405.52328039824687 99.24676483335497 420.3285632809464 75.71635803300887 401.7031693038133 87.43858600583553 386.8980429359191 Oyster-SemiOpen 0
56.57603600001676 416.00000000000296 56.576283798181976 402.80762478178315 93.17505975216045 402.80820761994346 93.17498599773899 416.00040776170766 Oyster-Open 0
198.3129970000191 415.9999999999993 198.3135845537945 385.54574345758124 229.53967067408303 385.54624251945785 229.5394179986106 416.00016915267963 Oyster-Closed 0
233.96502519560454 13.626908154764292 233.32180311115735 24.67064896984534 221.39743891598482 23.976134749675143 222.04066300001068 12.932396000018183 Oyster-SemiOpen 0
83.07190805324717 106.0324757753855 65.59000295177248 105.94317321856866 65.76174850366442 72.33158188299022 83.2435612380832 72.42088420366885 Oyster-Closed 0
402.79167492800843 81.86063241330008 397.41498151917403 82.54668312598342 395.5079235964331 67.60086020971063 400.88460628770554 66.91481019685978 Oyster-SemiOpen 0
195.15217719517022 72.59670165835895 209.66001937527835 60.87723578262452 245.72267249018478 105.5195995238789 231.21487729109504 117.23901226154157 Oyster-SemiOpen 0
163.07796477545344 14.233449470352449 198.17605062415532 6.865113189418079 203.56146006957715 32.517781438939174 168.4633758998025 39.8861136138932 Oyster-SemiOpen 0
