285.6285353234598 113.69985044056443 305.6571097285014 111.10159923642681 309.32340818551893 139.36245268733188 289.2948353234351 141.9606956478332 Oyster-Closed 0
377.6444619471804 176.14305725751254 362.1597293036684 170.59615210069526 377.02259021407735 129.10712194670106 392.50715388884055 134.65399361222396 Oyster-Closed 0
17.488313679325074 166.7409106907708 48.4859453387362 169.62749387293204 45.06395138426524 206.37246564916498 14.066322062062682 203.48590002766787 Oyster-Closed 0
73.65336450168252 156.1135932421009 118.88577936724323 146.28763610109002 134.8601789588247 219.81948737047293 89.62780096624192 229.64532218107556 Oyster-Closed 0
185.3584299125323 249.02908594715367 142.22973484370596 241.3066590322873 161.59924866584697 133.1436031255638 204.7263804136055 140.86588615211878 Oyster-Closed 0
413.48698056633293 185.27918621906636 402.99730533543334 197.2910381239847 375.342817592511 173.14229688945073 385.8324445105063 161.13051447324844 Oyster-Closed 0
221.59989234878594 152.43022247969338 254.1657756756358 164.78275786379655 226.9002136985 236.66035379450062 194.334416781021 224.30797990299857 Oyster-Closed 0
143.99121549319898 265.1231399671918 114.93622098583728 263.0489452522561 122.30638166442805 159.82620128587362 151.36022863033213 161.90035424017734 Oyster-Closed 0
265.6846743971764 249.819898072756 221.51217715152234 239.50502812661813 239.31398761954551 163.2797640171441 283.48522377486734 173.5944766269842 Oyster-Closed 0
272.19184775456233 176.28927568953878 295.5006181740064 176.1126104605319 296.05653025329593 249.45288410888045 272.74775985891756 249.62954691433075 Oyster-Closed 0
314.3957561636198 28.420628645035446 289.06459609028025 47.09608389908079 255.2902375179401 1.2849605178035348 280.6213631988103 0 Oyster-Closed 0
92.50014851802189 255.36163877405022 64.35953349046395 265.3988501943888 47.3358912936601 217.67480054926847 75.47596185117436 207.637695855736 Oyster-SemiOpen 0
35.92067589350336 16.017237819566727 53.65626941083974 11.685942108285266 58.843959309007914 32.92824442071478 41.10836652510261 37.259538115971836 Oyster-SemiOpen 0
371.81076399998346 0 371.81077183314846 29.036989313737074 338.9308080779956 29.036984707370372 338.93081224206617 2.485619340616672e-7 Oyster-Closed 0
391.8038093524665 243.51676093359566 371.2907905556822 238.7758640181861 381.3350000785249 195.32094538847133 401.8476805503342 200.0618017246172 Oyster-SemiOpen 0
307.69568522785994 300.83181123970354 296.52477908066794 302.501547845912 287.09239201128366 239.40415756842665 298.2629719964534 237.73444540300088 Oyster-SemiOpen 0
17.568912865255697 280.39962010737344 31.710454990763537 279.3282012460718 33.53253624138597 303.3741224987248 19.390994897927158 304.4455347111383 Oyster-Closed 0
179.01470103679821 252.6893521823055 226.35381233977023 258.8625360648636 215.4926650831694 342.13900326975227 168.15358061985899 335.9659553563632 Oyster-SemiOpen 0
21.977072284105816 310.4015244751798 35.301110913656885 304.9797091501422 44.24743523395591 326.961346933277 30.923416831741633 332.38312612154397 Oyster-Closed 0
169.53398587931952 302.84035953203613 180.9633341849003 310.5124094232634 162.30913975118892 338.2972121815577 150.87984999609034 330.6252348069885 Oyster-SemiOpen 0
95.95611301389727 299.501679836722 135.10187770091943 311.87798194320874 99.60740086443184 424.12089964413764 60.46184569551406 411.7450612809852 Oyster-Open 0
165.59203437365068 394.35056153964916 150.51630951863262 394.20085023190984 150.97680443644276 347.86337873876505 166.05206945944883 348.01308775158475 Oyster-Open 0
187.3343603817957 342.5729825441985 216.75928747352737 335.4021194199188 231.29943730583182 395.0526450623194 201.87456054313589 402.2233656299368 Oyster-Closed 0
221.8606640311773 404.7029510528022 217.7422172728111 350.35879935951147 247.75798088462034 348.084784714319 251.8769257953063 402.42838865631643 Oyster-Closed 0
272.69882780981425 400.8505964407566 269.3460778053959 356.60567611358397 307.47435294811294 353.7171794857779 310.8276186481744 397.96153674834983 Oyster-Closed 0
56.844658487068955 72.71509252958596 39.51893742248649 72.72893438745128 39.48478827321014 29.939229572694863 56.81044339118671 29.92538774089718 Oyster-Closed 0
12.832277790374064 25.94144517194879 35.49310387956575 22.382391229634532 45.38174073196569 85.34399051965309 22.720917562925024 88.90303323455758 Oyster-SemiOpen 0
380.42868078835454 4.336932279707823 407.79116070104646 10.094696153753688 389.9185943151315 95.02974228800903 362.5561192735513 89.2719996948434 Oyster-Closed 0
104.74778842686646 103.7857742415755 106.29499606517129 33.745958114366466 173.67897675009954 35.23451417357965 172.13206958679802 105.27402618781372 Oyster-Closed 0
64.98655558682731 49.30150621204359 95.77010085424263 42.40516644065921 108.4456137081288 98.98506808782966 77.6620769911824 105.88138173313212 Oyster-Closed 0
201.53378325636368 75.8499279447689 214.04423001777832 38.12977058347011 276.3196625459095 58.784175034746994 263.80938808962674 96.50418608472033 Oyster-SemiOpen 0
281.34404607627584 42.70085350443407 318.0957445642125 23.60051091989219 359.5076643041939 103.28225741520721 322.7560416233209 122.38248968610266 Oyster-Closed 0
86.91195615903416 102.9163140928221 69.35966379827005 129.48476823561765 33.37259061554141 105.71047029897882 50.92486339627794 79.14211977317042 Oyster-SemiOpen 0
179.8516912389423 77.59265331347628 237.1751375714157 61.07723132892637 255.70678742594828 125.3979344841973 198.3833834168654 141.91325759557665 Oyster-Closed 0
