57.241616858802445 158.69818274220043 13.465040619073989 155.79499231902432 17.484600250045332 95.1917089085563 61.2605594179513 98.0948782520062 Oyster-Open 0
401.99113870288056 223.58288875164962 364.8499788671652 221.4197488354926 372.39831662808865 91.83505662211046 409.53796499997406 93.9981489999997 Oyster-SemiOpen 0
279.8879598209751 255.59463977609065 228.29914492727403 229.6437830821085 306.0538697447264 75.08366090845188 357.6404950132819 101.0338528800521 Oyster-Closed 0
182.51429483879838 224.3261411206388 230.8670359098178 192.35758664997746 284.3469221460946 273.23874423574404 235.99473826504982 305.20661294613626 Oyster-Open 0
131.55418861356884 333.4251897259363 76.566887049863 290.78918632775884 157.463117060699 186.47342669499537 212.4481896134239 229.108108842493 Oyster-Open 0
0 218.23211200000003 116.32442700000001 218.23211200000003 116.32442700000001 400.351071 0 400.351071 Oyster-Closed 0
391.77163125504376 270.0689593079938 412.1783628295816 377.6738417880862 354.6240535056495 388.58495632355425 334.21939899998324 280.98189199997717 Oyster-Closed 0
177.46603538205818 295.31242950464815 257.9747077756292 282.57810799385436 276.50061819556504 399.6800224256788 195.9920505912669 412.4138849957185 Oyster-Open 0
127.66649299998244 2.263759794531658e-12 186.2382447847158 0 209.422340936213 73.5652325892957 150.8506130515998 88.84880664279055 Oyster-Open 0
12.392280563646636 1.7426853258844166 75.73336536218994 0 119.12310658480783 101.44810250263694 55.78209113073535 123.93915671788434 Oyster-Closed 0
409.19091160833705 99.95770477235305 385.7343469999869 98.59152200000035 390.17194917511733 22.403069380893907 413.62832873220395 23.769246885257708 Oyster-Open 0
90.13175800000317 0 145.30045006643923 0 150.9050214186027 121.69523970741453 95.73633066636467 124.1850177490894 Oyster-Closed 0
373.9801562694629 126.56043303416499 345.6901308322922 119.79454431800511 369.4383154784118 20.499097165108484 397.7279793389316 27.264940488966797 Oyster-SemiOpen 0
192.47175882150987 0 251.9985523694304 1.8853911471317446 180.6287624548968 218.81597445835132 121.10213950106845 199.23251630448885 Oyster-Closed 0
267.55333178664296 152.35559227469054 208.27903933503694 122.21972374750999 246.67971968369602 46.69169261649115 305.9533111364617 76.82734908126329 Oyster-SemiOpen 0
