96.35019631588875 49.874967680167934 69.20477852158729 48.09225714265634 71.66608910865398 10.614359050453361 98.8114492065979 12.397067605379833 Oyster-Closed 0
302.04010978665247 194.4123809837108 273.40844544530046 200.4474689213471 254.57973147939265 111.12283213430196 283.2106895948127 105.08782283374855 Oyster-SemiOpen 0
328.7485276558291 173.75435261637597 314.44265843511675 151.0969293336997 346.5861018521755 130.80242242408116 360.8919593819264 153.45973361075534 Oyster-SemiOpen 0
50.11842155368868 160.50896388164 40.161873386474326 188.99749250641736 5.726655707501777 176.96307352896585 15.683276562664105 148.4746996163203 Oyster-Closed 0
152.6280447321733 224.42288436362855 84.67012066139432 251.10815796160958 33.832806692105805 121.64862364396484 101.78831151091072 94.96386835961738 Oyster-Closed 0
328.10197103331666 164.06947261006357 345.4730428782859 175.60016112457143 321.90477380069206 211.10371121258424 304.5337674071634 199.57310386574295 Oyster-Closed 0
348.5305492805892 167.57003459582415 372.127936437937 180.75305585144045 349.07744343184095 222.0102957400864 325.480133365676 208.82738105799518 Oyster-Open 0
156.44487397938065 270.3533482605603 108.45967279306205 268.18494588153226 112.23209836084061 184.7325150848049 160.21565800316966 186.9008797307539 Oyster-Closed 0
45.994374681275076 187.9683251521482 65.98411157950613 187.6611638516945 67.3912832749229 279.2304284750953 47.40154648296084 279.53758400855327 Oyster-Closed 0
311.1252181875534 243.47811309597478 288.36206995038447 268.36757250788867 248.66506548117832 232.06517953214103 271.42799302780986 207.1759977544489 Oyster-Open 0
0 201.712662 36.285035 201.712662 36.285035 287.156174 0 287.156174 Oyster-SemiOpen 0
259.72902400625026 14.366279215872979 274.2136146986559 11.279028737684706 283.87784669606845 56.62105899207015 269.39325747899056 59.7083049148693 Oyster-Open 0
181.214285604623 180.3146122793751 219.35711041698232 183.66069585691508 208.72528202578178 304.84418127904314 170.58246949390013 301.4981845844382 Oyster-Open 0
29.194280191732105 307.8069307059269 18.46595345953392 302.40389486055625 39.60459827414161 260.4371735565791 50.332713930663886 265.84014549434494 Oyster-SemiOpen 0
129.80387772739778 279.77501440930166 156.43720852795377 274.18516720848345 167.55332910058496 327.1408015924594 140.92002364317523 332.7305680193147 Oyster-Open 0
322.6339684935265 298.1985925974141 341.7137507956759 294.4332373100004 348.69819769360765 329.8188463956097 329.6184262831557 333.58416415241726 Oyster-SemiOpen 0
386.2570896408797 325.59661828035917 367.26268680005523 336.3388850851459 352.1902195185721 309.6923656000184 371.18436326616575 298.9501908368518 Oyster-Closed 0
212.93553353295283 315.7099432201668 252.70916203614252 252.95814226749036 334.60454564006795 304.85743317708295 294.8328216731825 367.6075552662169 Oyster-Closed 0
389.1549956351846 344.769396671834 385.30082541384763 324.08071857839707 400.43277696640143 321.2622939316482 404.2870183879204 341.9508784694356 Oyster-Closed 0
1.8862869999684335 323.2150990000012 26.70773410729089 321.91772947193556 29.974865372940258 384.4117103382199 5.153420407361409 385.70905451530007 Oyster-Closed 0
155.895237420973 400.1369459792755 127.77595207777995 385.50767516009694 164.56264997235485 314.8168645444289 192.68077851955968 329.4457703198332 Oyster-Open 0
305.97870437084566 337.3436232236806 350.6418165460891 324.7355777275954 365.55694566413877 377.5601608205145 320.8939219781969 390.1679886082597 Oyster-Closed 0
47.95113808565657 319.3234758269278 75.47196993724356 333.18251194332106 35.69078232616084 412.1602506499392 8.170207825598482 398.3016089670985 Oyster-SemiOpen 0
299.15659337192847 351.99399530862576 328.0696164749206 360.42772509250324 309.8429488614529 422.89732397188976 280.93000354363176 414.4637813653078 Oyster-SemiOpen 0
183.0710461832059 409.8758216325436 168.73764967223906 411.6990369190924 164.53206532744662 378.6442596981364 178.86513206688687 376.8210657335867 Oyster-SemiOpen 0
119.41472832325962 415.99998541514617 119.41507391439518 393.48339478614906 150.613906235998 393.48385730919 150.61381099920618 416.0001964564618 Oyster-SemiOpen 0
189.41861897307172 83.54284296122641 161.99845594418002 75.58628405138181 177.33941033144947 22.718358224292967 204.7594353722925 30.674895372097104 Oyster-SemiOpen 0
37.43892236908505 40.478970821673016 60.19454155021231 44.82035850088832 52.83725894991585 83.38371753308547 30.081642260836816 79.04233910882459 Oyster-Closed 0
58.212219639979594 13.013975424674268 58.54370418708277 31.95766750013923 23.47004808670681 32.57138164409262 23.138577000012447 13.627702999988706 Oyster-Closed 0
389.5394184481265 20.414868367729497 388.74161762675794 35.63810069209367 353.07381511195854 33.7688458810854 353.87162799998987 18.545625999999515 Oyster-Closed 0
355.791661831121 32.31958058872678 388.5070962960672 53.290217692755974 345.3052469040704 120.6869462115786 312.5898997330296 99.71641779387777 Oyster-SemiOpen 0
58.14643656097542 114.90623299046075 40.50476384524882 107.94631864499497 65.42940950840784 44.7694967355494 83.07094323771526 51.729381522956075 Oyster-SemiOpen 0
202.55618937336112 43.16521607812767 239.79423030589533 28.952799710352444 274.7491357193612 120.53752644570348 237.51114161622172 134.74984109606442 Oyster-Open 0
216.53446617511509 153.09930115203804 189.10751966581665 155.266718107672 181.96321166529015 64.8604946885433 209.38965245385407 62.69309861698131 Oyster-Open 0
54.78437226613096 136.75945325232342 25.23720811944804 145.70905796351758 9.20999256511277 92.79599252334904 38.756844089683 83.84643888606465 Oyster-Closed 0
325.5853028143174 159.51444369728287 294.6083191183934 164.76442500247322 281.44047361998673 87.06961587079205 312.41693887519796 81.8196793981734 Oyster-SemiOpen 0
