349.3423469067784 85.74901255617677 375.46852804988157 96.41381892063171 350.7977399546435 156.8497346262823 324.67160059204616 146.18500265802248 Oyster-Closed 0
14.889913371243892 51.903151011218974 27.156453723240702 53.25793762182465 12.767474314940046 183.5364277403499 0.5009370000043418 182.181659 Oyster-Closed 0
103.16047798866202 173.12905784821217 34.15860334370518 198.06058228511284 0 101.51218049161567 68.2739637994382 76.5809654828917 Oyster-SemiOpen 0
182.93788437163312 222.4728243145646 122.71709160188038 227.7211105832004 110.22153564295877 84.33776811511186 170.4401888398861 79.08957022938208 Oyster-SemiOpen 0
312.81522415017025 236.32910500100843 209.1782250101569 273.8116734795003 151.1119190325735 113.26436234256929 254.7438704395463 75.78280355877409 Oyster-Closed 0
181.23115398011214 178.79070853684533 201.0844300933495 288.52088082169803 132.52865095018933 300.92187236235435 112.67723394782297 191.19336932538621 Oyster-Closed 0
84.43452126500415 230.00307921973064 100.74701375368386 239.45742596131237 78.87161983395345 277.1968950366536 62.55919552400155 267.74264031596067 Oyster-Closed 0
92.71028971334817 295.8321402671521 80.59720223696786 296.4001175513149 79.26527888224518 267.9967341008791 91.37819419381412 267.428760883384 Oyster-SemiOpen 0
69.44110807718243 273.3269250055935 80.75219689684673 290.03571319843144 43.325676091797504 315.3676484786674 32.01480743927095 298.6590556705946 Oyster-Closed 0
115.6890663127815 239.91449111375178 186.60981730201456 236.4456944382261 192.7037670189202 361.020168968691 121.78302532999805 364.48884856309326 Oyster-Closed 0
0 322.703912 22.920607 322.703912 22.920607 363.776818 0 363.776818 Oyster-SemiOpen 0
194.472394843473 343.6652931060804 210.31107046699253 346.3408220799358 203.40939553647695 387.188182135623 187.57072878502368 384.512688771998 Oyster-SemiOpen 0
79.0671138590842 349.5327060205051 93.91138664392929 355.68557717582433 84.88319302755554 377.4617284603407 70.03894657784258 371.30890371376637 Oyster-Closed 0
215.93088025838006 347.2264197394178 234.17517834801401 357.9925667177669 204.47117147328754 408.31635221080376 186.22702977392692 397.55041454367046 Oyster-Closed 0
44.139999941886344 354.8799725800887 58.053044582422444 361.77061856493435 47.48324853863596 383.10717725432215 33.570238753101876 376.2165846378367 Oyster-Closed 0
14.7619975678208 399.9607054994333 1.0891728541100747 391.3771966563122 19.86143655932392 361.4825487508706 33.534013985972706 370.06595470335344 Oyster-Open 0
93.96953266793571 398.0524559015588 76.4007304867373 394.6912077067742 79.83782356901065 376.73145188352595 97.40641253747162 380.09267910964275 Oyster-Open 0
66.79573832628012 374.0109419552383 80.79268181641964 378.07535074505046 74.28736154676517 400.47240338383455 60.29043155382897 396.4080268736723 Oyster-Closed 0
319.0262173189185 30.350827007012715 308.53537744250207 59.93790492387294 284.9659550633114 51.58078253761955 295.45680760508185 21.993732342587354 Oyster-Closed 0
14.863176 0 90.47158 0 90.47158 74.595716 14.863176 74.595716 Oyster-Closed 0
399.12132859770645 109.71806385011621 352.8902506261984 96.45715180528404 382.2457589137557 0 428.4763298860853 7.378552174965327 Oyster-Open 0
230.789584098693 107.54957506357776 155.604171741561 104.06777385422947 160.57048894626496 0 235.7551706377235 0.31681386702707875 Oyster-SemiOpen 0
158.64545399999042 0 158.64545423579693 5.097710729659819 119.58029580615766 5.097710633271338 119.58029600001464 2.0723351292577624e-11 Oyster-Open 0
307.9298665792885 126.55797805937553 286.29697273271086 124.16868623356117 293.20373380340607 61.63632449481785 314.8364002123344 64.0256035015039 Oyster-Closed 0
