83.94138895785363 146.79155402866647 50.868733728486404 145.42672937451272 54.26434570766651 63.151893488610675 87.33647047515478 64.51670680163329 Oyster-Closed 0
147.73180980655525 0 147.73181245533488 22.73935574736598 117.4113599752709 22.739351636680485 117.41136400001415 0 Oyster-SemiOpen 0
133.48244435347442 98.3362229681828 163.7270385775082 111.75059168150561 134.59922518476378 177.42123321849448 104.35470540762617 164.0069825304565 Oyster-Closed 0
306.3094394120162 134.85987745886334 332.32111922127297 132.727581015429 336.13518785650376 179.2531705338176 310.1235095991433 181.38545321467114 Oyster-Open 0
68.46953412788571 125.25202705603553 107.76292301200738 116.27476989758799 121.89484003935286 178.12789449610764 82.60147785069421 187.1050756197879 Oyster-Open 0
288.10376355217886 148.28915497109966 306.6173769209199 151.55134062389303 298.939906427182 195.12051530636637 280.42629886568466 191.85835136487137 Oyster-Open 0
144.21093457274765 140.61548987056636 182.88081214601334 160.57428467183902 151.4955337874453 221.37928096598358 112.82580201018573 201.420702369968 Oyster-Closed 0
303.94674772120925 176.24118355006473 328.33844213425255 180.8266270142824 320.0965701985406 224.6652401685026 295.7048862929805 220.07983291632053 Oyster-SemiOpen 0
358.444789252193 230.43206220333445 333.589629844133 217.23355605787958 359.05183412207407 169.2876414465777 383.90660355402724 182.48602052181835 Oyster-Closed 0
223.14251741100452 224.16173726358406 210.88391404503636 223.63381053563373 212.96667227685975 175.27806649700415 225.2250626665591 175.80598856517537 Oyster-SemiOpen 0
24.060848007873574 157.3120878942718 75.14578212260676 164.46395783924183 64.33336323044932 241.6907157505141 13.24844873868642 234.53894335391635 Oyster-Open 0
223.09461932133127 177.63702015394978 243.2973843942309 175.92701987053263 248.45511670855194 236.85858696496302 228.25235401060127 238.568567936714 Oyster-Open 0
181.53584846998274 193.6581741487997 212.17947746886784 190.6844825769998 216.54590435032878 235.67668381536828 185.90227874684933 238.6503499900016 Oyster-Open 0
62.49748656015072 254.31432371822078 43.4431487114889 204.93861923482376 113.09233929091351 178.06279026146524 132.146974804622 227.43779404322802 Oyster-Closed 0
416 0 416.00005330872955 57.521818634243516 348.752538063869 57.52177201283894 348.75258790213775 0.0000032516481436857597 Oyster-SemiOpen 0
341.3224644323018 227.80349559641243 354.38190777424825 246.00164703215455 319.16779154467804 271.2691520560702 306.1085411052736 253.07117456674342 Oyster-Closed 0
98.07788886079652 0 98.07791458456268 53.81080972124197 47.28191820457141 53.81077417685135 47.28196100000059 0 Oyster-SemiOpen 0
277.37801482875875 58.50986906774542 233.85247833583708 52.33909505821774 242.14771992704846 0 285.67311200002223 2.0518553388791514e-12 Oyster-SemiOpen 0
247.72245160788952 317.6850661121211 221.42529945418573 311.6676632455312 237.43448345012075 241.7169999763744 263.73075101831273 247.73429821588155 Oyster-Closed 0
180.20953654437835 290.555780841826 166.99360657712168 315.5593465251799 137.0379192850014 299.72816745806335 150.25387275260437 274.7248227418666 Oyster-Closed 0
202.15363933754998 317.40388170518764 181.89246731525418 322.83908932912817 172.85970231745523 289.171841891322 193.12051499763402 283.7366852087483 Oyster-Open 0
252.42044679397077 349.0053644767123 228.5461703180954 342.5955832334004 249.0728072103775 266.1568438098377 272.94610578804713 272.5664857451347 Oyster-SemiOpen 0
17.283313309297228 293.05006399248884 56.12676352435301 279.7869158240538 79.10591985162682 347.0741109698499 40.262597271172126 360.3369933655017 Oyster-Open 0
17.579074444132857 301.8210549376083 34.86492414964232 300.81447294459366 38.54032039998856 363.9197723412794 21.2544723177416 364.9263358247079 Oyster-Closed 0
186.1201332003693 0.013123267384111001 234.64522055374982 0 236.3136368186715 69.86251373180062 187.78854980864344 71.00295503959651 Oyster-SemiOpen 0
225.17323670211044 402.86661599050336 206.72626491832852 399.6308546726003 220.12893530668953 323.2441015296863 238.57501059436618 326.4797822232566 Oyster-SemiOpen 0
101.47331997652509 6.160447593178462 145.6331728175901 10.228870460341696 139.23251183491448 79.70333893867966 95.07266120293934 75.63492678484977 Oyster-SemiOpen 0
14.032053874056146 0 43.61809656294281 0.02108360289270866 42.28883845263772 114.2115892452969 12.702795867655368 113.86719034566886 Oyster-SemiOpen 0
220.46715778135695 38.262357480932295 240.87468871953388 42.82152208539637 226.69483768160717 106.29222648167129 206.28731329365837 101.73308080786715 Oyster-Closed 0
349.0493833386681 39.12577323116647 400.2555847051299 48.91033920451216 382.8661990631226 139.9141799743665 331.6600205961404 130.12968660587558 Oyster-Closed 0
159.57552844817837 123.62268956768261 118.73440350734018 116.36940742809101 129.85222095861172 53.7704629604967 170.6929371890692 61.02370720020402 Oyster-Closed 0
