372.4566366869476 21.2155656208435 386.98748282252564 7.354817163306815 424.52032100051656 46.70212095246723 409.98949653009913 60.56284677330122 Oyster-Open 0
365.76834453637275 116.52032302340274 399.4697735466507 126.09557596100737 381.54618960182415 189.1776634896603 347.8447933297757 179.60249411310772 Oyster-SemiOpen 0
347.5298235936825 125.10976217795499 374.24281615858126 136.55997248329356 335.8478956365798 226.1294598414817 309.13500258155545 214.6794229473066 Oyster-SemiOpen 0
24.386541999978363 210.80454699999044 1.5225276916098665 179.70239185467 67.91367538196573 130.89884773082673 90.77758395915953 162.00065798873115 Oyster-SemiOpen 0
189.91431229428417 10.82716348806995 211.08125803958683 8.119282566061363 216.8943976979681 53.559332810133206 195.72745271224994 56.26721015138554 Oyster-Open 0
221.7137627506745 165.4970433210692 268.28577662430325 147.68146893098722 303.7454816916179 240.37159134172313 257.173645929608 258.1868468636482 Oyster-Closed 0
223.97823264163526 253.93198875430238 181.75787952770406 251.47315903536145 186.2640256722334 174.11660686684812 228.48313713260723 176.57540009596102 Oyster-SemiOpen 0
173.50426633603274 267.59967808767976 127.22415586411807 261.06836899543043 140.47687610238427 167.17527508897328 186.75532622462197 173.70646506324232 Oyster-SemiOpen 0
401.2959087797717 274.26191730936637 391.32606080642654 273.68130775725047 392.95737694755735 245.6740502938252 402.9270967288503 246.2546560934521 Oyster-Closed 0
57.91944263218102 266.4592448780594 13.615534111399029 293.45253940780646 0 239.52643719639914 25.059418500270112 212.5335217803971 Oyster-SemiOpen 0
272.53786336179473 318.70718575263305 242.90482335109846 292.9138806034009 308.92865507929673 217.07187986281832 338.5608810702179 242.86458439707735 Oyster-Open 0
320.8975722730502 264.33881330869843 329.4519094373354 264.60431754448996 328.62310671191153 291.3041478735173 320.0687696266068 291.03864537020826 Oyster-SemiOpen 0
55.769846248349495 232.86952788317134 90.94227854438577 237.763387423432 81.00605106832154 309.16681799240575 45.83363607828869 304.27304254910007 Oyster-SemiOpen 0
104.84996478238463 263.03737715439655 127.84199670403905 279.54803670943073 90.96142781699018 330.8982098520287 67.96962494617401 314.3878223937027 Oyster-Closed 0
320.38019224024174 290.51226991846676 327.0076116003984 291.21041523609915 323.3854973451198 325.5891562514061 316.7580789922722 324.8910174805276 Oyster-SemiOpen 0
259.0691215561783 327.8621208715114 318.1783178724472 263.1313291882815 353.33346462895497 295.22878084860946 294.22515725716585 359.95871952654863 Oyster-Closed 0
38.72850259577535 360.6143547650481 9.994529726282053 361.6284166278089 7.56898512283442 292.8957918470247 36.301810678636684 291.88175038506233 Oyster-Closed 0
385.6580364310321 337.3969016646805 401.40712135914146 348.64735010988716 390.8480447410693 363.42535298282644 375.09901266464294 352.17496752135526 Oyster-SemiOpen 0
85.80894220863775 308.7087354024229 111.31288846469397 319.08453188795136 89.07262245125821 373.7406008061809 63.56877893878482 363.36498776844775 Oyster-Closed 0
112.22835341573227 331.57888400801295 141.00837589873117 360.2491049587239 91.92120937975778 409.511709859815 63.14183452292855 380.8421378574521 Oyster-Closed 0
161.45856358296442 405.7315075906246 138.22474392893128 404.37864780845933 140.50528476676482 365.2298542152828 163.73848739224923 366.58269597823056 Oyster-Open 0
0 25.715607 6.609228 25.715607 6.609228 57.840383 0 57.840383 Oyster-Open 0
81.76712957020936 27.160664387345836 94.59637566897072 40.34806191177024 57.59159463174001 76.34764516626744 44.76238051441396 63.16027891458265 Oyster-SemiOpen 0
402.2264010563813 131.63664394911794 313.0575365011464 155.1252869093566 281.3967828125351 34.93181658934227 370.5640902261475 11.443389734052172 Oyster-SemiOpen 0
382.94483419435346 65.00910471311575 401.9821259368582 69.0037736508965 393.6546256645415 108.6894391083813 374.6173376848674 104.69478252344322 Oyster-SemiOpen 0
0 53.627846 44.69761 53.627846 44.69761 94.346472 0 94.346472 Oyster-SemiOpen 0
213.0346109057391 45.177410108757755 252.048363534479 66.71806503948376 211.39022526326153 140.35563287438075 172.37658035643108 118.81512739125696 Oyster-Open 0
0 99.76913324980224 9.470679905152792 83.70340760911726 39.625751474737626 103.85606815263016 28.888891662671085 119.92174088631543 Oyster-SemiOpen 0
314.9854247231269 175.90828457183974 234.1828916808845 174.83937908732904 235.6320464720593 65.36858815781103 316.4327317499992 66.43748155244404 Oyster-Closed 0
