335.99793592638525 193.7117062986103 299.6278876120996 190.49267846537475 307.43986230139853 102.23771784771624 343.8090293228561 105.45670510984253 Oyster-SemiOpen 0
164.0397978617657 112.53986130598213 198.82921589106627 124.76366548598952 173.20156688525094 197.6979632720516 138.41221257587313 185.47428856405932 Oyster-Closed 0
315.00396226469456 25.713508005272537 312.27757698451023 59.113562936219544 280.19530145557655 56.49471641826215 282.92172231473523 23.094700224842555 Oyster-SemiOpen 0
62.198880535117496 138.6521143039058 90.19718065698544 131.19742287061808 103.73975389697807 182.05849073786885 75.74147505345536 189.5131268402375 Oyster-Closed 0
0 137.802498 53.108824999999996 137.802498 53.108824999999996 206.765722 0 206.765722 Oyster-Open 0
167.48308527701374 214.24796087329443 137.5395341233525 224.60889089804354 116.86765078078315 164.8695369633719 146.81059981197905 154.5087231179648 Oyster-Closed 0
96.75201430892776 184.46711079632843 93.28489854365762 207.51139165049315 66.58927603581469 203.49507391556148 70.05647854884228 180.45089916941342 Oyster-Closed 0
376.32890004874207 188.1898931850622 394.18555691261645 194.07227616208618 370.28429115791005 266.6210451667794 352.4276758411943 260.7387521251627 Oyster-SemiOpen 0
144.30516555365466 185.8368760180301 204.7843627688817 155.05208070053274 252.1198731297518 248.04009675597513 191.64107652921302 278.82428531202874 Oyster-Open 0
41.17236421488269 197.74382505103515 60.61595552896688 211.54731431273393 41.414923080235894 238.59155789323216 21.971405305102962 224.78815638057586 Oyster-Closed 0
277.33202034422357 222.51755160928144 268.89330516965856 275.8098929189518 223.50964386205305 268.62379667134724 231.94878315562528 215.3319808027743 Oyster-SemiOpen 0
195.40226021073977 286.9575645051562 148.34199373639058 308.4334173966032 115.02432995925847 235.4312291369593 162.08307722755853 213.95578095688083 Oyster-Open 0
53.46616428049674 240.13191432844104 73.30320696236595 243.07567591328814 67.08835807511423 284.9505714523023 47.25132170435609 282.00683867533536 Oyster-Closed 0
388.68088404187074 271.17952887864806 384.52755518351114 311.3415851485913 346.7127531959195 307.4312151879625 350.8664242138293 267.2695475526878 Oyster-Closed 0
20.588790149082342 312.7119353389194 0 297.8157444343588 35.66788303439898 238.47625590341954 58.801986248410685 253.37218651785713 Oyster-Closed 0
288.09653982423333 85.12524207908672 240.4764119453248 88.72878564765584 235.2632535625453 19.83587846845785 282.8830268437014 16.232349661891163 Oyster-Open 0
79.75375256429106 7.5274109146866435 123.65808252929492 4.94121317289165 127.97413261432303 78.21204533595034 84.06980349431615 80.79823582913527 Oyster-Closed 0
229.4888120979449 292.276171171068 259.4301615746481 289.7215250409664 265.36683933791574 359.28917316685636 235.42549661522935 361.8437680932027 Oyster-Closed 0
219.01468511866187 286.8585578117711 240.6557861108049 291.9446725057371 222.4750587899798 369.2884170343562 200.83399830609414 364.2024195486324 Oyster-Closed 0
303.59709849020874 370.7447800249236 318.8759678029528 335.6142875425177 363.7008075142912 355.1049472576811 348.42258419064456 390.2348912005242 Oyster-SemiOpen 0
134.77306527516703 383.0057025312879 105.98836230785673 385.46154916329556 101.13739359496685 328.61006930725534 129.9210620849335 326.15426735609697 Oyster-Closed 0
73.81080998833932 372.7844514105198 71.18994836139609 358.1335172079089 89.44829668281454 354.86808973240056 92.0692256480288 369.5189366945286 Oyster-SemiOpen 0
257.5388206250209 340.4370126164365 290.71136364955237 340.0552902808994 291.58436953383716 415.9033033688364 258.4118266585174 416.28501606223597 Oyster-Closed 0
286.2531420000123 416.0000000000169 286.2535720726846 385.82959327465807 311.83491842829244 385.82997930626556 311.8347610038945 416.0001133891556 Oyster-SemiOpen 0
355.9825437941363 102.76156281066683 341.492860505532 100.83563936017747 349.74956701930205 38.71748256688851 364.23913470322077 40.64339805592458 Oyster-SemiOpen 0
59.97168670022438 100.06978801268232 8.036818361804762 105.50952638050791 0 0.31228988439738825 48.952814434880565 0 Oyster-Closed 0
322.37392424343125 40.463431680376615 352.48857095505446 45.36723517221525 342.94373020135026 103.98237193821566 312.8290881167559 99.078587280774 Oyster-Closed 0
201.286483945114 96.25338317090713 189.95922725779747 94.63345272971209 197.71975737011962 40.369313886984656 209.04694071792255 41.989239007440254 Oyster-SemiOpen 0
203.42528575066535 91.77040049172777 188.22121004690052 102.91979652453647 147.2021229694983 46.98379753645073 162.40611126793374 35.83444772756741 Oyster-Open 0
0 29.704301 30.759797 29.704301 30.759797 128.19163 0 128.19163 Oyster-Closed 0
98.09616844456104 26.961262155881496 162.06898125006774 44.642610069602284 132.99469231052717 149.8347496262278 69.02194486499502 132.15355945765262 Oyster-Closed 0
199.75873965694336 63.808502985239016 241.58500167809325 68.20818866337832 231.2696565053593 166.27051653187283 189.44339986126943 161.87087555465746 Oyster-Closed 0
159.0532191029779 85.1665602452946 178.16200240500984 78.57443755701316 199.80365820120642 141.30655500102208 180.69489586155032 147.89863461230573 Oyster-SemiOpen 0
240.1108458993549 83.59400375745135 297.00710719727795 83.70563829384922 296.8597980304876 158.78234596717098 239.9635367516712 158.6707123270226 Oyster-Open 0
151.31505110213402 140.25644966989196 134.05757801794607 133.11823092008996 153.32362132811977 86.54173438633799 170.58093887176074 93.67991639075095 Oyster-SemiOpen 0
