371.055338999995 113.63069499999703 386.5325866194835 105.38527235976112 408.35114080107815 146.33913097159189 392.8739229456587 154.58450960050828 Oyster-Open 0
292.01086605944147 90.63635606065796 328.44867171020087 90.29078814447435 329.282623919411 178.22293453711637 292.844818354537 178.568498789457 Oyster-Closed 0
147.0960767573015 118.75852538840977 185.26809459904325 124.83480699751917 172.7871482071714 203.2384720891772 134.6151458806089 197.1622591550228 Oyster-Closed 0
47.81062642597681 149.89112043892766 74.42211109015625 136.58026916721556 101.86356413769317 191.43960413749787 75.2521595817525 204.75033330493895 Oyster-SemiOpen 0
221.80507393077278 151.57530189614053 249.64975699931892 151.02195584324 250.48718981822822 193.15996494245857 222.64250681759586 193.71330744997152 Oyster-Closed 0
0 162.785634 50.189928 162.785634 50.189928 229.304387 0 229.304387 Oyster-Open 0
171.8820089408291 215.74719568757092 144.23634923222926 236.36928532817254 108.74548408023475 188.79395325414387 136.390751416071 168.17207988358754 Oyster-Closed 0
231.39267554922844 217.87063212217998 213.4614254192602 212.31635381864055 222.77950493880053 182.2366413218534 240.7105711089498 187.79088918385173 Oyster-Closed 0
108.94403333482842 236.59589535892775 95.84289643110242 232.44250702020048 107.35620751548413 196.12917790108557 120.45716859050663 200.28253629407368 Oyster-Closed 0
103.27975091032931 240.53866895001522 93.11422377243434 239.25201549062928 98.52319712435565 196.52136384485215 108.68855799704761 197.80800666470503 Oyster-Closed 0
195.58735648438233 165.16866433389112 245.82185991007645 239.7699683011669 190.37973672288354 277.0989513939961 140.1463403826492 202.49863184012773 Oyster-Open 0
46.48418863432016 262.6157461616331 23.799989676001132 256.30045214712123 34.07218105466745 219.4078904420932 56.756029659183696 225.72313260803418 Oyster-Closed 0
278.488753897007 274.06809055849135 226.73918983215844 273.81813979093164 227.03616747892374 212.481581789434 278.78439640579745 212.73152937134546 Oyster-SemiOpen 0
51.77766183726271 253.45375037944495 59.05700168730618 263.61716983927306 43.42835688880223 274.8094343440996 36.14906746649649 264.64606022504137 Oyster-Closed 0
71.28500547906151 301.88318223384874 51.84688593969986 299.8336737723151 56.22286894634453 258.33870651148163 75.66058999701272 260.3881937198657 Oyster-Closed 0
328.99266025084216 242.82456684101876 377.9578894980077 243.88511717056912 376.4276775375547 314.5253845849302 327.4624487829533 313.46485260442614 Oyster-Open 0
0 296.082863 3.5693549999999994 296.082863 3.5693549999999994 320.196887 0 320.196887 Oyster-SemiOpen 0
7.1954592836264055 340.47002292059005 0 339.43900354322386 1.3361236693490355 303.81441618814017 10.99765199997637 304.84542499999765 Oyster-SemiOpen 0
214.53344576716336 287.8210333847258 237.68601931585363 288.5370743551606 235.13133993858355 371.1254641008828 211.97876710776472 370.4094403580572 Oyster-SemiOpen 0
352.62502895922444 311.87366167860034 375.68499655153573 305.51949957067905 387.3157748071826 347.72113758610203 364.2558392550927 354.07521886501854 Oyster-Open 0
270.1453132310089 81.46835427859658 222.65098969389874 90.58442592365795 208.23059876581829 15.45444499359867 255.7245626312215 6.338412452841809 Oyster-Closed 0
295.4456910807785 419.33764331542903 255.684926750062 411.2300821293228 272.37474378278057 329.4070669996605 312.13339052700394 337.51440577436557 Oyster-Closed 0
89.78470991089125 368.3398489556871 105.16688889248326 369.4382444844441 102.3784811100195 408.4776049829303 86.99630369479564 407.3792241476351 Oyster-Closed 0
329.8967144907947 415.9999811809211 329.8985933459917 362.3225950502898 398.9641985157359 362.3249000496112 398.9635885099742 416.00101136912895 Oyster-Closed 0
186.98126493266682 383.5284675442182 207.0441751854887 387.80970423746476 200.1525710176029 420.09635359459224 180.08967618825773 415.8151668881582 Oyster-Closed 0
297.52354700000797 415.99999999997885 297.52431467529095 369.22058741358865 327.44850272874464 369.2210831880523 327.4482159998515 416.0000212564874 Oyster-SemiOpen 0
193.48697069181435 415.9999999933606 193.48708050661298 407.2679341352768 214.881333887457 407.26814397625833 214.88129182110788 416.00014223712896 Oyster-Closed 0
129.4089661686594 39.15685528034004 152.89775156141695 27.11942944703866 182.62686509179184 85.1299467761846 159.13810963411743 97.16732959282818 Oyster-SemiOpen 0
337.82805021067907 122.02662408086427 312.9987716046562 118.86577239435044 324.8972829653612 25.402830871632442 349.7262302716081 28.563659882011407 Oyster-SemiOpen 0
126.13596881421108 160.22659895333194 64.26958005805136 153.15932828671203 76.50818458496724 46.032506129674495 138.37328914662794 53.099699416884555 Oyster-Closed 0
271.77798416515 155.9957732221233 221.183989066496 147.35999495889814 234.36060453629398 70.16699302991171 284.9538302419096 78.80270440336217 Oyster-Open 0
172.14129602884714 74.83397788857829 211.42484219226026 67.41656015261785 228.6045755843552 158.40068553237293 189.32104849029201 165.8180313733076 Oyster-Closed 0
112.07291148893273 252.2931950862021 153.7699152766072 220.69013960177395 199.47343950223149 280.98444534746574 157.77692468853638 312.5869377888311 Oyster-Open 0
365.48309599822096 167.41434395506403 388.9385309285208 176.26367830653956 361.0810528042057 250.09541964656876 337.62568513187216 241.24621266620855 Oyster-SemiOpen 0
52.60791555434844 109.482939725089 17.358132770965312 119.75231262207036 0 20.73592887810927 23.76083467686476 10.466621240352929 Oyster-SemiOpen 0
