359.6162059242197 131.04348339047837 413.50783418875653 134.89436458192063 406.32347224695695 235.4314727851324 352.4318504213188 231.5806542614036 Oyster-SemiOpen 0
279.4244498141561 188.63610915198498 329.30993641646637 194.20222311262552 320.1185462154499 276.5713886933851 270.2330754598952 271.00536921799886 Oyster-Closed 0
338.20778434912427 208.40053133940236 365.2856066176064 206.34938506821206 373.52135003372314 315.0601056032219 346.4435337189061 317.1112002617791 Oyster-SemiOpen 0
246.86565885452 282.98839001084013 205.19489844749842 314.71252461067195 146.85628508636 238.0909668459185 188.5258460677287 206.3675154932677 Oyster-Open 0
88.165368022037 337.2152154834739 51.46506276569926 311.09515834356637 129.3172236415594 201.72443791576706 166.01592910811814 227.8436828617785 Oyster-Open 0
321.37363097033085 303.21222364787974 361.87141248246553 293.5850430453771 384.5724961706328 389.0609938243975 344.07481561839813 398.68788574661073 Oyster-Closed 0
127.94685590215886 287.3744468443181 167.27732707158793 319.06597677481955 103.13692137182807 398.649394439138 63.80733966554908 366.9588528122731 Oyster-Closed 0
0 259.292341 77.682285 259.292341 77.682285 395.377987 0 395.377987 Oyster-Closed 0
117.14967308870109 94.1906668261149 77.14030660266508 85.64277471618766 97.2642235203457 0 137.2732630000246 1.1060378904789379e-12 Oyster-Closed 0
367.7747588260463 39.43342701310016 399.9199653063333 38.57060586352831 401.84807511639156 110.40356112572864 369.70286886651957 111.26637820019864 Oyster-Open 0
34.18072500003109 0 83.01024732350925 0 118.77765127853127 126.02962937996615 69.9481551699173 138.62795127486945 Oyster-Open 0
345.3537541148289 30.771403038280148 378.1589300325868 36.26060317256165 360.77412372548497 140.1565043215623 327.9689578066609 134.667347554434 Oyster-SemiOpen 0
24.14184496519374 0 75.16925264778911 5.488101079510908 58.736852594771335 127.8218693726745 7.70945146235681 120.96773853733113 Oyster-Closed 0
138.27313527479419 0 210.22401335887844 3.209110240107879 161.64423248226012 212.5983514404117 89.69344576109143 195.90583817844575 Oyster-Open 0
362.3158986883027 149.42458941537743 353.4680635640616 122.18192450458179 404.7304731596232 105.53337540239292 413.57839574845275 132.7758793433919 Oyster-Closed 0
