292.5900923567351 194.00042114706352 265.80306421684145 190.1352093200258 275.98822147833926 119.5545987951847 302.7747154399658 123.41977075741278 Oyster-SemiOpen 0
326.327463453923 143.8148186146467 358.76272785373294 147.3406079642559 351.47197725916703 214.4078995782999 319.0367182980408 210.88214744830645 Oyster-Closed 0
102.95510833424123 234.76142486229506 46.192023295225226 253.37741552221956 17.97983363061212 167.3582207231923 74.74123698140102 148.74252900103903 Oyster-SemiOpen 0
0 106.593856 33.864849 106.593856 33.864849 280.986617 0 280.986617 Oyster-Closed 0
237.000594782814 188.30202596185575 253.1753279324912 185.85053924321576 264.181307558938 258.4613052002464 248.00658264385493 260.9127564163051 Oyster-SemiOpen 0
106.78412018372183 160.8353880726101 159.08453663882392 153.13123041064213 177.8593119014913 280.57630125049525 125.55893720017411 288.2802673897865 Oyster-SemiOpen 0
335.34976903782444 260.27739629031896 355.287981477235 243.07382802861946 373.32050655076455 263.9703687593651 353.38239654554127 281.17382750938685 Oyster-Closed 0
199.521858895685 16.28673999365458 194.77318905649008 74.46128294583704 142.90361355084679 70.2271873486573 147.65238499999396 12.052758999999803 Oyster-Open 0
99.01319856022383 8.082268545951985 93.88367341929552 70.92260963924556 15.994816078062286 64.56455199350853 21.124483667546883 1.7243798753236352 Oyster-Closed 0
118.23427542085483 273.3987016790051 173.8902429898735 252.85099755808412 203.3593124741783 332.65979514216065 147.70358759725787 353.20702884340676 Oyster-Closed 0
246.64174457776244 291.02061194008206 265.4740017713957 299.28890245919615 246.54780378107534 342.38858387900683 227.7156114094978 334.1204020042179 Oyster-Closed 0
267.8608636664467 328.3981656984941 275.93304536317373 339.41123695503734 245.8534436633381 361.4537080495511 237.781399906562 350.4407614283004 Oyster-SemiOpen 0
414.24315483673126 109.44153638267511 393.43301829923803 108.9571789749479 395.0384897768854 39.984527762740214 415.8484492642201 40.46888319910455 Oyster-SemiOpen 0
149.26485000357206 90.58927526273388 82.03850308814435 89.82646194157202 82.98119299999962 6.773695000000072 150.20706337993397 7.53650562239994 Oyster-SemiOpen 0
224.4880675618515 385.455028855799 241.55800689171883 395.6330879130738 223.34015173288572 426.1779299358786 206.27030899997771 415.9999999999982 Oyster-Closed 0
196.62425217176497 77.45163106800446 188.57482004735357 72.72314695097494 208.86764506957843 38.17834733926548 216.91705218067 42.90682213763128 Oyster-SemiOpen 0
140.80423619044814 38.5206538426121 167.35669425802917 31.714190824243385 180.4703479986165 82.87116080579455 153.9178983292186 89.67760439531676 Oyster-SemiOpen 0
378.1144591125958 165.2475682607441 335.96843746292143 154.36680640219956 366.8935250929899 34.58502215285673 409.03860546857686 45.465651085655544 Oyster-Open 0
268.527642558558 69.12523945021405 271.04060253970965 110.85819495915185 244.80687183239934 112.43776533951822 242.29400397076824 70.70489617088083 Oyster-SemiOpen 0
285.49049806042603 82.37475629266892 301.18470543515286 102.12302256682875 281.58645593206165 117.69768880233724 265.8922958977855 97.94946621659051 Oyster-Closed 0
0 67.05336955169103 42.96549946018422 26.625899996316214 106.10658388605589 119.4242239985731 46.69013326843924 159.85131200872004 Oyster-Closed 0
184.0140498443252 189.12378670268785 120.13576995511175 148.93700827125912 183.65509544949964 47.97521016270972 247.53209850666462 88.16144618026854 Oyster-Closed 0
