337.5065039145338 55.01591556075697 358.54751101984584 62.37469935266766 331.29487793726 140.29710687936486 310.2538953829244 132.93837457616456 Oyster-SemiOpen 0
24.11745742576022 202.8817537987861 0 178.83645207370745 59.27388198407425 113.93973349773063 84.93340761951913 137.9847648111579 Oyster-Open 0
50.75519778299349 7.782156458294447 68.89834682401488 15.995350024524704 51.11141831110581 55.28704773980813 32.96827512131131 47.07386409920617 Oyster-SemiOpen 0
216.14080228678358 109.41659214837273 266.9402306785305 83.67816540379108 310.2584518032163 169.17232437870493 259.4592409042889 194.91044826023548 Oyster-Closed 0
182.98945956422904 202.78778018792838 138.31677583507553 216.84332076090791 114.86629312298464 142.3134029246501 159.53794180646582 128.25804200731073 Oyster-Open 0
225.01700516548226 196.23910505033908 193.8968221881987 204.89171596721803 176.03199642514664 140.6410894754849 207.15157773076862 131.98856881092456 Oyster-SemiOpen 0
368.9822774421227 152.3548777874568 389.40419162190665 154.24571137885516 386.65520805654523 183.93463961131877 366.23329506879963 182.04381434227085 Oyster-Closed 0
297.333482735321 137.58170357242062 333.0596741658519 148.23421541242982 304.4827480452259 244.06926575272726 268.75663480209914 233.4169321224966 Oyster-Open 0
34.796442075952655 283.63190144546326 0 259.20948802483315 22.292701872978796 203.26530732830193 66.03427525466759 227.68737845949602 Oyster-SemiOpen 0
177.2770645255332 255.82192827685134 155.89040968405607 250.5727806897897 170.98856664129198 189.06517035692173 192.3747141870117 194.31425278753423 Oyster-Closed 0
404.42117515361315 196.70848451524236 392.943123357014 196.1069788761678 394.6071805165957 164.35631957579506 406.08511775488296 164.95782222693404 Oyster-Closed 0
56.929040401490056 220.10616461940305 96.13273097900674 224.03164487484392 89.44268613860913 290.83772703329475 50.23900430721551 286.9123059109686 Oyster-SemiOpen 0
111.00482423793073 239.2521675389616 138.62764239591343 254.90813276054362 109.2965814066265 306.6519657431998 81.67392392760667 290.99622372724855 Oyster-Closed 0
325.63529062152156 184.22717333113167 364.98865436591586 213.1770036403683 310.6518871160115 287.03283307862364 271.29899438400753 258.0835548608967 Oyster-SemiOpen 0
269.4742814456622 233.76095052721428 279.5436764363076 230.88121162569445 285.77705941405657 252.67487472519565 275.7076701220685 255.55459968676706 Oyster-SemiOpen 0
0 260.615661 9.238796 260.615661 9.238796 329.346047 0 329.346047 Oyster-SemiOpen 0
275.78704860835205 257.6480699400802 290.7017734373221 258.1275238623127 289.85169667635637 284.5681315954104 274.9369719920105 284.08868070576057 Oyster-SemiOpen 0
13.151653453493054 285.7869665419492 42.86927653319799 278.6325056998811 59.55803663247207 347.9414532226189 29.840463881850155 355.09577170379794 Oyster-Closed 0
71.79063067234893 311.2885731159802 119.87733598146951 288.43138536364756 152.62119032442206 357.3051425987829 104.53480928704084 380.16181812946826 Oyster-Closed 0
365.3981499999609 0 365.39822784959324 68.04119608086236 273.47040858265245 68.04108805046243 273.47051999999894 0 Oyster-Open 0
202.64799528067306 79.72443906024107 167.7057571559526 70.5253630557105 188.04356817445296 0 222.98564639507094 2.472835496416855 Oyster-Open 0
31.518283288060047 80.39742857311671 5.569229741755407 87.67857323465351 0 51.45445174133233 21.353884402073163 44.17332303086156 Oyster-Open 0
235.1347152424678 109.92102674732324 202.486263896335 18.849856542634033 284.0982421756198 0 316.74685948976185 80.6634392756197 Oyster-Closed 0
359.1855430935211 29.90979246256955 394.30240956360285 40.07010966863383 376.2827416969376 102.35061919240319 341.1658909072321 92.19034040755454 Oyster-Open 0
