136.4707102719767 121.55673311896349 184.83133394081597 108.06166313514836 200.7467001245568 165.09383586670774 152.3861173137593 178.58880452301617 Oyster-Closed 0
304.5857640306858 145.31972351489756 320.31979868574126 149.64802448390802 309.8940125612098 187.54556693402503 294.1599877647204 183.2172908355742 Oyster-Closed 0
158.46705313808343 171.47147815593465 133.52263756601678 201.82886472258886 91.5268743048473 167.32273336657423 116.47115794279307 136.96558228482192 Oyster-SemiOpen 0
269.59932048026894 217.21331960263703 241.99805649979317 215.2648578810189 247.25134964749668 140.85851952385002 274.8519577284751 142.80695777750037 Oyster-Open 0
231.87812603791826 161.91371800917165 241.0784649492016 161.15462293344257 244.3418890142966 200.70560626852824 235.14155069541448 201.46469652645567 Oyster-SemiOpen 0
235.04544201687168 209.6687271901274 206.3972341211811 211.46281636089915 203.56159823653798 166.18276122497812 232.2093770944375 164.38868553634896 Oyster-Open 0
330.92598764935246 218.59394996518992 307.4987558921057 214.90865646094304 315.5854716610993 163.50702763789604 339.01229355622127 167.19228789131427 Oyster-SemiOpen 0
328.1899036855648 264.18242720899764 288.588732489261 278.008842523142 267.94595812718035 218.8893561084708 307.5461903528376 205.0631175276879 Oyster-Closed 0
297.59924432107437 286.80730993730015 255.80180060490602 303.18094398682564 230.29330736999327 238.0712431737079 272.0895189201983 221.69788137772267 Oyster-Closed 0
176.18990835079603 256.17130996681226 203.01722641965534 272.30533362952616 188.50857455386358 296.42667907524464 161.68133932095589 280.29276600050895 Oyster-Closed 0
43.212229874843615 261.15421282613465 77.96973033900576 251.45604212574156 97.47934732667272 321.36740510910676 62.72191885590291 331.06539623181766 Oyster-SemiOpen 0
9.709435818462225 267.23308558324493 58.13112877160529 264.14068499698783 62.81598457513246 337.48652279587697 14.39429665224452 340.5788632240046 Oyster-Open 0
281.19533276462244 338.2141607736492 261.1289850333633 338.4418507623355 260.5575022767662 288.05990369677187 280.62327900000673 287.832217 Oyster-SemiOpen 0
55.737872487530694 8.757642525610656 53.686492108787206 79.03394094303435 0 77.41287109169758 0.20765800001390744 7.1367350000159915 Oyster-SemiOpen 0
207.5337385782732 322.2336657150446 231.04284542195455 307.26526129343205 255.00477219263848 344.89238270003284 231.49581952683002 359.86059044231206 Oyster-SemiOpen 0
170.26297210775374 15.215617804795558 199.24635455761018 42.139190061864326 167.41616310671088 76.40439670203844 138.43282539501524 49.48087350121327 Oyster-Closed 0
243.9552285971513 19.378052446604784 264.12964926904533 55.72435505824247 226.90084623820803 76.38845414362808 206.7264974115824 40.04221344805367 Oyster-SemiOpen 0
252.85861657122587 389.8022646463732 232.92723172955812 387.87514264746 239.8288105195461 316.51650603628497 259.75931888160994 318.44358553983244 Oyster-SemiOpen 0
155.78416411400758 350.3644255781535 172.51962045884284 341.6531056630753 192.5375703336431 380.10114739191096 175.80219659193244 388.81234551338247 Oyster-Closed 0
39.50072558381362 357.4592096902423 46.25037886836071 352.6308123477656 58.27376504217318 369.43454390983834 51.52413869641532 374.2629093161471 Oyster-Open 0
198.55276209061049 391.60558860019063 219.3761041803955 390.9087188357347 220.21603999999934 416.00000000000057 199.39269822821734 416.69686356360984 Oyster-Closed 0
414.1007988462261 108.19295363430842 366.1362464698577 111.25666130172421 360.5858231206839 24.35764288909343 408.54980191067443 21.293955468805088 Oyster-SemiOpen 0
70.9202403424315 18.67965415747149 103.38379645595705 18.880792384388666 102.90747120651577 95.75896762494271 70.44391507918044 95.55783018818144 Oyster-Closed 0
154.2777310141937 11.634288782313096 153.62365336573566 34.041196132512155 108.75917127560024 32.731532628391385 109.41326799998205 10.32464399998924 Oyster-SemiOpen 0
1.8794520034534798 64.5924265202838 48.79417678012396 63.22737261266259 50.481492249007715 121.21697163771678 3.566767379121302 122.58201913445097 Oyster-Open 0
170.4783947732467 70.55066844158982 168.63511202955488 133.6974510325689 134.7342488600334 132.70774370916092 136.57771673595562 69.56115194621552 Oyster-Closed 0
84.3080223992074 84.30467776738867 120.38817341121467 75.3087994605481 135.4199024806112 135.5960931470958 99.33977048408633 144.59191664638323 Oyster-Open 0
