301.3179035846224 71.0898977779912 337.5655499798304 60.24500698913212 367.5078246681587 160.32127544222251 331.2602274314195 171.1660492481354 Oyster-Open 0
199.71466342488566 105.62976703548024 253.44510388591152 133.68092239789266 222.1061319494147 193.70653848184168 168.37585039795158 165.65562734081342 Oyster-SemiOpen 0
120.13078721069542 222.50236267896014 70.8493406790003 247.1571879198386 34.46414422155431 174.4323701540072 83.74443359726138 149.7778894022647 Oyster-Closed 0
294.3939562465748 200.5564794425384 244.11270407219126 213.66927632614014 228.76607921450704 154.8240772329273 279.04641755632474 141.71140598846748 Oyster-SemiOpen 0
96.53088681488589 185.6531875724093 154.34296447381348 151.10726976314183 205.37993431787982 236.51138276372924 147.5683476420163 271.056659776293 Oyster-Open 0
34.91986140865629 245.18345824984561 52.25689252563825 223.91722303641166 96.43366217158109 259.9279150360474 79.09692281242314 281.1938788217279 Oyster-Closed 0
30.73623534903163 243.29291776219208 47.592312886692525 244.5189851225806 45.12815802760451 278.3924413603515 28.272081522081862 277.16638357604046 Oyster-Closed 0
167.03673532854737 272.0060480723729 129.6409933054565 311.1414752404955 76.05614173911817 259.9444861217889 113.45124800000121 220.80976399999622 Oyster-Open 0
273.6601657164538 272.84189735051484 264.6520840423109 205.76555619383035 332.73002549217927 196.62372663741147 341.7389048510813 263.6991327131868 Oyster-Closed 0
47.774705422420084 274.91496101079156 78.59539537249657 266.45072217874724 89.27774202554428 305.34265397890744 58.457086574064306 313.80680526923004 Oyster-Closed 0
97.52153900000485 10.765766999992085 154.71445675811265 0 177.1651412303545 53.12005133673449 119.97223276328805 73.56606732843903 Oyster-SemiOpen 0
163.9062610469009 268.89607083096325 187.09076586068113 269.12133233457627 186.83379389567926 295.5659365815687 163.6492891063499 295.34067655793575 Oyster-SemiOpen 0
336.5307570479599 188.66898982060945 373.202493030145 190.3982225191682 367.076245762888 320.3040703889119 330.40451269574623 318.5748876406936 Oyster-Open 0
319.9237432296686 271.9855568612847 335.37608892383287 255.875584899954 358.98619661930206 278.5190214426074 343.53398147738335 294.62886542869086 Oyster-Open 0
194.55075453870086 266.90615916739296 219.2171502394449 265.03079149876976 225.21384322657104 343.8921489625574 200.5474518576484 345.76747676743975 Oyster-SemiOpen 0
352.5573731819568 318.2506409554547 311.3688058331063 336.793038178324 291.4677491606817 292.5926073861027 332.6553997043666 274.05044765410736 Oyster-SemiOpen 0
79.86201498297669 335.5962096653499 101.08715839523575 325.0326818711172 117.52468964771833 358.05359263985446 96.29962354457166 368.617001309404 Oyster-Closed 0
247.58127483835415 301.3764233870025 280.40356560379223 299.3084934620863 285.52356424645404 380.5577673452599 252.701278585002 382.6256467970754 Oyster-Closed 0
242.18426718488263 55.28829480971041 217.02875099348967 56.486195880774765 214.3674502863687 0.5991875070859548 239.5229034896147 0 Oyster-Closed 0
372.2186356504353 334.699014405241 388.6066129265819 317.7896545500969 419.0183522305706 347.25787473895787 402.63059391448405 364.1670189453631 Oyster-SemiOpen 0
323.12560015878626 332.8865492869131 358.0491091245094 308.5521723382425 397.0276495975413 364.4811378056699 362.1045668094739 388.815004269888 Oyster-SemiOpen 0
284.32591776305344 402.692354067297 270.91823658684734 324.2495487281355 307.62460995483707 317.97725316362926 321.0330185407329 396.41912601402925 Oyster-Open 0
205.67443350821122 74.89363669693122 172.4391194053569 74.90926056710008 172.4040006539035 0.006317681199827363 205.6391378158478 0 Oyster-Closed 0
278.68815476317104 63.381575845338205 254.89821341398783 72.08757909517405 230.23432913803845 4.6914043769118186 254.0241730629532 0 Oyster-SemiOpen 0
34.374508349807 57.33981536823523 41.48926745009885 44.77639531504158 87.60722688674286 70.8931485546283 80.49251110925252 83.45653123130137 Oyster-SemiOpen 0
187.22611270645575 0 187.22611711158243 26.163045790197646 153.2134308195309 26.163040353659195 153.2134360821401 0.0000014517545908071797 Oyster-Closed 0
137.11570443449818 66.95283995336051 180.14998463353913 50.71616616223648 205.96574180589596 119.13838062318102 162.93151182527072 135.3749551570351 Oyster-Open 0
257.0930438959804 142.0801405756568 218.6737144337567 142.51225648973767 217.6682471483582 53.09202665552723 256.0869544563866 52.65991436089343 Oyster-SemiOpen 0
