132.4289536227916 191.50747716040675 88.24068096543851 165.68984180694017 143.75476236056784 70.6792344162967 187.94208553175122 96.49650432272145 Oyster-Closed 0
59.470703919800144 110.81871638241824 89.5282451836174 113.21513617820169 85.20749233363676 167.4072776665072 55.1499528951681 165.0108738306034 Oyster-Closed 0
0 124.627129 37.205689 124.627129 37.205689 197.71409 0 197.71409 Oyster-Open 0
349.2849332021651 98.16587760570495 388.7075433207465 150.57737340214723 287.0049824578491 227.07084562315103 247.58340324716482 174.6602821033577 Oyster-Closed 0
77.44246281393862 153.3870633242663 92.33591375511241 173.5014420402826 58.10409325265937 198.84645929867335 43.21078981451137 178.7322137885791 Oyster-Closed 0
233.9339752325177 186.49200424757998 170.73346802602464 234.70937107779895 117.358280928358 164.75099933852616 180.55767717045455 116.5342618123043 Oyster-Open 0
92.990967890295 151.04225204311467 110.7804230415386 157.14577418655247 94.53375301353663 204.49609724463605 76.74432091122071 198.39262310735776 Oyster-Closed 0
211.91100575170276 164.0383151657542 256.28591951943963 168.32224736274512 251.2473791474913 220.51052154009662 206.87247109259988 216.22662730525172 Oyster-SemiOpen 0
28.811315882823692 185.9967423499602 41.857097698641155 193.50971988333708 24.255830570669787 224.07086492652132 11.210083680700336 216.5579353568711 Oyster-Closed 0
279.3339629452312 0 279.33397241239436 30.508127965458645 236.42310769440883 30.508119708138604 236.42311599999084 0 Oyster-Closed 0
172.12308242328072 249.72832465506855 119.33196944480733 273.54061497903587 87.30269989062435 202.5380118928298 140.09236076310117 178.72610631818597 Oyster-Open 0
324.406677505016 243.62746297060937 317.93748658768527 204.82933607054247 344.29367429139893 200.43512391465643 350.7630257459059 239.2330470253844 Oyster-Closed 0
41.57067159588769 265.2001663041082 25.722201212225627 260.2645650248809 39.0191248002302 217.57256757512798 54.86731104376304 222.5081209748211 Oyster-Closed 0
3.9456807637325255 293.4231582027821 0 281.7989711624117 19.760783568723127 214.42894817695034 40.93450932704582 226.05294114717444 Oyster-Closed 0
372.0836019226008 226.70596305540806 386.035336899964 233.07602335414668 358.9285647013967 292.43851589322236 344.97688726928754 286.06855051782367 Oyster-Closed 0
194.98144651562325 330.61971790442044 171.50766782875144 326.5489867131642 185.7798522781195 244.26472463584375 209.2526505057831 248.33536828335846 Oyster-SemiOpen 0
323.386035774005 266.83552618811797 346.9658361429538 266.17409671025945 347.9943139458737 302.83401926417446 324.41451387922643 303.49544266096115 Oyster-Open 0
186.53281778030941 52.13901394889679 151.29273953090524 49.62016372603464 155.01950472548924 0 190.25951799998438 0 Oyster-Open 0
276.26124640696435 313.78773175442365 293.2960971687535 273.4532934047602 332.1534012880875 289.86178204820203 315.1190804560756 330.19577208922277 Oyster-SemiOpen 0
232.92572676445343 288.05100986321514 267.1941689938649 296.1145822860021 247.14711182918472 381.2940829596033 212.87874077280867 373.2307188275829 Oyster-Closed 0
61.35367674657027 332.23364560181477 65.13196332252483 348.8960570283087 45.574859799762635 353.3296984880404 41.79668939526164 336.6673879777099 Oyster-SemiOpen 0
276.08416878038406 391.76413077557766 240.43692899996313 391.7803200000001 240.40770619615432 325.5272142476537 276.05346391960484 325.5110253584127 Oyster-SemiOpen 0
342.28541348105864 0 372.1008789073567 1.929093951480085 360.85530912171816 55.89284700717369 331.0398449457243 49.6795815618956 Oyster-SemiOpen 0
10.776380570652691 0 54.69562573400253 4.030991287883824 40.59630690274207 105.27708332268948 0 99.16103409652752 Oyster-SemiOpen 0
363.0520178467377 56.77727191321225 343.7685737549036 78.67638624353236 314.479353611594 52.88562654630118 333.76276758654785 30.986554515192203 Oyster-Closed 0
104.26487417619137 125.60878942891173 56.71146784580924 103.55548657265932 109.53441409195148 0 157.087218223347 11.708847035082737 Oyster-Closed 0
151.5952679266702 28.193876767448682 187.88268516272728 26.496824142099058 191.41411104248618 102.0075033275307 155.1266948283519 103.70454863391532 Oyster-SemiOpen 0
237.35772680212176 19.067679701169784 290.7711290191037 29.563114459585336 274.89275502404416 110.37087284866331 221.47936863962968 99.87548710766939 Oyster-Open 0
196.2673946540308 14.682050868350899 232.8752031507065 21.408273627526444 213.7355673080856 125.57590272544019 177.12776945883525 118.84972533648569 Oyster-Closed 0
139.16623933481605 107.30543902637892 121.17751033175227 100.02005337306467 141.6181133607206 49.54994002720799 159.60671709344388 56.83529641021216 Oyster-SemiOpen 0
306.9532621626131 31.41868737925638 341.5823529105837 40.33784291471528 317.95371452286054 132.07626442459755 283.3246453460306 123.15717157481271 Oyster-Closed 0
350.8967492882184 276.38638894222663 332.89368859654496 274.4019924443212 336.16417808315964 244.73603374258207 354.16699268231605 246.72041648270687 Oyster-Open 0
