292.5036471377134 113.25136949306373 352.63048527282444 105.51706667668769 365.8838216906697 208.54518782382414 305.75700125329604 216.27937707190847 Oyster-SemiOpen 0
63.38618226532344 231.65949763601515 72.29949088659123 106.38365883285131 154.64572425090955 112.24277903388548 145.7341132914662 237.51695063092143 Oyster-Closed 0
416.0002896574624 238.896342 387.48553431738037 238.896342 387.4860173856978 167.169086 416 167.169086 Oyster-Closed 0
279.4863910408458 253.6821632708678 236.14066866918802 279.9037999486845 192.40134386119826 207.60651069946772 235.7458905374442 181.38533868545554 Oyster-SemiOpen 0
152.27597745868843 147.96278538339448 208.98136951612832 144.15966364226648 219.7845102378269 305.22480877165697 163.07912695781852 309.0278102182145 Oyster-Closed 0
281.87598779525797 196.566791922282 311.0317459045873 189.0020989684481 341.87852112813925 307.8798896679807 312.72284152960856 315.4443793134883 Oyster-SemiOpen 0
169.62233671752983 289.65792157919856 112.34169343278336 331.4249752569655 50.35418709018995 246.42244505601093 107.63290002831855 204.6564074333769 Oyster-Open 0
30.693730724422494 353.3495865897408 0 333.7712941106731 30.199643192008807 220.395506942765 77.56288915311961 239.97327717682117 Oyster-Open 0
286.3575633229884 258.2125394674686 356.60101477739227 251.185181092349 368.83884572525494 373.4919401114878 298.59543652240245 380.51905930846675 Oyster-Open 0
57.48644952205723 293.6982668782532 76.92076113464282 302.5809990516707 56.60312700490613 347.0254661607061 37.16889062069822 338.1428566419302 Oyster-SemiOpen 0
214.83807646073183 407.6334239104139 182.2569234239054 431.69444564081243 133.19499429296775 365.27591896602473 165.77489560697722 341.21557316425174 Oyster-Closed 0
283.6872899999944 23.15719100000568 321.5843377559904 12.25320554116127 344.4431766015623 91.69929624426804 306.54614704717096 102.6032356696733 Oyster-Closed 0
308.98347168350665 351.44038791645295 362.9774806641908 339.5446331064592 379.54569546722996 414.72830482246525 325.5517862197412 426.6237492185606 Oyster-Closed 0
285.033509740264 415.99999723050524 285.0336564841782 399.4682981093057 301.85396999603836 399.46845409390886 301.8539231791765 416.00005310170735 Oyster-SemiOpen 0
249.78620962226705 103.40728011446602 179.86963842401383 109.90096705929689 171.11492101927433 15.637489090431053 241.03086800302844 9.143829292695337 Oyster-Closed 0
224.16149166228934 26.993454431676795 264.28083623781276 11.958461050935512 301.65886978419076 111.69735367937334 261.5395778697566 126.73224835617401 Oyster-SemiOpen 0
289.14068338300785 81.32789445854856 322.4729839542815 79.2040329738468 325.5293490519871 127.17040484821241 292.1970494419111 129.29425685006225 Oyster-SemiOpen 0
178.7841224335716 160.80599366365522 119.98379599952023 171.72484819357297 95.82440430357019 41.62059303817885 154.6232453680568 30.70188777593932 Oyster-Closed 0
0.49441900003512274 10.615369999999187 62.8139559467636 7.712886228755219 72.89086397998472 224.07102800330063 10.571327692057821 226.97344616237214 Oyster-Open 0
146.5193772941857 112.685267572518 189.20633542381256 66.2359688494092 270.39198539256904 140.84399955030528 227.7056020010641 187.29273362327237 Oyster-SemiOpen 0
