265.2600234390811 114.42192059576799 290.95082229269974 105.45381097815999 304.1024974250213 143.1282070978289 278.41171769925495 152.09627613035718 Oyster-Open 0
335.1203079791594 155.93090754407316 326.01687845471315 136.03720574070937 342.5640220565765 128.46545398684043 351.66746313421754 148.35910991948418 Oyster-Closed 0
20.301355410701944 2.907438188071235 73.69844548764013 9.43562721306262 46.10610751649074 235.12106558182157 0 228.59304057507276 Oyster-Open 0
412.19640117727977 208.24094198704054 389.1294568506746 207.838323981842 390.69091335866324 118.40255354478441 413.7572390000205 118.80516600000001 Oyster-Open 0
218.73319962691312 183.3734012200546 208.06890751621177 179.48051642697484 218.73417019241606 150.26539405752823 229.39837331264425 154.15826087100436 Oyster-SemiOpen 0
298.9125687169908 234.14297786450805 251.31999912705578 217.46387332305306 285.83331315423857 118.9911333211119 333.42448542786224 135.66997087951222 Oyster-SemiOpen 0
370.9996683808895 187.6105960269567 398.12775233420325 197.8156134249076 381.12470808053695 243.0112746027724 353.99667278598645 232.80635108455786 Oyster-Closed 0
256.6426460000257 0 281.32082441620514 0 287.7067750127244 45.0213569095346 263.028597265562 48.28516205226145 Oyster-Open 0
136.43942353607417 152.22253280533099 187.7473453570965 162.87702044434786 156.1261960571792 315.1392043306702 104.81837833976533 304.4850561317469 Oyster-Closed 0
168.34482695728002 199.2745572468054 211.22391506647182 196.7870263031687 216.02566362062498 279.5500503628264 173.14657910277674 282.037537842784 Oyster-SemiOpen 0
269.75354938489545 323.79578123411727 238.14077808541333 321.3560314093908 247.10686769109088 205.20722854446885 278.7179872986744 207.6469157386884 Oyster-SemiOpen 0
100.45736934972592 309.2235158608789 25.673453214265464 311.1650552769253 23.72085138948387 235.9118753111547 98.50207314456566 233.97037084106478 Oyster-Open 0
0 243.72761 23.17383 243.72761 23.17383 302.7711 0 302.7711 Oyster-Open 0
231.70137683844587 240.3234158984288 298.5810267326997 242.42687880945059 294.23705112746757 380.521785871027 227.35740451653328 378.418403978396 Oyster-Open 0
3.6495993311073107 327.32770665977023 0 317.1867236524929 12.33264533545298 291.0720588278327 24.835058791162737 301.212950246835 Oyster-SemiOpen 0
137.93246889166403 397.9287900817771 111.24338910388906 403.4775707674841 89.1739472832196 297.3452336428066 115.8613057773473 291.79663807586206 Oyster-SemiOpen 0
227.22772719458953 336.5681699653138 299.28583210719444 337.4590953596594 298.3776614854032 410.894727592063 226.31955720885162 410.003823771765 Oyster-Closed 0
278.91136467122124 40.05134698497618 312.8914753888639 41.52605625511521 309.33348006754386 123.50825181162506 275.353370042234 122.03355119355508 Oyster-Open 0
234.1731195969005 48.544220662639574 274.98430482174444 47.93601363041121 276.3389011177678 138.82938629972887 235.5277160661135 139.437588787664 Oyster-SemiOpen 0
202.53142528990065 80.4701233853282 227.68648721594218 75.23932046605495 237.44817551073356 122.18277393872789 212.2931197510843 127.41355440623512 Oyster-Closed 0
