322.52516905081575 100.41334294533986 341.21931101212977 105.97299033024996 329.2381860939131 146.25810702055657 310.5440543244913 140.69848499917268 Oyster-Open 0
288.03202093259097 75.01336010841405 313.5343494529807 86.14638406027088 277.3466191851039 169.0392897574656 251.8443562617722 157.90637365618102 Oyster-Open 0
245.84177346605793 156.06655664938816 219.4508672994889 144.77181415894827 241.708121106818 92.76822577073789 268.098737393786 104.06289697296648 Oyster-Open 0
360.40742421498726 199.77366826536178 339.74474117305 178.81366177845865 378.3041460826098 140.8033463068801 398.9666688020843 161.76318510646254 Oyster-Closed 0
182.45237337714934 229.61340921000442 156.04854652361973 227.26829378881186 161.5263760699745 165.60145057267664 187.92961533865673 167.94653908167058 Oyster-Closed 0
151.58135075734026 227.83704112096495 125.76035681159556 215.2578539910166 152.86665716895004 159.62182814033642 178.68719300001248 172.20088299999657 Oyster-Closed 0
36.92211691478224 172.08785767546075 75.12082690363968 174.24261702613052 70.47933975221895 256.5189212342515 32.28063284033851 254.3641953746052 Oyster-SemiOpen 0
0 179.840463 40.136114 179.840463 40.136114 252.943543 0 252.943543 Oyster-SemiOpen 0
250.57127414568458 289.69109075290925 232.3386475262414 283.64857830265316 249.60388628936562 231.55999217521378 267.836075697669 237.60242473674455 Oyster-Closed 0
197.70378919080758 0 231.52611199999956 0 219.96373287128154 58.23967299873873 186.14141267724335 51.52491041649804 Oyster-Closed 0
114.74457858967435 0 114.74459283222677 28.483195157793737 33.15004575770945 28.483183102990644 33.15005854162882 9.79639751144971e-7 Oyster-Open 0
203.17623809238648 349.6232447334944 185.38542649006195 342.1796170075968 218.63306183603345 262.7303702443588 236.4231478416732 270.17382554291777 Oyster-SemiOpen 0
0 275.9181292539468 22.572398318658088 269.10418531420197 40.33322053707161 341.1083354911736 12.70456752022801 347.92214276182926 Oyster-Open 0
145.02462991515495 5.726773043345691 160.44761100776304 7.100358590987333 156.06857344625314 56.269273718602015 140.64559257431756 54.895690133853975 Oyster-Open 0
254.26717372778876 61.12107561466625 199.46313494851347 115.13396916791449 164.72426091646048 79.88645672913965 219.52811695406126 25.87374573459014 Oyster-Closed 0
373.3399378576032 48.68066350281847 391.38467921689517 54.750780791652744 368.74336788644723 122.05619426421677 350.6986421603797 115.98610972110403 Oyster-Closed 0
133.63821058890244 55.53038694669765 178.4764501754471 45.43491303444846 192.1416849821253 106.12742994276073 147.3034579558007 116.2228599365542 Oyster-Open 0
