334.2337134750014 87.69775225195626 363.08191218728825 91.9733210252405 353.5758686253321 156.11114995400476 324.7276765300521 151.83561092437284 Oyster-Closed 0
7.296293000006699 104.34185099999969 16.53909054842734 103.69556692032883 24.52215023622921 217.86019109932082 15.279353833924688 218.50646441972134 Oyster-Closed 0
112.69391268181425 196.49531658993132 54.32080692555974 233.51046495036707 0 143.11363327477488 55.3685636401824 106.0990703133509 Oyster-SemiOpen 0
203.43612597297033 235.24558953687907 148.064192892758 254.10729286834842 100.61841941452076 114.82723011701718 155.98822947830558 95.96590306906256 Oyster-SemiOpen 0
334.182734449314 236.68556406742675 246.5178141802753 292.30950354542364 148.79579619373544 138.3032778789389 236.45666642154538 82.68104174031197 Oyster-Closed 0
387.81585199999245 11.284289000000793 401.9809182666795 9.495606570821925 406.58706187101416 45.97287795092958 392.42199597605577 47.761558661106186 Oyster-SemiOpen 0
232.65139220875062 303.622286336558 169.1309466592611 324.96077146792277 132.02413589280695 214.5108943252216 195.5413374509044 193.1730146662476 Oyster-Closed 0
120.88615334432689 302.8166575162188 102.48585657264266 302.39086897125577 103.53973802903784 256.86541997470977 121.93962406844003 257.2912037793898 Oyster-Closed 0
134.14010649627016 320.6112593734861 122.83955056627019 323.989565590504 114.46841682541344 295.9923129479845 125.7688035526553 292.6140338673144 Oyster-SemiOpen 0
105.93903923717153 301.3844540124202 120.846154071005 317.06860895580445 90.61525147314387 345.79630641052114 75.70832662728208 330.11233743318854 Oyster-Closed 0
143.22106721421733 264.14928029379183 209.33607039883282 244.24672020910785 247.06276097274167 369.55204302079534 180.9480682448957 389.4538595736027 Oyster-Closed 0
34.060919999985344 351.4552290000016 73.79684947147325 345.9107517017177 81.56050865682846 401.5377174237877 41.82460008613998 407.0820913826961 Oyster-SemiOpen 0
246.30425765567634 358.9711741626382 262.34681254528914 357.66226807946845 265.67835146168727 398.48513491686003 249.63579876541553 399.79402314243873 Oyster-SemiOpen 0
134.1013923903738 376.83406251872435 150.52587931335802 379.36581933474775 147.10250493253625 401.5687110060668 130.678022465283 399.0369736758969 Oyster-Closed 0
268.0288629368515 359.7277039493147 289.27371427651815 366.4339041125866 272.5312451735699 419.4591510469553 251.28645151938326 412.753078933023 Oyster-Closed 0
101.25967624135228 384.7645433056658 117.04319539741118 388.38111599834025 111.66320731439191 411.85404917439513 95.87969837316268 408.23750706734864 Oyster-Closed 0
71.91104754195476 415.99999941874233 71.91121172297062 399.13704932740035 91.85265002481174 399.13724196054585 91.85260658930929 416.0000710657528 Oyster-Open 0
142.37779938680978 415.99999454937307 142.3779209288441 403.6329149111966 160.43795541001964 403.63306148800194 160.4379144357772 416.00006081648746 Oyster-Open 0
127.77315975592865 415.9999989628019 127.77326008133605 402.6920402694267 142.82344607612686 402.69215056511035 142.82341793981323 416.00003704636765 Oyster-Closed 0
293.1618569045713 35.47766134758563 286.384458929173 64.9690037933978 259.87207860872877 58.87619875656037 266.64949983632323 29.384891100613036 Oyster-Closed 0
0.9815529999832506 14.036861999999775 63.71603842588229 9.650072568336594 70.3747855459842 104.87488880075367 7.640301054751035 109.26165595107011 Oyster-Closed 0
389.3564837964477 102.50525189746276 340.40966156442664 100.88828462456273 343.4182294822276 9.82392523536801 392.3646061664549 11.440885089654763 Oyster-Open 0
229.21333186557604 102.88452522079405 156.78707946096256 129.4132161138731 121.25480520683413 32.40601452626923 193.6802703903777 5.877479604924101 Oyster-SemiOpen 0
128.6612136748554 8.798080703808932 129.47017896241232 28.513821689753932 74.21881336094157 30.780824548816533 73.40986754988626 11.065099371931042 Oyster-Open 0
273.45160419778404 70.0983365555017 294.87384326822576 67.10849684597328 303.6853703649249 130.24223853427887 282.263134867997 133.23206135224916 Oyster-Closed 0
