27.861129835331667 118.0938259794276 40.731209488058084 106.50348840801426 56.17728807234016 123.65462885300937 43.307235399406636 135.24493806590658 Oyster-Open 0
384.80831280530765 174.43194306272363 405.1889445986417 177.10655864864088 399.6631293270111 219.21063571394183 379.2825011931236 216.53603982571727 Oyster-SemiOpen 0
207.75957840649062 149.28214285026644 229.77423833923967 140.97152004174757 246.92643874327405 186.4052848886574 224.9118105349189 194.71584820251937 Oyster-SemiOpen 0
287.615701111863 163.75760272718526 300.6707914663857 164.2016736907006 299.02735197591755 212.5137581993142 285.97226183014936 212.06969078589339 Oyster-SemiOpen 0
224.05573288437154 204.21846281272775 175.20439521987282 220.5969468703579 149.7368082766261 144.63884034806614 198.5869956550232 128.2605701678301 Oyster-SemiOpen 0
152.0340276460338 158.21854748338882 166.866812177901 163.77385591007484 155.2509647080442 194.78672655000153 140.41819520654826 189.2314467589402 Oyster-SemiOpen 0
65.4188751953443 101.84260839022477 135.31635364602698 135.2696470188216 78.96782673399503 253.09054621688756 9.070744080661825 219.66416836321162 Oyster-Open 0
170.61241488599262 223.07378085863962 203.2979420378615 218.69866575412595 213.62148294853614 295.81512030100254 180.93597204991238 300.19015737961234 Oyster-Closed 0
414.3560231716656 64.87255748730846 414.75970357365077 87.61027525081236 377.6828072162243 88.2684513308451 377.27918466288247 65.53079107043546 Oyster-Closed 0
203.52806486474947 258.70927063302236 234.85409751300176 258.3255654314943 235.85345320097258 339.9018361571191 204.5274206709546 340.28553312789575 Oyster-Closed 0
295.6287995408675 339.0449815938323 259.0464714065274 341.9958816233867 254.75046624327297 288.74047103213434 291.33172017410834 285.7896145156419 Oyster-Closed 0
137.7796396091544 385.37524566226875 94.12836142958622 378.0689803151747 114.72184251219733 255.06618981232165 158.37017622108397 262.3722068339335 Oyster-SemiOpen 0
261.2032284058696 384.52040692744316 216.98437751096208 371.3571118483482 234.24642438562296 313.3853170541449 278.46373128471896 326.54836624393266 Oyster-Open 0
166.87402661352826 297.1005944887478 199.57261514773563 310.090436908083 170.4678350746144 383.3395738138369 137.76941589630223 370.3500386419111 Oyster-Open 0
287.5830010000245 416.0000000000168 287.5831583192412 395.29761607188374 300.84051201965485 395.29774771419653 300.8404529999243 416.0000329183524 Oyster-Closed 0
416.0000423308629 116.22997300000002 405.53667271773884 116.22997300000002 405.53670933618196 72.999728 416 72.999728 Oyster-Closed 0
307.1072659484016 103.53261671957014 270.8297267305825 101.81249376627814 272.60075937074726 64.4640895080969 308.87810088992046 66.18420780386346 Oyster-Closed 0
416.0000047930771 131.64209200000002 412.26462624164196 131.64209200000002 412.2646336432517 115.53766999999999 415.999999029249 115.53766999999999 Oyster-SemiOpen 0
143.4287120931549 39.270239864421086 196.4335062226637 27.438692231373924 219.55830948896983 131.03587052048243 166.55354585015084 142.86732733227313 Oyster-Closed 0
392.65015669036075 105.70796761578406 410.7449116049793 106.07081040677474 409.8173847808648 152.3247761220534 391.7226299602189 151.96193523569576 Oyster-Open 0
210.29703901337052 62.75920265270396 247.38451925009576 61.0913680839451 250.37798885624215 127.65598862319341 213.29050958856533 129.3238139315201 Oyster-SemiOpen 0
22.430096700281865 34.30355045508193 45.44198174661142 35.394679079465774 42.9466598675499 88.02067744712939 19.934774995592306 86.9295519625294 Oyster-SemiOpen 0
237.38655122492492 77.44618065239743 283.8776718820518 85.86770344488359 268.8592700443696 168.77498046561942 222.3681694467814 160.35353436274053 Oyster-Closed 0
237.31860046146903 40.32171475545879 241.3195725481164 19.36719070999438 258.72114111248084 22.689771155267497 254.7201804903525 43.64428541137022 Oyster-Closed 0
305.0537371704522 159.7248294477267 277.60059483065197 161.2500487655018 274.780611239421 110.49078808096574 302.2334195040603 108.96557812008365 Oyster-Closed 0
398.8954125209384 151.5254992024601 408.8304175705671 147.329250136761 419.0482459173327 171.51983216582406 409.1132498126499 175.71606554800405 Oyster-Closed 0
