416.000194967055 177.71008099999997 387.86479000720647 177.71008099999997 387.8649408484125 130.997744 415.9999963034752 130.997744 Oyster-Open 0
354.7000221827366 97.37309981166628 386.97042066289214 99.48772257148973 379.91583918592005 207.14090237443216 347.64544400629893 205.02631068958732 Oyster-Open 0
315.0038616758138 132.4068257717303 326.46335495063977 132.73278896468352 325.3391189163376 172.25466605864918 313.879625705169 171.92870459918174 Oyster-SemiOpen 0
129.5073199084436 175.42171875765223 99.74200156454026 175.2480594659227 100.07621686836865 118.00943330311945 129.8411030451498 118.18309134927208 Oyster-SemiOpen 0
175.38561238542752 148.0012259356602 211.15341894445373 149.5903227868764 208.26855937542132 214.52000285367893 172.5007542173771 212.9309225543914 Oyster-SemiOpen 0
191.31732704800743 141.91320448415732 221.6129080926803 135.4214653580154 239.70373372402173 219.84328131245968 209.40818092160043 226.33493143411135 Oyster-SemiOpen 0
321.25355760899765 229.48426418063877 295.3276494198726 233.65696685647632 284.3863027037114 165.67911191759327 310.31160223154075 161.50645915505334 Oyster-Closed 0
307.9116963678898 185.7403279352334 330.95943661030833 181.4010975563226 341.5664649881546 237.73602887875003 318.51873739888833 242.0752131120408 Oyster-Closed 0
306.58924592712356 40.586858238279056 312.2902356235172 29.23583620845865 333.6409363408857 39.959080630790254 327.93995780756086 51.31009310751923 Oyster-SemiOpen 0
332.0653342185142 247.55336089737352 306.8408104215923 267.02350311143937 263.37631933985904 210.7180950554105 288.6003619999865 191.24823500000699 Oyster-Closed 0
334.060012294638 226.64681039522577 355.6093600915883 248.84275023419886 333.92395768233837 269.8939793425167 312.3747569428124 247.69818557493363 Oyster-Open 0
189.33069425472422 211.29034976455736 204.95519531688842 230.0341308322408 178.4535008690109 252.12327700103538 162.82914198951767 233.37962874366573 Oyster-Open 0
242.7662404808907 61.475304685332844 223.91165254901716 58.3904865488075 231.41117483022026 12.553307512357257 250.26570633708616 15.638120910426403 Oyster-Closed 0
401.9372839967 250.70866100149257 410.5356453821005 279.97794635351846 363.5713401246976 293.7722373871763 354.9733793001178 264.5032933142558 Oyster-Closed 0
237.18265942878497 306.46118230244764 207.72086144414789 318.83184136630933 177.12822068130845 245.98170121870373 206.5890469467122 233.61127132762297 Oyster-SemiOpen 0
12.14910364550451 222.13945515458823 72.8906822791505 221.73318871363495 73.50957005949385 314.2534510703025 12.767991650587646 314.6597086693257 Oyster-Open 0
398.5859587238192 318.40562875170366 383.01815910225196 319.28525353285977 380.8354087216612 280.65726134638504 396.4028961882359 279.77764531630993 Oyster-SemiOpen 0
331.6128061076015 276.16511387493165 350.6904218392083 268.16651307167024 371.5367326886626 317.880117568394 352.45918164266914 325.87860561761 Oyster-SemiOpen 0
368.6869452195606 350.9750818607094 356.8489786471946 348.8198118616874 367.5979618907477 289.7927017752686 379.4355400875211 291.94793566626925 Oyster-SemiOpen 0
248.4275872669532 83.3140008789979 202.65252300143038 77.83054994667016 210.8331139495749 9.541873750994586 256.607908963364 15.02530773201595 Oyster-Closed 0
179.89637594581654 341.4560171215327 186.60056122439346 348.94734136764464 171.41495899211077 362.53432052782955 164.7108230513877 355.04304358593157 Oyster-SemiOpen 0
294.1645478614373 18.291319662970952 292.78193658752207 34.13983321029514 260.73903591177805 31.34442472052604 262.1216569999924 15.495922999997811 Oyster-Closed 0
251.87177103406066 78.71548798987237 240.0371899772872 73.40309200709575 261.1741281976574 26.316064675924267 273.0086595253633 31.62844760868535 Oyster-SemiOpen 0
364.35185911152803 112.02785678895499 328.08325231204435 111.81625458784947 328.4776847508292 44.24119827665585 364.74593295080194 44.452799389800056 Oyster-Closed 0
114.70695797352164 93.41925771676412 122.23397022729841 78.61711024117992 144.82587683354723 90.10511971900527 137.29890021507163 104.9072366933859 Oyster-Open 0
149.69825558397497 59.933200731536076 188.173004571996 57.81084804949123 194.27157575442834 168.36583155273803 155.7968285691968 170.48816085126552 Oyster-Closed 0
