307.21573743438785 92.04341292597208 342.6532932347327 87.72927674265826 353.2940138800732 175.13281373234736 317.8564660465927 179.44690437860854 Oyster-Closed 0
164.1413888185416 110.47295187467816 202.550532430796 114.8924143811153 193.48588598810966 193.66945772863525 155.07675043130075 189.25004273793004 Oyster-Closed 0
68.04976511179484 153.05166418799692 92.9156060064488 138.5748877628787 118.80214938468635 183.0365532693186 93.93638975649446 197.51321906612156 Oyster-Closed 0
312.8183587433741 23.70390949501447 310.5070997126604 54.205773263149304 273.61681714592487 51.41040597431046 275.92811000002257 20.90858199999222 Oyster-Closed 0
0 158.34064214171264 48.03284758876907 141.05052761959988 69.59596221227184 208.76885787163528 15.294146869222459 226.05877166766086 Oyster-Open 0
193.71238592548616 207.71356953112456 168.3589156525777 227.7668012906752 131.60682612518212 181.3037603033997 156.95995699997366 161.2507370000082 Oyster-Closed 0
366.02902826515856 164.8778727138182 401.47139153199896 219.94256441949503 326.1590490842282 268.4121574115262 290.71775481650184 213.34840843963437 Oyster-Closed 0
131.21829927146246 235.54204416502492 108.19985093811192 231.96409193104185 115.21632966310426 186.82930865241923 138.23439433292515 190.4072305228625 Oyster-Closed 0
261.18363891467015 260.72073091210297 204.57645704296738 279.91226182564816 170.89356570417294 180.56727125565297 227.49866191132242 161.37612102692628 Oyster-Open 0
250.97821783873223 267.74131923724 254.29211989700707 207.88842516535712 304.35074665787397 210.6598775694592 301.0375098380464 270.5121328474551 Oyster-SemiOpen 0
134.8333521324239 242.4264681941636 175.7643171666423 213.0474230781287 222.93264867974358 278.75538047553994 182.00213466170317 308.13388435447445 Oyster-Open 0
286.23585541250213 66.760068321096 243.39331455849606 79.14419281556366 225.4541169999975 17.083890999999564 268.2964269457989 4.699805272397241 Oyster-Closed 0
93.35546264099321 290.4950330295958 74.19538235888831 289.83549812121663 75.5848004657164 249.4830743196628 94.74451084747488 250.1426028261738 Oyster-Closed 0
55.21479443514545 254.18257684244975 83.22050928033423 264.61534469388005 60.449863074423774 325.7319018169674 32.444238856071024 315.29930882501236 Oyster-Closed 0
12.789860722623416 281.5193830996816 24.669447526950535 280.34941106676285 28.33051274569152 317.51725852083223 16.450927681300527 318.68721908442035 Oyster-SemiOpen 0
27.03320984637685 293.9847197763475 40.45549756978653 298.8784187362573 25.111769032380835 340.9554008469995 11.689512335829932 336.06176306213814 Oyster-SemiOpen 0
263.91189603975 368.63606203143183 240.27681045989084 368.2654527500803 241.50002245778887 290.30865909462943 265.13403828651644 290.67925998077993 Oyster-SemiOpen 0
381.74153306388325 321.6496370624741 398.0115016238851 312.1297429695747 418.44744528954106 347.0491251304948 402.1775606055744 356.56890560497334 Oyster-Open 0
294.528516439892 337.72807235979667 332.7158650990277 335.90423663851857 336.512654858132 415.38223012290314 298.32530959047654 417.2060175144212 Oyster-Closed 0
114.70813893518425 366.25597211065656 129.32960996736801 364.1071945864008 134.40358729543368 398.6246735368103 119.78212177594833 400.7734258150143 Oyster-Closed 0
276.7880114424988 406.85309580166506 267.92631679851183 407.0515030018915 267.31332634049977 379.6765037750502 276.1748528054486 379.4780984601665 Oyster-Closed 0
355.3701355545527 415.9999606723951 355.3714292945806 373.36634351939387 416.0003977068809 373.368017613986 415.9999999934262 416.00073721776886 Oyster-Closed 0
213.69171329831443 385.42981746248756 237.7803447028382 390.01832555642955 231.990364460642 420.4058330789521 207.9017467542726 415.8173752264445 Oyster-Closed 0
330.82826000002024 416.0000000000018 330.8289510108043 366.52598258505657 357.4399551043425 366.5265070753126 357.43971899969256 416.0000658197093 Oyster-SemiOpen 0
225.58019199999762 415.9999999999862 225.58028744648982 406.1715043660098 242.24826772685265 406.1716436650998 242.24823162684334 416.00007999148124 Oyster-Closed 0
145.89267233005376 37.304096716602594 167.03045893802846 30.613642988857077 180.03769380274753 71.70846397551874 158.89991304746582 78.39890378781433 Oyster-Open 0
336.3430941090337 28.174250511086967 370.4479679425058 24.314260143987692 380.59320054126147 113.95168900222677 346.48833168129204 117.8116578803618 Oyster-SemiOpen 0
1.2836876672154176 44.11748834226202 13.17977275339581 43.771352425231505 15.398674726420722 120.03040922312408 3.5025897456107487 120.37654329836597 Oyster-Closed 0
135.46560279283585 37.03977908467373 182.14477042045837 82.50340846061448 107.96620042686482 158.66353238896755 61.2874529792025 113.20032847629622 Oyster-Closed 0
152.88786967852502 74.87525855948877 184.65588943081457 60.629462340290985 214.75168766714341 127.74190399038407 182.9837252186262 141.98760667065977 Oyster-SemiOpen 0
160.81314207586183 140.15500418015063 140.3724539816576 137.09307698536313 149.59491892001097 75.52834465638246 170.03536826215714 78.59025361553452 Oyster-Closed 0
193.78973763390968 66.04571336638654 229.84706157176697 62.49408019703923 238.69932719718418 152.36352223041774 202.64200761323445 155.91512388984523 Oyster-Closed 0
239.58624518332363 78.66502538571218 292.0738362710181 68.6176173991943 306.4178667101987 143.54946057403777 253.93029600387672 153.5967947253793 Oyster-Open 0
