262.60563775683477 119.04479728366113 243.56039629881707 117.56145492211878 247.16240893580107 71.31574431929313 266.20750043851876 72.79908074307409 Oyster-Closed 0
276.02191392450914 124.38164204440169 251.61627307413073 98.65520495433931 301.901367112936 50.952578667126865 326.3068781705115 76.67886810550172 Oyster-Closed 0
63.97623677600495 116.86053204039291 93.0782732767002 100.16258112392435 119.97518566904182 147.03865741431963 90.873225438605 163.73650403317575 Oyster-Closed 0
1.41012015295928 121.18521684774359 65.80779689084375 120.43591781845345 66.6844859334924 195.77907534999437 2.286809714467381 196.52836651992996 Oyster-Open 0
210.4747604088443 157.16773914499558 179.11897269372275 178.43571977732518 140.2832222165307 121.1812731330587 171.63861906538295 99.91347815985577 Oyster-Closed 0
285.9140514047649 120.02683898532158 274.20691298342354 150.1993541754098 250.38436369952615 140.956266796089 262.0915364892644 110.78384275533652 Oyster-SemiOpen 0
91.18056152134886 190.6467228485017 74.51367959039635 176.34382036343453 101.14966663778614 145.30714798407695 117.81642635929529 159.60996286558765 Oyster-Closed 0
233.69127209387443 220.7053237736005 167.6922342339676 133.70836942725953 230.7262543241377 85.8909572868086 296.72488642758253 172.8869744646296 Oyster-Open 0
131.99476625210445 198.1073657354864 117.06668908715437 195.85262675416917 123.73025900623543 151.73795945151608 138.65813368783347 153.99268283653024 Oyster-Closed 0
119.82174640115409 198.28986725215236 111.09452203839828 197.3365122887929 116.04259652588371 152.04386594816572 124.76969699998517 152.99721399999774 Oyster-Closed 0
327.50573772929056 124.55764149010287 382.0656742164865 90.92498143736286 424.791057711147 160.23357256781355 370.2313947409166 193.86588908691223 Oyster-Closed 0
51.0168327124411 187.07890404041294 52.0979541014749 219.10692610264894 3.00528034699164 220.76362010014793 1.9244513768062461 188.7358846038949 Oyster-SemiOpen 0
66.62279398483588 221.1131560833201 49.404426269040414 220.1302234907194 51.58198304236066 181.99036620464733 68.80011231809476 182.97329186725744 Oyster-Closed 0
268.05071103572845 141.6392114737692 320.63870913146457 140.126448430135 322.5204761796631 205.53896344908335 269.9324790363753 207.05171138792124 Oyster-SemiOpen 0
103.84538663451895 191.30139120945867 114.04427216943441 191.00801267600664 115.23774587985099 232.4943123825512 105.03886044619139 232.7876886532291 Oyster-SemiOpen 0
239.73151801253698 225.43298789077096 193.1949441084398 259.39854615582834 145.98446001972843 194.71934173125888 192.52005476954582 160.75430463986382 Oyster-Open 0
72.16575627248676 241.32719940672666 56.19428499969217 240.13203992876117 58.10250553980586 214.63516590733698 74.07381267627716 215.83031919448683 Oyster-SemiOpen 0
72.00816213886355 217.6118398166501 93.3469708525663 217.8249366319377 92.8794107906615 264.64027298868257 71.54060213323828 264.42717829204105 Oyster-Closed 0
12.866319843578822 15.496173086490652 43.68731361473692 9.631356019613126 54.508003564962564 66.49651281826745 23.687013710812607 72.36131747538181 Oyster-Open 0
416.0003463234789 249.14509299999997 380.30630930827465 249.14509299999997 380.30669210476844 181.385045 415.9998101922647 181.385045 Oyster-Open 0
5.376939928650245 245.66668025588567 26.110166021506302 243.59915392161355 32.99481060465405 312.6298422887197 12.261589777197514 314.6973336977445 Oyster-SemiOpen 0
64.48988988355995 306.1623036290486 49.10137217496231 285.7675531931757 97.44447502504045 249.29620070756977 112.83286342318388 269.69064285318404 Oyster-SemiOpen 0
255.93468462425517 231.98097612662139 277.9546920363464 232.7550013161342 274.86928316030753 320.51992065474445 252.84927667205193 319.74591196529366 Oyster-SemiOpen 0
416.00045194185805 308.93242 374.24023375512843 308.93242 374.24076373655043 261.89413299999995 415.9999920071241 261.89413299999995 Oyster-SemiOpen 0
124.50200813461197 331.5121248556732 133.42811510546744 345.962415258224 113.7879582608548 358.0916927247702 104.86196688489508 343.6415033769866 Oyster-SemiOpen 0
309.82396581834473 274.8718430683218 351.6510310881713 267.6175541886271 366.8569369616489 355.27834014208884 325.0299198811008 362.5324505198685 Oyster-Closed 0
382.0647382860225 376.13187052722316 353.29122705015834 380.1084523893324 343.3660925194017 308.30379680047815 372.13835368768196 304.3273030721076 Oyster-SemiOpen 0
82.56091200001902 410.5652659999794 80.68717518239282 383.7679637052302 126.23698784584849 380.5837197195 128.11111754133526 407.38059617465393 Oyster-Closed 0
223.89304420718327 66.86219017909798 180.9548538620329 68.43268251905343 178.46051229708246 0.2342570283603361 221.39855640890164 0 Oyster-SemiOpen 0
340.33385575094144 0 340.3339395257208 70.56906210910967 267.5174105466176 70.56898508112106 267.51749764803753 0.000036372168399782187 Oyster-Open 0
224.64085983768382 0 267.08387753568604 0.8463914052290562 262.55572478655813 93.78541274941135 220.11270673617037 91.71752847156701 Oyster-Closed 0
162.68028947100902 24.991603372740347 185.52055994905822 28.89798606211781 175.84061159566772 85.49550703142015 153.00034409201544 81.58913549145421 Oyster-SemiOpen 0
387.0573192041338 88.59983694874416 349.0993066896808 101.24243329392806 319.0572815544947 11.04461916301404 357.0149549179405 0 Oyster-SemiOpen 0
274.83867579932485 76.09176095731856 263.9275215171001 78.89089511186349 260.37874336849563 65.05768262678689 271.2898790000145 62.25855100000022 Oyster-SemiOpen 0
178.77980901874616 47.87947976046655 221.83672261188622 54.191353003036 208.7333143258802 143.5759923353476 165.6764093169295 137.26416671320374 Oyster-SemiOpen 0
