55.76624569717751 167.2894464118616 11.55447152216584 167.96537030744327 10.633660487186717 107.7154372711004 54.84476616109896 107.03951860772636 Oyster-Open 0
405.42503088420926 195.54131012197908 367.91669139243095 193.79437203741162 374.72261026471097 47.684173157886896 412.2295219999978 49.431073999999526 Oyster-SemiOpen 0
287.0292266727047 239.2365209954703 233.73493465018328 217.522672940082 298.944076056363 57.48503769709514 352.2362133927345 79.19838699555986 Oyster-Closed 0
187.0780341823811 218.30459502082232 232.64462238284614 181.23610430664453 292.9693797461732 255.38420503157175 247.40347503849262 292.4519482006412 Oyster-Open 0
144.3940106763148 331.4651593175818 86.62944745587447 293.76580111611304 158.7754707546701 183.23734360232564 216.5374316298803 220.93554667586386 Oyster-Open 0
83.8545509194264 427.12828227135384 0 392.13951383146826 39.04368154360418 198.21870677240884 146.81379389160793 233.2055325556414 Oyster-Closed 0
400.72720403115454 241.22154082015356 431.339579318872 344.79985040734516 374.4916526117413 361.59684417029894 343.88118199998644 258.02015700001465 Oyster-Closed 0
187.5207187957858 288.1162277177895 267.6073321985459 268.2420060381479 296.68495868606624 385.39482006441597 216.59859720368695 405.26833620379944 Oyster-Open 0
112.51320799999667 0 168.3792708984147 0 199.90583530628282 67.77875405207593 144.03982445569636 87.83145239815768 Oyster-Open 0
0 5.0699074313658725 54.48852445580269 0 113.26510851637067 103.70982805729362 51.383879018882 132.29745771643377 Oyster-Closed 0
380.05235055869343 0.03423270492131185 410.879469058571 0 411.52109243418454 72.46572455764166 380.6939739118425 72.73777900960322 Oyster-Open 0
72.71437800002604 0 128.05889936265157 0 147.45526562760278 120.08407551504983 92.1107576090435 128.44171352897283 Oyster-Closed 0
371.1457693015109 101.7633897256334 342.31337451743093 97.2480752131904 358.0201718794997 0 386.8523332505101 1.4696863730230127 Oyster-SemiOpen 0
175.26095541411996 0 236.20062286215034 0.8579273897173458 184.28581767189098 214.03481576082737 123.3462446416197 199.194764341418 Oyster-Closed 0
266.1812167524513 138.764551101918 204.92907847698007 113.50386635116148 237.02980147994094 35.66816158905534 298.28127236803266 60.92869349151607 Oyster-SemiOpen 0
