255.14066599998478 0 255.1406668363743 11.51447923148202 228.08130520617487 11.514478478785035 228.08130600000004 2.1814530029154098e-11 Oyster-Open 0
289.82051206850883 145.98648862083087 253.87002000308348 150.28657162197888 243.93887889813413 67.25770826621284 279.8888041883765 62.957659856203 Oyster-SemiOpen 0
288.18147346275146 114.81854502759285 308.0478161484825 115.91469118142477 306.0999055435459 151.2172156485634 286.2335632561226 150.12107402364012 Oyster-SemiOpen 0
0 74.31294052362641 91.13523780228934 60.51534187422581 121.30643667390177 267.4015877141054 26.69177015986861 281.19875447814746 Oyster-SemiOpen 0
142.27305283817986 0 142.27306079894333 35.619707421847316 105.15856017187252 35.61969539301847 105.15857300001153 7.977427495113275e-12 Oyster-Open 0
416.00017767925965 180.76623200000006 400.3227552134085 180.76623200000006 400.3228965777562 104.740669 416 104.740669 Oyster-Open 0
183.8589009472671 123.83694435370731 240.01131986311157 121.78302297918053 242.98590902250726 203.1024137032749 186.83349191872185 205.15631134937152 Oyster-Closed 0
112.82444930476777 36.23049899796505 100.13355052948828 40.13988909419982 87.87709379398802 0.3522504968095665 100.56797397555056 0 Oyster-SemiOpen 0
317.06085000001985 0 317.0608546682888 25.823964566738898 280.2032261198874 25.82395855332278 280.20323200001076 0 Oyster-Closed 0
322.3715637673886 232.27160408024665 272.9033027794321 214.70314638410125 309.32779942041816 112.14953516653787 358.7945769632388 129.71770430189764 Oyster-SemiOpen 0
207.01825280399134 316.5213845090838 149.2095752432033 309.9499160664484 164.2243739543337 177.89647310526405 222.0298166989487 184.46775873860472 Oyster-Closed 0
212.3416669645303 209.52142997404934 256.40880054546506 207.1334353716789 260.77514229571534 287.7000628346874 216.7080122258667 290.0880149196063 Oyster-SemiOpen 0
276.600076652765 207.9909948210996 304.91435949099105 204.15974577047916 319.6993303382005 313.41419985809966 291.38506638894614 317.2453525043234 Oyster-SemiOpen 0
345.1990414959946 0 345.1990523107452 33.363547781511535 302.56514320772476 33.363537663378715 302.56515494635823 0.000007964879366035757 Oyster-Closed 0
370.72819262754274 299.60752245389 342.82923055319407 303.8072052736054 335.2825285396102 253.6782034398267 363.1808195004487 249.4785716839018 Oyster-SemiOpen 0
84.84528875504111 281.53647282529914 137.3575184088877 250.63409124383466 178.350945410828 320.28397853484773 125.83920672051318 351.1856970498593 Oyster-Open 0
59.24793794271318 266.6716846687989 97.8682264686031 277.78584668158516 70.60177474185912 372.51698112877597 31.981616585471784 361.4031273953776 Oyster-Open 0
254.99951656177655 243.8629453610916 304.34738176896644 222.20933457369296 362.4285151274962 354.5560739538633 313.08116150943533 376.2088519037728 Oyster-Closed 0
87.3258147814704 302.61282982286576 107.20921642046233 301.04175248141917 110.81749311380918 346.69955522050685 90.93409378951401 348.27061195409453 Oyster-Open 0
247.97162560652941 2.527021537522563 272.51174476757296 0 290.6353834132642 56.64296164953278 266.0952698814981 63.890802393907435 Oyster-Open 0
148.96035443753863 84.95556889444566 124.30956749226607 66.63866421716578 159.61281025544668 19.12811209629283 184.26350964471203 37.44496831298388 Oyster-SemiOpen 0
187.3130851392707 0.3231762198423527 224.7065112622622 4.688111228494276 212.6872002111013 107.65445743550792 175.29377675490832 103.28954283095925 Oyster-SemiOpen 0
281.9228608822232 50.07426296790039 303.0292441833044 43.738862936156046 327.49248410373184 125.23725031334598 306.3861179672931 131.57260886494817 Oyster-Closed 0
