265.78786369890804 156.50496654175066 247.75506472263805 150.28801182922842 262.9286255344414 106.27762096546297 280.9612440385208 112.49454141298146 Oyster-Closed 0
277.2407981879878 165.68172129042986 260.257035887058 133.76031272772747 320.3354410969405 101.79668375466372 337.31922400757685 133.71782462015744 Oyster-Closed 0
76.86436961493018 97.66948614219456 108.76154154040341 89.42666685579727 122.50776978120848 142.61917938622693 90.61061557499124 150.86195106623597 Oyster-Closed 0
17.503398123135412 83.2757266553931 81.51530116536014 108.40793938616294 54.55443567961265 177.07537320838165 0 151.94336686502805 Oyster-Open 0
206.30261066166713 178.6450341447697 171.0713748743874 190.52289457870552 148.52668689260827 123.65480601996101 183.757307927066 111.77705937251709 Oyster-Closed 0
287.94698839007833 164.5011183983128 268.27489923192115 189.81800221979736 247.88346526886016 173.97388969798715 267.55550623050294 148.65710626022772 Oyster-SemiOpen 0
111.81474815722322 144.1687726860888 115.0140960249555 168.39797857382266 78.75751301381024 173.18510360151302 75.55830169677574 148.95602058978238 Oyster-Closed 0
173.19679480401464 140.10584163166243 244.94573431228127 115.21408075443216 282.194012850483 222.57501170711996 210.44530141946598 247.46632085444716 Oyster-Open 0
121.28478797137359 195.62882314934637 107.3853127015027 189.6847860340205 124.94410816896925 148.62794839071674 138.8434178061907 154.5719449608223 Oyster-Closed 0
109.45672989554441 192.7034362828752 101.25206816884747 189.58706560036867 117.44178416723298 146.96583593972505 125.6463432308883 150.08218476161736 Oyster-Closed 0
326.3897071925094 181.18430107744135 386.7971762215784 163.60317420468337 409.8656423788452 242.85941028743116 349.4582911989746 260.44026786925286 Oyster-Closed 0
46.780719362293894 162.06556076257422 38.777288248478726 193.10856247956303 0 181.04806147727956 0 150.0052949999801 Oyster-SemiOpen 0
53.01438492179659 199.34234939553826 36.63496926538937 194.07060232812046 48.37344060651594 157.60146390206927 64.75266825882863 162.87317780636593 Oyster-Closed 0
264.85331065740684 181.7222667432042 315.83875444984733 193.46267892088912 301.0966991924033 257.4782134397762 250.11130320133816 245.73794962292868 Oyster-SemiOpen 0
412.6329622121011 76.35132875523207 408.1406676075421 76.11589882265413 410.08031483836385 39.10552057895056 414.5725909999783 39.34094999999989 Oyster-SemiOpen 0
95.7113982489318 181.73106144592444 105.6471305687337 183.8555906602286 96.96504439388445 224.4560658397914 87.02931698676548 222.33155232984512 Oyster-SemiOpen 0
216.9259866335342 253.49674506340065 163.98903879871796 273.3232915010344 135.3540861662259 196.8730705902178 188.28945016249054 177.04685676670607 Oyster-Open 0
53.21917959543134 220.5015405617675 38.08632357669194 215.3356574279484 46.283254207941354 191.32575637491243 61.415981594796904 196.49161550074882 Oyster-SemiOpen 0
58.81480587416809 198.25592500984527 79.32768273387774 203.81545116807794 67.06066652675509 249.07295116719888 46.547810295764066 243.51347648366448 Oyster-Closed 0
82.81161253509345 2.4095590388890558 81.57928456099035 44.76243158694829 50.31378693936858 43.852687552802244 51.54614057031722 1.4998407418022186 Oyster-Open 0
341.366483185222 265.4407373281053 384.7389746745321 256.009342795765 398.07129656695906 317.3125891966343 354.69885170212 326.7438318011382 Oyster-Open 0
29.32178132836634 281.7537585114078 19.854302167947026 257.4752125323504 75.20656963520378 235.8929227678168 84.67417771978216 260.17113365604064 Oyster-SemiOpen 0
230.6631318992222 264.9157746136689 251.71330542389478 271.18823067100465 226.5180400458412 355.72911241634034 205.46793130477454 349.4568073875091 Oyster-SemiOpen 0
371.51308545435677 386.01318702056153 326.0380434724975 379.5519419433918 332.6843532984385 332.7907824686935 378.15806192766104 339.25193156438326 Oyster-SemiOpen 0
80.18704850606446 323.6456063210385 84.89059487903796 340.3095075650225 63.13854394088048 346.44787460651395 58.435127129490866 329.7840841435462 Oyster-SemiOpen 0
271.22719946347206 322.5943143666919 313.08195064476604 326.19059813430636 305.379052207496 415.81920377983846 263.52431346832964 412.22302465362435 Oyster-Closed 0
317.2685591475347 416.16877687097127 291.768165999998 416.00000000000017 292.09651361810756 366.4804888712548 317.59604234906146 366.6492628934834 Oyster-SemiOpen 0
16.393180796181696 400.2917144249003 21.49096937853392 362.53183315210157 68.56836370633755 368.8858834493929 63.471249044378055 406.6451552169867 Oyster-Closed 0
207.07035700314373 19.41225147589628 245.86838860773423 12.842356388316395 258.99297549532275 90.34837959878215 220.19495162524254 96.91825102434159 Oyster-SemiOpen 0
357.46530956496645 25.067862129636023 355.2498940956684 41.48518559998328 323.9810588455257 37.2656397020932 326.1964860000153 20.848330999993898 Oyster-Closed 0
363.0325074218017 119.73923830584565 288.20559548788515 121.07601376268754 286.69476750796093 36.47880431161689 361.5207645989758 35.142037290270025 Oyster-Open 0
263.80546755639807 16.55899265019163 304.255997888009 29.20927018610536 272.3063156060598 131.37066886346784 231.85581837622522 118.72047936237772 Oyster-Closed 0
194.03564526848277 36.91615490153804 215.20263436822643 46.46167693103557 191.64376893304507 98.70253231156322 170.47679998269814 89.15704353073244 Oyster-SemiOpen 0
392.1516639985457 162.66702930040864 352.7989049973985 165.0376252570226 346.9160742813292 67.37613078301067 386.26797199404245 65.00556251257123 Oyster-SemiOpen 0
288.2843978873243 118.23912835091267 277.16429790910115 118.14735463958165 277.282438337701 103.83471841847529 288.40250700000615 103.92649199999987 Oyster-SemiOpen 0
200.5362797962298 63.07004775436683 241.40918356611292 76.71515172131402 212.3607359092166 163.72579524342027 171.48788691520895 150.0808149443975 Oyster-SemiOpen 0
