152.75563169816814 176.09740758156784 116.82421303708543 176.25468558837414 116.35314182097136 68.53712762855201 152.28372582060183 68.37985145043038 Oyster-Closed 0
367.18870754521777 151.07296818064052 343.5485635863115 129.88613225293352 381.99371021662955 86.9905237536379 405.63369087394676 108.17723173635073 Oyster-Open 0
349.35856589875766 185.41944132901457 314.94915211011903 183.6616493251632 320.5346180286906 74.33669334093828 354.94319139833897 76.09446415714083 Oyster-Open 0
98.88857713871039 183.73369627491903 68.19772966026358 189.72375693559223 56.00501174638339 127.25428037953183 86.69534161194679 121.2642715213639 Oyster-SemiOpen 0
152.84848833346769 141.0930701315202 193.66799988117782 152.29392328943882 176.9880604928403 213.07775474159644 136.16859158217267 201.87701130902863 Oyster-SemiOpen 0
169.5602354976363 142.20045286363634 198.1310829742979 139.59756143438332 205.58770850329893 221.441564284676 177.01686594229977 224.0444215090105 Oyster-SemiOpen 0
256.5885758156437 152.5654339292957 279.9682276301355 145.86128761633788 298.8740816373829 211.78903450450312 275.49446071278726 218.49310747186618 Oyster-Closed 0
119.70526625185812 206.91325263750542 89.10719955421155 202.9635198629311 94.26526558251135 163.00889586586885 124.8629302626905 166.9586021207801 Oyster-Closed 0
284.46659985891165 167.4578370578385 309.82307383037187 165.03454663203763 314.95081660121286 218.6862268378209 289.5943457583744 221.10949515767396 Oyster-Closed 0
248.55837503013026 44.75700402060002 244.9565110301337 4.1413095049907485 286.54647975105763 0.45305193760989015 290.14837380427707 41.068708748049566 Oyster-SemiOpen 0
248.88795050527187 185.0225857370707 285.80684190669854 176.29652392146883 301.3801077280041 242.18023202344162 264.4612548426812 250.90618181724815 Oyster-Closed 0
310.1314460713729 205.28558992641118 333.88656237495525 224.85754439075566 315.98367248210707 246.58479480102943 292.2286545929346 227.0129492556872 Oyster-Open 0
371.94094961756855 292.9480659787772 342.24780586027555 282.4472206084073 368.12843354408324 209.27525136710167 397.82063540173476 219.77591265399082 Oyster-SemiOpen 0
192.7928923774707 5.126149061048852 210.98520848557746 6.32323599971216 207.7241291089813 55.882296093784035 189.53181310979198 54.68521082037289 Oyster-Closed 0
158.91291296858253 239.44663180027533 184.89197280233202 231.26754456204472 208.55048808735592 306.40446257375237 182.57149809702605 314.5833947041465 Oyster-SemiOpen 0
307.341204110533 259.89038308547345 324.6016765719505 247.72948634003518 352.1050013261993 286.7612633610966 334.8446469965602 298.92202013012667 Oyster-SemiOpen 0
123.07861515148397 253.4691972120216 168.6866430747359 255.4766147845098 166.0754672416806 314.7938504010682 120.46744165530617 312.7864626134865 Oyster-SemiOpen 0
0.605836000002455 244.53056399999966 42.92425574486697 243.79216051877333 44.54305190235391 336.5538205535574 2.224632073117391 337.29220660483645 Oyster-Open 0
347.3147083470467 262.35398121938954 360.711843582696 265.0634347921803 347.04254801760544 332.6424680684222 333.64542732595874 329.9330632995436 Oyster-SemiOpen 0
213.25709154446304 280.5686593728935 245.74730737858772 275.6150039775247 257.06000558137384 349.8009459170403 224.56981326887762 354.75449788768077 Oyster-SemiOpen 0
171.35174943342645 73.18405803450713 170.94112973183292 2.6041994129535166 216.0507304856983 2.341790699122964 216.46145943589 72.92153243571713 Oyster-Closed 0
239.6535079840287 20.77096494324166 253.41945573248813 26.249945728312454 242.54405451304774 53.57434385560946 228.77810951793435 48.09536830945879 Oyster-SemiOpen 0
155.78523244514508 341.9403535020919 161.75517716944887 347.28231615935556 145.83792738770717 365.06679490015193 139.8680204410157 359.7248719386231 Oyster-SemiOpen 0
274.3863945722478 389.41126323486804 250.70227632820388 389.2698636165056 251.02629645938214 335.0853668962616 274.7095926982947 335.22676405342594 Oyster-Closed 0
219.34687246611793 18.47097721545813 238.766448938728 24.1263454821052 224.64859942481417 72.60448074239612 205.22902794306356 66.94912430338498 Oyster-SemiOpen 0
120.38801893406708 34.28110775555177 130.84205341891357 31.155068798253005 141.1545871286071 65.64190154313665 130.70055473863613 68.76793552528082 Oyster-SemiOpen 0
325.20481215850305 90.58081203003921 288.12912305100326 88.72741457805012 291.453821809675 22.222894668583997 328.5292443872895 24.076285080304114 Oyster-Closed 0
298.80239936009457 3.4768768148551334 298.6126686963071 19.782577860535902 274.53148341634005 19.50236802960808 274.7212180000206 3.1966710000086778 Oyster-Open 0
205.53767132035864 124.13183577667836 187.427523156799 118.43346387431707 204.85665811784202 63.042736600651146 222.9666524038439 68.74108305722675 Oyster-Open 0
