401.73277960158885 149.6410787707684 381.71453772880704 143.7812338704759 398.4578914298945 86.58502820713534 418.47590082309034 92.44483690593488 Oyster-Closed 0
331.8543219741332 83.75677588927911 360.9390766884353 72.05269617654163 393.0050848301944 151.735500210988 363.9203915155849 163.43947623406973 Oyster-SemiOpen 0
336.354431154894 157.17695347940008 358.1796445601067 157.50924701878415 357.2221627278086 220.3934859019247 335.3969494169942 220.06119584433782 Oyster-SemiOpen 0
198.25929106353215 214.94532592235268 144.81047749492427 243.15491309375477 92.52032636467266 144.08519584115965 145.96752166461374 115.87613821044526 Oyster-Open 0
195.49172623927734 119.63195246980078 253.69828563246847 128.3027443676317 229.1148409596135 293.3194403956184 170.90833740844027 284.64890783665123 Oyster-Open 0
384.5879433989285 300.62416982113126 342.4687460101122 291.1124079413398 359.65042943928347 215.04295808574562 401.76823469385636 224.55455955123114 Oyster-SemiOpen 0
156.26422742471914 297.7488254006506 116.32184262577357 302.16726654037745 111.13939092401415 255.32028512895621 151.08085710880914 250.90189563045072 Oyster-SemiOpen 0
66.38909541569228 231.62127336993424 106.24381864325551 251.71570958103703 71.37440781553232 320.8653879897722 31.51993802018842 300.77133084060455 Oyster-Closed 0
367.37641834335955 360.5318287248293 345.37897211064046 361.07528159196755 343.23606174203815 274.33004928660597 365.23244684886595 273.7866094923784 Oyster-SemiOpen 0
255.11560728834957 357.1737248966291 228.1332050712772 313.2831022973893 256.1856195972068 296.04081178380926 283.1679903525546 339.9310243641674 Oyster-Open 0
168.1284945303596 399.36850317630564 95.93826253550651 400.13912046444216 94.66259142913259 280.3389532663828 166.84762161749677 279.5683638408245 Oyster-Closed 0
341.6110944419124 398.22327494053894 337.9679523230625 335.6734324561594 374.10657669587454 333.56921006313235 377.75040154470844 396.11832394167624 Oyster-Closed 0
159.899416999986 3.927985031607443e-12 205.1012512862908 0 228.7463809550718 68.88345183249027 183.54455660271924 81.92888877005782 Oyster-Open 0
295.81971387511294 108.22773345169573 274.22441681702185 106.69896444506918 280.1034039137885 23.655092271305094 301.69849335772597 25.18385390934388 Oyster-Open 0
95.01495539223106 15.847607821856007 121.46759714135624 15.163579482000605 124.37942647455202 127.76853739396903 97.92678495201108 128.4525606274589 Oyster-SemiOpen 0
23.40022898310417 15.064930298511516 76.77877166000326 16.93557135867144 72.63215654381202 135.25775691545957 19.253614081484557 133.38713166117975 Oyster-SemiOpen 0
