274.44591833296363 124.87141687374324 255.40714511335682 122.49030801693877 261.16271513588435 76.47185110792476 280.2013312233212 78.85294991105653 Oyster-Closed 0
287.5340115876061 131.68621221660518 264.4584157796853 103.60628802630463 316.83072093404917 60.568479134744834 339.90621657480733 88.64823155635436 Oyster-Closed 0
76.58864880080364 104.76377287671203 106.04738723621631 90.0712968792001 130.56564696609712 139.22985939610328 101.10696533702139 153.9222491908161 Oyster-Closed 0
83.41122385600829 149.2229852384085 40.65243788898806 198.65856384302032 0 147.68768019182204 24.479312299117737 98.25257455053824 Oyster-Open 0
220.44045969746003 158.01861064631652 188.50150034810213 176.9313517276994 152.40551621479608 115.97601957646421 184.34404373276993 97.06344471608203 Oyster-Closed 0
297.8888709447201 128.36418535032342 283.81902736166376 156.98009323987762 260.47627721585377 145.5032751936857 274.5461357825079 116.88745996770484 Oyster-SemiOpen 0
120.54935573787589 143.12442578327403 128.44433647071855 166.2796314416581 94.00135847256024 178.02258698824804 86.10651746798612 154.86749970916352 Oyster-Closed 0
180.4048751217997 127.73914109406805 245.29878240364997 88.54415605126448 303.943693485151 185.63760868612053 239.0502622348322 224.83197774463284 Oyster-Open 0
140.55547852617383 191.50312085354008 125.63631659571547 188.52086770493977 134.35186668655297 144.9228450836623 149.27083686318656 147.9050784202342 Oyster-Closed 0
128.30584478039964 191.03878097358339 119.58220173076916 189.66907478660434 126.62372306525504 144.82443728675062 135.34724899996945 146.1941339999974 Oyster-Closed 0
339.47852675806644 137.72213467352975 394.8408452984404 107.98813748047264 433.7257523220869 180.3862113312435 378.3636807867624 210.1198669646542 Oyster-Closed 0
60.48255478363353 173.46282993484516 57.686424669296684 206.15557517035725 6.247084178725345 201.7560359187429 9.043465986291267 169.06357154176675 Oyster-SemiOpen 0
74.21199208083635 208.5693064976157 56.999110215936525 206.7795556177374 60.946165314493555 168.82255144657327 78.15882513512042 170.61229049477313 Oyster-Closed 0
278.765072380942 150.14697176505393 331.3361162549445 151.08259567655213 330.1714940914171 216.5171126613243 277.60045029700996 215.58149859789864 Oyster-SemiOpen 0
406.8272410000027 0 406.8272419343848 17.84689937195723 395.95388743505464 17.846898672261222 395.9538880510081 2.3192993063080104e-8 Oyster-SemiOpen 0
122.80051916956654 183.13984424491315 122.3875793224579 224.5215225823366 112.18459664791226 224.41966531848806 112.59761117455491 183.03806176216978 Oyster-SemiOpen 0
246.42091119010365 229.04551883605643 198.85421637622858 259.37563664029847 154.86237157666255 190.38788312910617 202.42795628300883 160.0582405528703 Oyster-Open 0
78.82126690160294 229.19441656563586 62.8551559402149 227.24715070502327 65.90824210871506 202.21692528928418 81.87420097816721 204.1641817338106 Oyster-SemiOpen 0
79.67412140343367 206.55091508863094 101.0062397505535 207.7567143260887 98.37101030600024 254.37309699019553 77.03889306356723 253.16730918607178 Oyster-Closed 0
30.425035596101225 0.2971165059596297 61.25332772139154 0 69.20261709121041 52.47352753672583 38.374326511526306 56.80993278631242 Oyster-Open 0
416.0003359581133 267.800799 387.07839756089743 267.80079900000004 387.0787876675822 200.30421000000004 415.9999240164361 200.30421000000004 Oyster-Open 0
11.973297100670607 228.4638798065031 32.70120520257842 227.37771554409696 36.3197227804194 296.4242712241465 15.591816040760023 297.51041830347475 Oyster-SemiOpen 0
67.97239424993313 293.91552575098984 53.85666126691649 271.8884240535726 103.75907825922695 239.913313215953 117.87476239813623 261.9401017375015 Oyster-SemiOpen 0
262.47611103121017 237.8607583281248 284.4892950473695 239.66193420944998 277.3199528219593 327.27102025995276 255.3067737476158 325.46988370112655 Oyster-SemiOpen 0
416.0004398426099 328.97730100000007 378.06535197417907 328.977301 378.0658651117992 281.856573 415.9999991755758 281.856573 Oyster-SemiOpen 0
126.82048432109877 324.78198711879145 134.72634710451894 340.24135094835526 114.69164174922116 350.4848378120938 106.78589960556565 335.0255771495112 Oyster-SemiOpen 0
314.3968098336554 286.46650308913644 356.2278588097761 281.2645648624508 367.3129457189134 370.3889904941307 325.48192342794573 375.59079412796393 Oyster-Closed 0
352.6736821791892 394.7968066068066 348.02231340324215 322.2156619944044 376.81589647498186 320.3710589798956 381.4678796352855 392.9515378218591 Oyster-SemiOpen 0
79.97419451815585 412.27212850872377 77.54311203835096 374.3318028371549 125.12858190131738 371.2834489673362 127.5602451491468 409.22314840059704 Oyster-Closed 0
238.67841102256716 0 238.67845653989207 69.03340018723827 195.8385620013687 69.03335824754805 195.83860115021525 0.000005567860720482702 Oyster-SemiOpen 0
355.8776237368911 0 355.8777280469367 79.53870083562843 282.97905457331217 79.53860115186865 282.9791655033914 0.00006173353389316075 Oyster-Open 0
242.46763689488944 0 284.8973193983802 1.9026491444913518 275.63263162415024 98.8921064833307 233.20294979653409 94.83914247667823 Oyster-Closed 0
178.9994368821317 22.19469528913243 201.82292731111374 27.22782225138454 189.54075238250152 82.92299180970103 166.71726649343327 77.88987844268594 Oyster-SemiOpen 0
399.9174427940452 105.9988819786379 361.86057588044787 116.53631955796637 335.7565488673863 22.259542427428386 373.812940374959 11.722180967203036 Oyster-SemiOpen 0
288.5758116231045 83.00757776314109 277.6531792383648 85.23921317539161 274.8038212731808 71.29326722360213 285.72643299997435 69.06163400000445 Oyster-SemiOpen 0
190.84127392958908 46.485400574557964 233.89892995200717 51.43850596648586 223.4503734579812 142.26725726354152 180.39272232379517 137.31418926226078 Oyster-SemiOpen 0
