340.70383324949944 103.69452563295746 363.17312442697585 110.82135785533994 339.57465675520143 185.21945834968554 317.1053962836013 178.09269628657069 Oyster-SemiOpen 0
33.683066564408364 207.73881188764977 6.606290611031 180.1358717813485 64.72347372952572 123.12942594862767 91.79996964980819 150.7320648090012 Oyster-Open 0
33.343457720035076 51.01902219258821 53.148607641378476 16.188678094834287 71.841023651039 26.81750569251569 52.035904154316086 61.64782335411416 Oyster-SemiOpen 0
222.32019522054907 141.47452716782698 269.2956429263577 117.30974069564057 316.5138336469863 209.09618399532562 269.5386599913327 233.26058495895649 Oyster-Closed 0
191.24168397809262 224.95161743382425 149.3562210835844 239.3801452147467 123.57895546061263 164.5536168372203 165.4633272621286 150.12529888250768 Oyster-Open 0
234.05009465384865 226.84090665228584 204.73361200101135 235.96112045542955 184.37862418927398 170.5348186406154 213.69443472611601 161.4147187075795 Oyster-SemiOpen 0
377.07222140403974 205.98366084221155 397.8146808473757 206.94548678701508 396.42057348012895 237.00788683073677 375.67811444763356 236.04606652593955 Oyster-Closed 0
303.68482577021496 183.7063852701771 341.53573090959617 193.59508222912888 317.71325709683515 284.7719504387451 279.8624261595578 274.8834450741606 Oyster-Open 0
78.91782459300885 250.76798494739768 43.09658263453093 289.4223801932325 0 247.0076448709177 33.14345966475594 208.35378466224614 Oyster-SemiOpen 0
190.1825498263097 280.292976884577 167.73638950656095 275.693173565086 179.90741767400687 216.30938693333647 202.35300035780529 220.9091290722457 Oyster-Closed 0
414.717639632534 254.38500718061422 403.16770234635624 254.31781838519507 403.35104419227355 222.81976711003955 414.9008301636932 222.8869554681968 Oyster-Closed 0
104.96859825302818 301.3741547881369 65.83010327920056 301.66010861188266 65.319721616288 231.72640212004904 104.45693510847923 231.44045297122284 Oyster-SemiOpen 0
122.10935711155616 257.25874064491086 152.10454699972252 274.1208384746395 125.18113548028487 322.00646919607874 95.18611402011084 305.1446071084042 Oyster-Closed 0
334.9117181193469 231.55570932085197 377.41233214128806 264.03216410742414 325.5725412987849 331.86273615715896 283.0725287242858 299.3869705153396 Oyster-SemiOpen 0
281.26723599998877 273.7119410000049 290.74277087004884 270.6952532675123 297.9872252173627 293.4472329735472 288.511698433158 296.4639027572414 Oyster-SemiOpen 0
3.7449796077853534 264.1486945128141 20.157767389729997 262.2483023075122 28.168355035006243 331.421782778493 11.75557352411488 333.32214028684933 Oyster-SemiOpen 0
288.5955194859089 299.42918499816057 303.53290079337603 299.21332359583556 303.911816888296 325.42949316256517 288.97443561492764 325.6453530052524 Oyster-SemiOpen 0
27.60342680303802 293.5645560439905 55.75221749003322 285.7746116180907 75.0555476138943 355.5146446376847 46.90682163247038 363.3044279694185 Oyster-Closed 0
88.14360210049927 326.9534714793688 132.6563178649012 305.264524808258 167.71239758887532 377.1964358489417 123.20002845692215 398.88484519177865 Oyster-Closed 0
368.20223876406817 30.055591347913072 361.1195432965287 116.82658733298588 263.8246655611656 108.8844473195891 270.9078193204077 22.11401215267286 Oyster-Open 0
207.7085890418748 105.24370167995428 170.91332045302988 97.00630170841941 189.64059358483428 13.355683073493122 226.43555012263823 21.593047273388784 Oyster-Open 0
34.52691529443837 82.74881386486136 10.090467699403234 90.4083015858156 0 52.51931524738944 22.650638715986133 44.85984609998251 Oyster-Open 0
214.13221337911455 45.132341213914835 290.8508132483912 26.557827380388066 315.10278572868265 126.72528738837133 238.38423793684342 145.29965505811316 Oyster-Closed 0
361.2556819523779 81.73635233029039 398.4055320130901 91.0887737885258 382.56295966163816 154.01746164459414 345.41313233922847 144.6651032754981 Oyster-Open 0
