145.71536661056962 94.06530469685337 178.0045311026479 86.67152297873862 190.45670025231448 141.04988484954177 158.16754979592588 148.4436240269237 Oyster-SemiOpen 0
76.05872970729251 171.20105763062443 35.694568806226016 127.32392838008766 95.69825612107161 72.12612961585874 136.06213173811557 116.00288904729186 Oyster-Closed 0
323.9766344033851 101.29280533422212 359.0820999425341 101.32691085194806 359.00539825391024 180.27499153772212 323.8999327067686 180.24088635549165 Oyster-SemiOpen 0
137.30041103050462 108.70101320346393 178.3478681949382 143.948823805706 101.77869854524397 233.11156736846087 60.7318133571207 197.8643715548897 Oyster-Closed 0
223.80564705733195 219.0636670020904 180.46913804613723 210.3808912557214 194.71824268676573 139.2690622430552 238.05382842202016 147.95174513995997 Oyster-Closed 0
302.5138164179443 1.616551959354839 301.78278481698726 43.53678190179992 244.23322926419496 42.53314441646789 244.96430600001258 0.6129689999874767 Oyster-Open 0
262.7519381118291 152.5114195671738 290.604359423749 199.85258372118244 249.42862397498538 224.0757426751589 221.5766353222316 176.7349547993262 Oyster-Open 0
9.697796970158379 185.04453510775068 65.31314062419915 182.13011828345125 68.7129667771951 247.00358805224417 13.097625768386933 249.91796906018507 Oyster-SemiOpen 0
358.7667057763829 189.51409626356326 381.0901799678759 176.3010208420882 431.578381947882 261.59382012009905 409.2551030732284 274.80663427039974 Oyster-SemiOpen 0
117.15409393689697 6.443792947860396 146.06969977297922 0 199.06815195279341 36.96977007321871 170.15257964956982 63.72389275323484 Oyster-Open 0
154.46546923257483 241.3366587801058 204.63114111389223 211.64519762877686 249.67981018572755 287.7496048746254 199.51458729159276 317.44045794747376 Oyster-Open 0
233.06770258459073 258.42043877492785 280.55181209526563 256.76096192618786 282.51104233052683 312.8145939896919 235.02693408112827 314.4740475217774 Oyster-SemiOpen 0
209.9664575560637 324.8837001938783 164.58649858130593 354.52012602959115 123.79660622039228 292.07150142720303 169.1751669999794 262.43569800000813 Oyster-Open 0
386.24327136149805 322.7394795646492 407.52446003029036 329.9739681156386 383.2755465530754 401.2894281774033 361.994441424722 394.05511259857747 Oyster-SemiOpen 0
242.36296837191912 396.63365130040165 219.5106638682846 394.9287153554458 225.13453517648668 319.5737889165348 247.9857571830471 321.2786843486261 Oyster-SemiOpen 0
3.5989689999999994 0 79.544966 0 79.544966 85.543919 3.5989689999999994 85.543919 Oyster-Closed 0
193.5037862321733 4.463558362999054 235.9711336269247 8.965430490904112 223.4181100371934 127.38066048063224 180.95076573776896 122.87881961581753 Oyster-SemiOpen 0
