353.3160064203694 97.43154533014905 407.4718912655917 96.2557124787634 409.6769844347218 197.81339584197895 355.5211001683747 198.9892131387094 Oyster-SemiOpen 0
325.2961373292201 251.05016046087113 274.94957863445234 247.82837526933386 280.1848805831796 166.03581912514585 330.5299296403173 169.2575558708661 Oyster-Closed 0
339.09810512621334 178.38400547287105 366.109517874178 173.73470289028634 384.51135161392085 280.63640737097944 357.4999649739366 285.28560787096586 Oyster-SemiOpen 0
255.033086836007 265.5144898049068 216.4483345253102 302.73759422427975 151.14600637245167 235.0530876987985 189.72994352506066 197.8307362948166 Oyster-Open 0
101.61766968336087 341.67542003541905 63.1825090132952 319.9010113829249 130.56877129684653 200.9729051591479 169.00198000625824 222.74662150983957 Oyster-Open 0
331.07647594121227 274.7107527443415 371.04398818059417 260.9185220954916 402.4902213632413 352.029877188803 362.52288895309175 365.8217399172938 Oyster-Closed 0
136.86266299134877 286.4471491851361 178.4294278415 313.25435459188367 122.37958311801776 400.14566083092024 80.81348662292294 373.33930206705327 Oyster-Closed 0
0 272.872311 89.917822 272.872311 89.917822 408.807776 0 408.807776 Oyster-Closed 0
119.63438699997278 0 119.63448296007482 96.66020565568485 77.66089989800457 96.66012320128738 77.66097317466483 0.0000017545169296955091 Oyster-Closed 0
352.9104510745674 7.1042117226161245 385.06056459984757 3.1992113281127903 393.6302452772434 73.75378963069643 361.4801338402649 77.65878018392542 Oyster-Open 0
11.053086999996594 7.225425097614744e-12 59.163231462338445 0 112.98578038002961 128.78154549894106 64.87571553899033 146.46111658402225 Oyster-Open 0
329.8747995705198 1.4115251232506176 362.9861061974261 3.8275842853550737 355.2956531760683 109.22228160684939 322.18434757302384 106.8062348422673 Oyster-SemiOpen 0
7.122914635492634 0 58.548302882289136 2.014325188142384 52.99836838186093 138.5248503371271 1.5729792160527722 136.4341453961995 Oyster-Closed 0
118.60488219306353 0 191.4512427111913 1.5076467907711342 163.13933926086975 210.53623566358755 90.29300921588583 200.66989667346752 Oyster-Open 0
358.02623959029006 117.14397444430561 345.9362343101784 91.77079825341502 395.7290868171476 68.0454254407714 407.8191188709461 93.41849137418586 Oyster-Closed 0
