241.11499749622817 105.26930778995086 264.72269234594205 90.88655498392298 285.1539424338298 124.42149684665583 261.54628978761684 138.80419277636497 Oyster-Open 0
318.3035704296126 130.0833315045829 305.53831277782956 112.73555195885841 320.4311608934222 101.77701988701827 333.19640607408655 119.12476614122318 Oyster-Closed 0
0 62.809697 38.975591 62.809697 38.975591 275.911877 0 275.911877 Oyster-Open 0
405.09284403617494 164.2882296268703 379.62509275991033 166.23322590140043 372.69385557610804 75.47519305110009 398.16113763246176 73.5302143174143 Oyster-Open 0
208.61591757700444 182.1801950820022 197.35241258451788 180.4116691652106 202.140371166759 149.91970808410844 213.40377570652345 151.6882259316229 Oyster-SemiOpen 0
297.8774815959732 214.11055990526577 247.7244418917362 206.90501329641762 262.49160353473417 104.1312996294781 312.64322037941383 111.33674299376483 Oyster-SemiOpen 0
360.15574474640016 152.56150782525214 388.8574610657961 157.35935998664658 380.9860224904878 204.4453353986287 352.28431506850757 199.6475194744427 Oyster-Closed 0
211.33528300000398 7.93349608357556e-13 234.8667168026841 0 249.3049449755672 33.58182239410665 225.77351412439384 41.724553658964005 Oyster-Open 0
121.08304713813777 169.01736340154 173.93370297566798 169.46837353828178 172.61397575887167 324.1034116170293 119.7633201200697 323.65241655654086 Oyster-Closed 0
161.78148206443439 208.06061085035844 203.87656144359062 196.84190448705226 224.987773514531 276.04849753684545 182.89276855555 287.2670080687302 Oyster-SemiOpen 0
286.0419893189028 307.1808716658179 254.14718532991537 310.74601857381344 241.37669877650114 196.5036783096697 273.2699485313424 192.9386169834591 Oyster-SemiOpen 0
116.43681396716056 329.95715873553826 42.55205077795472 347.06481829906403 25.86605125055212 275.0069573938395 99.7480222064878 257.8996337818638 Oyster-Open 0
0 283.955293 30.506463 283.955293 30.506463 369.426601 0 369.426601 Oyster-Open 0
232.63747373345177 234.09785622207477 299.4412033845947 222.72793333219332 322.2388809319491 356.65649939194134 255.43525205531478 368.0260123504713 Oyster-Open 0
18.597854115698283 378.9436653417747 4.4559466274877195 371.4603804683653 25.661068869969313 331.39629580408797 39.80264947000978 338.87947519159883 Oyster-SemiOpen 0
170.92509903442624 407.23597225628816 145.5526632968249 418.324681789477 102.83313646835086 320.5986263683017 128.20405744655363 309.5102971832479 Oyster-SemiOpen 0
318.60843805216064 314.0463986454772 334.0605453907301 391.4116648616609 262.41682294235943 405.7159744563037 246.96676814949387 328.352518205268 Oyster-Closed 0
239.89870116743987 29.95780472613622 273.915336053411 24.594763778951556 286.5067351133912 104.4588716361638 252.49010581564653 109.82188718358688 Oyster-Open 0
197.28110565122552 47.986262460417706 237.68822900857776 39.11151117723614 256.9679192068579 126.89187835430634 216.56081661400458 135.7665683009625 Oyster-SemiOpen 0
172.3258523859331 86.13927973025667 196.2394023868219 75.6861353862734 215.11866976847523 118.87534178519411 191.20514476950848 129.32844176232362 Oyster-Closed 0
