374.343193000037 82.2708519999896 390.6200263302708 73.9532853930441 410.5860131841655 113.02458453621362 394.3092004391401 121.3421195761647 Oyster-Open 0
329.4811759076765 151.02807345640025 293.16375817987864 149.45611550724828 296.9408943209928 62.20102707583108 333.2576729395114 63.772970532933634 Oyster-Closed 0
150.12519469579274 101.49632854810822 187.31955199429285 108.87635749254653 171.85337336016528 186.821186738708 134.65903706097743 179.44123239602078 Oyster-Closed 0
48.90334470025482 137.86595973972052 76.86022305841834 124.55367717058755 102.63669529468461 178.68426644659732 74.67988675269953 191.99643840140686 Oyster-SemiOpen 0
251.6037830474197 128.84215804884352 250.0727380696335 170.47504528900365 222.25808426022923 169.45208956668023 223.78927579138326 127.8193568246135 Oyster-Closed 0
0 154.989782 49.518509 154.989782 49.518509 219.917277 0 219.917277 Oyster-Open 0
171.29663083182822 197.34459774964674 142.24247157529317 218.9293408461232 108.51899372433036 173.53834540531005 137.57279164266947 151.95380012822363 Oyster-Closed 0
230.23057968385183 195.61378727732676 213.0449317680832 189.6911885742981 223.39111732360834 159.67152982412173 240.57661005017508 165.59409948863876 Oyster-Closed 0
107.09008173584516 221.76952469349624 94.54183146549985 217.35739949159574 107.23507348629937 181.26025704387956 119.78316885725872 185.67235249609192 Oyster-Closed 0
101.26402452858383 226.16297093156317 91.31670220240994 224.50791235683965 98.43274354510504 181.7423615834349 108.37991412685733 183.39740727135734 Oyster-Closed 0
196.31086544516438 145.17712528598577 246.00042714870506 214.6080573443785 188.3108273532598 255.89084211188757 138.62224462560698 186.46079202995116 Oyster-Open 0
43.28112975406475 252.5698889037355 21.475648725318024 245.7141312087818 33.1877668067209 208.46665848250555 54.99292440678619 215.32236128209604 Oyster-Closed 0
224.88748164604112 190.03474040829605 275.43717613366243 187.54279608535975 278.4257185275419 248.16140740293523 227.8760261523421 250.65332275328214 Oyster-SemiOpen 0
42.17625355225755 264.6764204776372 33.25355658852277 257.92209724311925 46.21110513553867 240.80671555482817 55.133745021707 247.56100655451044 Oyster-Closed 0
66.6419953379991 290.23837103199173 47.566828069571784 287.46197619255287 53.60843576714251 245.96015216512816 72.68322987829379 248.73651933426257 Oyster-Closed 0
327.11000234063977 212.1828732796488 375.7331636228955 215.21789365808206 371.38762847943144 284.8293262444259 322.7644712365327 281.7943520505143 Oyster-Open 0
1.9921370777592529 325.7617162289584 0 324.94924248638756 0.8261658772935334 295.19881983391303 6.360402000027534 296.0112870000031 Oyster-SemiOpen 0
210.7167307941745 265.3875585697466 233.67678866926144 267.03280343379373 227.78732199950537 349.20973862881067 204.82726786818967 347.56453057068694 Oyster-SemiOpen 0
347.67677112375895 280.4988255658037 371.50747577988295 274.78328849045613 381.49340017557915 316.41295770090653 357.6627179731913 322.12843045726345 Oyster-Open 0
277.8202634861991 55.714107885137885 231.72526088259838 67.57219177256566 214.65876451014628 1.2307599576794415 260.75358411323396 0 Oyster-Closed 0
285.6637389119569 394.5136612805964 247.13329299840552 385.1840758515171 267.15726184194864 302.5095855789204 305.6857755408746 311.8389261446579 Oyster-Closed 0
82.72373785166201 353.1687688342744 97.89014473840871 354.86566322023924 93.51178011121738 393.9889467521583 78.34537688850469 392.292074359886 Oyster-Closed 0
322.9796468918212 399.11424351770796 317.6940522620498 334.0758782649513 390.44830500421085 328.1645775834279 395.7352812415884 393.2014074875547 Oyster-Closed 0
181.7443929204419 413.28075726015066 163.2414363330463 405.43632026493964 181.24453148708926 362.9839296879419 199.74697926528097 370.8282440716905 Oyster-Closed 0
287.4003449999909 402.0061949999819 282.57905351417503 342.69224150392967 316.3362031559627 339.9490068008776 321.1580897018248 399.26231638952584 Oyster-SemiOpen 0
202.9422624728686 384.13197468219846 209.80999697422521 395.64314930884535 188.9661135767201 408.07535653831854 182.0984912378699 396.5642794605778 Oyster-Closed 0
135.24210916348966 22.647053492640993 159.92922957228802 10.567822031775863 187.2622072090271 66.42990159920319 162.5751069614489 78.50910348201275 Oyster-SemiOpen 0
340.6488372295462 93.43948088648474 316.35489128377594 89.37980825541798 331.713305524554 0 356.0070628614849 1.5327091211953037 Oyster-SemiOpen 0
114.74625488480888 153.2491076286581 58.99251664099211 134.120799337431 96.6219315622875 24.44538242539451 152.37466549761666 43.57349420064105 Oyster-Closed 0
272.83631166329724 133.09429828256214 223.6096765218681 122.77197298553922 239.93678651367372 44.911517047922736 289.16282711613894 55.23377802120214 Oyster-Open 0
218.50399949723214 146.66594769781577 178.9243140335857 141.14185003790357 191.83924957589625 48.61193934757619 231.4182717268959 54.13598835448093 Oyster-Closed 0
109.01104689438944 236.33468188996764 152.81560970139253 203.2117830632908 196.46347857728688 260.92985451156017 152.6593723734586 294.0522268946422 Oyster-Open 0
366.7838786277607 135.77611717755642 389.14218749191787 144.9274226131339 358.3592960803435 220.13169555014764 336.0010527299128 210.98050554401027 Oyster-SemiOpen 0
0 13.84867552506321 28.472370719940955 1.366940229252238 59.65054652976323 97.8238495227298 21.03528344515871 110.30552266745086 Oyster-SemiOpen 0
