178.64486555921394 412.85674589680605 121.63595078865183 397.20714766082585 173.3937281414328 208.70952871030846 230.39698123026756 224.35831420758893 Oyster-Closed 0
278.3339169315732 361.88633942480146 273.6176701462755 286.49514805694264 360.6079074530862 281.0540873730814 365.3258830487066 356.44342357352525 Oyster-Closed 0
27.716312516713515 266.9897911610114 90.0675796416217 237.12749876703293 146.73221594161805 355.42356605963516 84.3816630475776 385.2847769749517 Oyster-Closed 0
0 269.473353 64.274222 269.473353 64.274222 409.231268 0 409.231268 Oyster-SemiOpen 0
347.0002315795027 10.530230300577525 340.38096223432876 101.74443605326158 213.1583751866674 92.51156389889229 219.7781369999757 1.298082000008271 Oyster-Closed 0
412.7854216478954 110.48887407305 342.4736374503045 108.44302413807223 344.70854041791245 31.646712714527236 415.0196443549612 33.692552697255984 Oyster-Open 0
88.54057896710583 48.83137674145425 143.011189803281 76.89404296303185 80.46771093122152 198.2898662646146 25.997386080387514 170.22761314222691 Oyster-Closed 0
227.54635107401555 0 227.5463689999924 37.438834999994846 148.11686864503645 37.43880151947573 148.11689800001477 1.2672920128291384e-11 Oyster-Closed 0
0 145.086589 68.388742 145.086589 68.388742 240.453072 0 240.453072 Oyster-Closed 0
108.88682154575872 136.4957656746152 179.94428136578063 172.4392669321791 127.5961129274474 275.9195464117577 56.53914632738815 239.97679537941258 Oyster-Closed 0
297.5860922807806 170.22335897698855 382.09791473202495 159.293924691565 400.6942165765504 303.07822965063383 316.1824565134848 314.00734072736645 Oyster-Closed 0
4.697540582816146 280.9688500983149 0 226.87325203162126 64.95011086798331 208.9511398287721 78.15092775356607 263.04587752780947 Oyster-Closed 0
259.4781036987988 186.3759580092153 331.563158661982 218.54568898322336 252.72205141782615 395.1861007403287 180.63799315853612 363.0179384402936 Oyster-Closed 0
