214.53181622896955 410.69732512676836 155.51893307701175 404.03430429363056 177.35743298089437 210.68061741351576 236.36420432950763 217.34329395821803 Oyster-Closed 0
305.2121538019128 345.5807521323054 289.298953041558 271.9648465713892 374.9304861407654 253.45694116148843 390.8449049127339 327.07115773113463 Oyster-Closed 0
42.21777281476534 290.21964592793194 99.01693638441066 250.89227503765048 173.5877454810725 358.5749613492299 116.78983572013385 397.90084514836667 Oyster-Closed 0
2.985947000022861 289.67366299999964 88.95813693725722 283.1473498160076 98.95351500001925 414.79224599999833 12.981352740964212 421.31829292792276 Oyster-SemiOpen 0
325.0454957046277 0 325.0456588398847 82.68651746660873 191.01068148684135 82.68628285440062 191.01094999998895 8.527862239674054e-12 Oyster-Closed 0
404.8897567471031 78.23593371099071 327.0525952127864 84.14609180574533 321.2127509678103 7.2323637020960705 399.0494445593358 1.322223929454 Oyster-Open 0
68.1866830075196 65.98821088972217 126.58035439224477 85.48200992625404 83.55971556170698 214.34623832340048 25.166200905925507 194.85276262558523 Oyster-Closed 0
114.64017239841996 28.744481969662868 116.52684433156537 0 206.1624698722335 0.6888462393493091 204.27583999999842 33.84491700000833 Oyster-Closed 0
0 168.15521 68.832754 168.15521 68.832754 274.993607 0 274.993607 Oyster-Closed 0
102.09658315693014 149.18172896675142 178.17182728832267 173.94705287883352 142.4406084713628 283.6991145309757 66.36560789115902 258.93433135688934 Oyster-Closed 0
294.64026756089515 154.35945885557408 376.55373460344344 130.18077950317397 417.5009097950315 268.8947964969435 335.5877186366888 293.07283870463004 Oyster-Closed 0
66.97657650073597 223.73834731282307 95.1359883960613 268.2587520689271 22.46934995227275 314.2138230558386 0 269.6943135939423 Oyster-Closed 0
259.2617173802064 175.61373159633098 335.7900996013632 196.4396551040196 285.23715130355777 382.1823879498487 208.7091856682273 361.35743188448953 Oyster-Closed 0
