227.97479542968722 420.7651679165733 167.8068996673428 413.42551560289786 190.02097413991214 231.38479616760716 250.18276526542468 238.72407843189228 Oyster-Closed 0
302.730657161268 350.7929529988074 338.11453049279226 291.2485766759812 423.09317535872106 341.7370729319265 387.71138181706556 401.2796464204014 Oyster-Closed 0
56.427900400456565 285.2750852741287 110.90008940882763 251.54877670112896 183.8909104940176 369.4186209005863 129.41979014538083 403.14357014624636 Oyster-Closed 0
15.583663000019442 275.5829159999998 100.70672653427027 269.64641780540444 110.91537299998527 416.00000000000085 25.792334402627603 421.93623338453466 Oyster-SemiOpen 0
346.2653356603878 31.613728699737297 338.16044727941335 121.71744887159063 197.31395135618004 109.04745423178832 205.41954799997984 18.944760999992926 Oyster-Closed 0
338.200068498998 130.82046252124076 338.70018588622406 53.393907892787645 416.499625046501 53.89641240948812 416 131.32248400001794 Oyster-Open 0
111.39435694040003 212.64392298647073 50.032407518789114 202.41585025694138 72.62742102015181 66.87173062611059 133.98741316567248 77.09964093404596 Oyster-Closed 0
125.68156924483992 27.785777980067742 135.51342801583814 0 228.13834666647017 24.389673978701953 218.3065724583539 56.31274925976425 Oyster-Closed 0
7.694065983632754 162.4792853348623 79.31732346439458 157.48354943239167 86.17647079661765 255.81584702246914 14.553224353974656 260.8114936257674 Oyster-Closed 0
114.62592887505525 155.55665768768446 193.96226892832783 183.59914847628738 157.406888460584 287.01095358135353 78.07083620277263 258.9690587095765 Oyster-Closed 0
310.13628412092294 196.71637061844376 389.0360150179149 174.8072037398327 429.1958578621852 319.4179530229358 350.2964262214373 341.32638724764365 Oyster-Closed 0
22.29785794090276 298.765791844965 8.884561258055328 242.3415648480266 83.38942854950801 224.63188007782057 96.80340622141011 281.0551389560859 Oyster-Closed 0
271.3341078134508 210.53819368418536 350.8373980870274 233.88676479080817 299.16177372224774 409.818306421916 219.65899570383772 386.47088466912606 Oyster-Closed 0
