185.87030929652246 269.6968627212396 167.30760000653754 263.4231275962905 184.61131937996106 212.23092035371906 203.17364655585334 218.5045861659788 Oyster-Closed 0
277.12337600000683 282.80627000000555 265.6569680950197 268.9681705417269 295.66966321786094 244.10237537884075 307.13599988213537 257.9403518386912 Oyster-SemiOpen 0
268.68692703411944 265.9330743093308 257.2225138420363 277.2218208082835 241.97652454059426 261.7404212284144 253.44087834906895 250.4517318619879 Oyster-SemiOpen 0
176.26578596518812 303.6091043696476 160.10519932568423 292.48247936765966 197.1753786929039 238.64827547399724 213.335615898799 249.77473332681376 Oyster-Closed 0
210.49658559249292 337.2918963017938 178.97752341306477 323.6872205088053 200.48248186786805 273.874505368852 232.00073657131725 287.47898113751535 Oyster-SemiOpen 0
253.09683034810587 285.3725183017739 285.2645331011954 292.54605465147586 274.2001810440488 342.152639079728 242.03251181502128 334.979203378694 Oyster-Closed 0
175.66506215545814 360.031222462351 163.08527127635534 356.29545560879427 187.1357882995144 275.3243860494082 199.71501966070355 279.0600639696165 Oyster-Closed 0
235.41978815168477 348.22774353905766 219.471349360374 343.5836725297218 231.0989861288108 303.6610404892438 247.04706299997633 308.3050549999981 Oyster-Closed 0
156.62012726869943 345.47009467761944 147.84853670158918 339.1168572401459 166.38730627920813 313.52639243207227 175.15878503194108 319.8795713303441 Oyster-SemiOpen 0
170.8139349470148 365.65181249582884 161.98724666680937 365.3620848493574 163.26890315226774 326.32738599507144 172.09538328285998 326.61711024055637 Oyster-SemiOpen 0
267.9590600886695 410.90071030104417 226.25056143493566 408.85977297712907 230.27952583093065 326.57296496283277 271.98584591428516 328.61384964766296 Oyster-SemiOpen 0
210.75175527027022 352.17354424417306 243.29721452628655 352.84942840003566 242.0844007661981 411.2348558630894 209.53894200000286 410.5589849999999 Oyster-SemiOpen 0
