227.68049260559565 285.1386146946682 207.37479534202066 282.41865415380335 213.9645189120347 233.2310808818875 234.26977186710064 235.9510116748892 Oyster-Closed 0
320.9582727546476 302.6430849871747 306.92401777158375 288.35289707642966 331.630650479663 264.0922752768226 345.6647895863389 278.38234152339305 Oyster-SemiOpen 0
309.26554899501934 285.70035110406195 299.87791762819325 296.6043192234238 281.40465290688735 280.7021797237442 290.7922399284216 269.7982780757034 Oyster-SemiOpen 0
226.90994378802134 322.6497093881298 207.22296272065068 314.76024839597653 230.07717048039558 257.7405186256777 249.76361607005674 265.62986038007926 Oyster-Closed 0
241.526081543263 295.5490715342427 277.18387411804724 303.02343689738206 266.76326054410674 352.72781385142446 231.1055014903577 345.25355698588385 Oyster-SemiOpen 0
297.4608440760567 308.2101274033435 331.1267438027462 308.84886990109896 330.1576215326022 359.9182923297608 296.49172214671125 359.2795594088626 Oyster-Closed 0
235.5618213216585 377.790901485547 222.00807698730932 376.5318409438495 229.60638376545103 294.75769146484805 243.15947104345105 296.0167212134565 Oyster-Closed 0
292.8345184692771 365.8429341726029 275.6888935834613 364.34921369483004 279.01344521897045 326.19920319393464 296.1586689999931 327.69290600000045 Oyster-Closed 0
213.85888501598674 362.8205504150899 203.29961381209432 357.2896988458045 216.44969643120203 332.18971308333596 227.00881680556995 337.7205164865076 Oyster-SemiOpen 0
216.50305972999922 345.675481038876 225.02340134187762 344.1415536429984 232.03758025628485 383.09364434539594 223.5172438343725 384.6275523207297 Oyster-SemiOpen 0
279.4193771914215 359.50692447757086 313.36952860013116 340.66825398901324 350.55922261131127 407.67369814674345 316.60941742614887 426.5118856542057 Oyster-SemiOpen 0
276.2197837865424 372.1769458379702 306.4338541826073 370.3859020998719 309.13850299999467 416.00000000000074 278.92443523109614 417.79101537645346 Oyster-SemiOpen 0
