212.50932680787446 284.02780471012545 192.46253843613158 281.6414408784342 198.53999486029352 230.59539192245364 218.58633091017327 232.98172892019116 Oyster-Closed 0
305.707527112314 291.21292383829854 291.44662058592803 278.33757086412203 315.8477207555079 251.31422409484978 330.1084888407713 264.18946695509567 Oyster-SemiOpen 0
293.8263274462697 275.2606991133009 284.67235030594384 287.2380479118703 266.1331307530345 273.07081408999994 275.2870783790022 261.0935329236916 Oyster-SemiOpen 0
212.273787209102 320.8808482214235 192.99952366217622 313.7611772279421 214.91884867557746 254.43137459009967 234.19256812106687 261.55093592772596 Oyster-Closed 0
226.8175678004518 290.5918253583977 261.8793914879643 297.30098548409643 252.0711685136157 348.5493886428791 217.00937279126083 341.8403271625585 Oyster-SemiOpen 0
282.3924682975012 297.75350716101946 315.8915614863363 297.9910513967225 315.5300836626702 348.95857025106005 282.03099053541155 348.721029455201 Oyster-Closed 0
221.56339958287572 375.71370522672 208.14748998091454 374.6490941925111 214.7195464950055 291.852012960556 228.13480190387418 292.9165978455499 Oyster-Closed 0
278.40396358708676 358.40240411190143 261.42613235336466 357.15032554294794 264.3372229005072 317.68787741808825 281.31465199999366 318.93994100000094 Oyster-Closed 0
199.67777386093803 362.81131186213264 189.31948432167337 357.8329172798126 202.16869018616853 331.10420490726335 212.52682037253908 336.08255417816923 Oyster-SemiOpen 0
217.8502973667164 381.5815201275908 209.2348153548628 383.1560036012918 202.15563888704128 344.427772316623 210.77091121247213 342.85330838511567 Oyster-SemiOpen 0
323.52776423254545 415.75265742139965 282.5918638584444 422.5658079479546 268.9898749187887 340.85318573282666 309.92360974776966 334.0402164902134 Oyster-SemiOpen 0
261.9719641113006 364.95698766899324 293.9886095364709 362.91648823900783 297.3726279999901 416.000000000001 265.3559860363421 418.0404621171825 Oyster-SemiOpen 0
