0.19527395182376495 55.89217858899246 28.574361073780892 2.749640197653115 118.91881885681505 50.99512684108814 90.54005596469506 104.13738135864523 Oyster-Closed 0
155.97041215413992 97.30603224861916 130.00258579228466 123.76663340364868 81.59243291350867 76.25849237611646 107.56013270662152 49.798023659655215 Oyster-Closed 0
368.0908744268454 50.360924245127926 407.6511320504251 74.9348417614598 368.24538712772846 138.3710009181953 328.68525107243113 113.7972376832548 Oyster-Open 0
151.7483466634767 154.05919425990757 121.68636360611345 140.2263640734244 151.96665020226646 74.42238382787902 182.02825866528656 88.25511360182527 Oyster-SemiOpen 0
10.638782 0 42.48237 0 42.48237 32.147442 10.638782 32.147442 Oyster-Closed 0
329.06125100002464 0 329.06125455570873 20.989350153765272 287.71990634456233 20.989346414312312 287.7199099999889 0 Oyster-Closed 0
14.180268873726163 121.67582371925019 57.114486901005876 120.42624059727457 59.128356280754815 189.61779914022776 16.194139101073233 190.86737037134048 Oyster-SemiOpen 0
378.708154819622 100.19804380852321 421.3291120984395 102.47545839735722 415.987849109777 202.43155670156997 373.36689398310773 200.15417305989092 Oyster-Open 0
139.42428646764165 202.1502206795222 79.51086935294734 214.482766057611 62.06204669107683 129.714230820666 121.97399446613053 117.38184130669701 Oyster-Closed 0
260.3960091807239 0 260.39601487044274 24.49943661622895 205.15244524081572 24.499427639031563 205.15245300001334 0 Oyster-Open 0
331.65479280874933 304.8646040981674 232.1289345197838 366.86348063465203 121.78927983435278 189.75080298973432 221.30881194726317 127.75445561884163 Oyster-Closed 0
19.803760000020702 242.6060739999991 96.80078925154157 236.3218585041235 104.2376899216033 327.4299900006657 27.240675732613454 333.7140596303202 Oyster-SemiOpen 0
67.27087500000562 364.55931999999154 47.352188259796094 337.1774038778298 116.61604619466743 286.8017194423782 136.5344910303611 314.1829539676163 Oyster-SemiOpen 0
156.73230506119944 28.092134053266115 127.43726685298316 67.51933644691574 58.41911924127999 16.237734151854067 87.71412338959635 0 Oyster-Closed 0
340.48648004041024 302.40239869173337 388.22535337989393 303.02970321377194 387.1797293370437 382.5876930821333 339.4408561909913 381.9604036855822 Oyster-Closed 0
258.7295440000089 339.32382199998926 294.978008029746 318.9460044792514 329.58646606234106 380.49511952527115 293.33833271183903 400.8724801669321 Oyster-SemiOpen 0
175.2707723783351 78.70107634123266 185.39085202414935 10.98859461194495 231.61137575226167 17.89658248029106 221.49145431899524 85.60891245232709 Oyster-Closed 0
