106.18883550029568 158.48827472671306 60.01828568993005 140.24330709694155 87.18213289054256 71.50546580631101 133.35206241774722 89.75029536690404 Oyster-Closed 0
13.466944524527207 136.91990299069664 58.49091925241737 128.82770712715688 72.70944087570388 207.93422374218366 27.6854919798825 216.02632148684634 Oyster-SemiOpen 0
170.79901099999188 137.020785000002 230.4913814591455 127.19740185756764 243.78462957860393 207.9709964503345 184.09228820017233 217.79425795307816 Oyster-Open 0
192.44609175447476 172.5410132899487 197.21407383680707 244.58988607259172 99.59056695571053 251.04831614841862 94.82398019919128 179.00077873998754 Oyster-Open 0
338.79879477981376 196.29409591639842 345.7626296931012 234.35476632738005 287.40863777519553 245.03017415743847 280.4453029999968 206.9699500000177 Oyster-Closed 0
232.50553419243442 267.0489462770804 227.0534386865147 291.5291921020025 188.3207977285274 282.90379850476427 193.7730580950265 258.42379067163745 Oyster-Open 0
191.9096822113388 332.2788573152999 124.33193689813925 346.3963277435095 103.38494999922477 246.13550566130752 170.9593645175155 232.0183897367265 Oyster-Open 0
37.41648545345379 346.85312465502864 47.78887619805755 292.0292289672184 108.12016933783525 303.4416531317498 97.74888026947156 358.2645714230125 Oyster-Closed 0
166.09071475226665 415.99987332027564 166.09375088551678 345.14082276153533 262.0311170907771 345.14467750098623 262.0303613862452 416.00143070714284 Oyster-SemiOpen 0
125.5804606699603 2.020705400067132 184.6989254725886 15.432296447093913 167.4020475093712 91.6769110028429 108.28359675974207 78.26536143085687 Oyster-Closed 0
80.14885313769628 422.32728573870486 44.75154323368406 415.4100991841888 53.44406919501489 370.94336451020405 88.84027756069554 377.8604395294214 Oyster-Open 0
345.7894176134614 18.88279640519766 352.77057402714854 48.29192811869867 265.7159823358488 68.95673581043431 258.7349440000253 39.54770600001949 Oyster-SemiOpen 0
