0 60.008977 40.576312 60.008977 40.576312 147.154531 0 147.154531 Oyster-SemiOpen 0
0 0 59.616526 0 59.616526 64.547228 0 64.547228 Oyster-Closed 0
286.5560010855588 113.36741330384775 204.0249961950649 224.47277833311594 116.44404487661086 159.41733620363695 198.9745028742509 48.31347574457912 Oyster-SemiOpen 0
347.31493934208265 222.6858768812152 345.9519466164893 167.95811474988534 409.37040858606633 166.37877994205468 410.733985839488 221.10593409474714 Oyster-Closed 0
0 158.738108 52.800992 158.738108 52.800992 261.855952 0 261.855952 Oyster-Closed 0
94.44925603665251 187.92006502634365 154.0214266667026 163.6606122831898 209.01427136582788 298.6907530141071 149.44253931346975 322.94944238470265 Oyster-SemiOpen 0
266.38806234256845 318.8599130961151 203.76269582560417 422.3597003998895 33.41557211351028 319.29992826361513 96.04030655864335 215.80627253556233 Oyster-Closed 0
136.96189916293588 10.378080255879878 130.90964661863836 90.25139941652348 31.205553531544865 82.6961890053973 37.25810600001569 2.8232500000120018 Oyster-Open 0
90.90030595128701 381.9246577957985 1.0431116716135875 391.4278211412274 0 309.16913321927916 82.1966699243676 299.6662128993017 Oyster-Closed 0
136.0341470000203 38.91932699999738 194.1596091698375 28.701664068321435 204.62566618155688 88.23988286521325 146.5002144427017 98.45751056832682 Oyster-Open 0
