264.5174397348346 94.19864658375131 307.7244459740141 120.17210122890914 284.1059367671696 159.46043648109614 240.89902921868998 133.4871140432703 Oyster-Closed 0
406.9296178772238 172.94517264137278 389.1363047792802 172.11646608909757 391.34338296605347 124.73240480280036 409.136469999994 125.56110599999982 Oyster-Closed 0
315.19644279953354 118.9894506943662 351.66438444966843 120.34861829227039 349.71213670430006 172.72773229980174 313.2441956296352 171.36857385870385 Oyster-Closed 0
17.674790640237916 129.2407318736107 53.821719855626725 113.8851668888281 83.9886270281786 184.89524835369576 47.84179456837228 200.2506472919596 Oyster-Open 0
158.26404881558847 140.96513409893913 158.8490649278756 194.907944367116 89.24543720236397 195.6621320846674 88.66098356644943 141.7198797260088 Oyster-Closed 0
195.51152647088747 178.81287146835447 202.75705222092438 215.01430099615564 138.61584789890185 227.85032065521153 131.3708065476494 191.64931753608812 Oyster-Closed 0
0 159.076943 26.056800000000003 159.076943 26.056800000000003 236.586363 0 236.586363 Oyster-Open 0
390.69355722943874 288.21648006452597 338.04220159536635 279.35738678494755 348.76797995520974 215.62539272540693 401.4178411299108 224.48435638286153 Oyster-Open 0
118.96774376362009 279.60344989090015 116.39163950567672 228.8987792808188 193.80529375236438 224.96582573289257 196.38222296793901 275.6696324849364 Oyster-Closed 0
351.9678881856162 302.98022102702964 323.228254554022 314.0959686909513 291.52553488667036 232.13868300540554 320.26407190443933 221.02317508966192 Oyster-SemiOpen 0
91.2728684943213 339.2486251679868 34.90831048624386 320.7225641851522 80.63334705788657 181.63067398471668 136.9947066282184 200.1561923633038 Oyster-Closed 0
322.80053153074914 317.34813882803434 323.2107134111611 285.7019653551379 390.1910004850615 286.56961166830007 389.7813910319528 318.2152241788397 Oyster-SemiOpen 0
294.77463588570026 356.7233364409749 263.16461154960416 359.7505892705653 255.5337475035558 280.0778125419982 287.14233809988946 277.05062963432766 Oyster-Closed 0
373.5767531664278 323.43758871686833 387.4734867670195 353.39956180053673 323.1406651237776 383.230407585593 309.24471099953007 353.26909799999555 Oyster-Open 0
376.38673161213956 355.84808898197446 393.80966514804095 380.5060241061194 346.26264170167997 414.09271060736603 328.84024582755956 389.4352562145405 Oyster-Open 0
230.70597228340557 338.28820861253234 262.98062079344527 351.9009149277433 235.10865122752148 417.9668651896331 202.83419299999878 404.35448299999837 Oyster-Closed 0
0 393.04460821090163 0.2997193272058212 334.83423974342315 55.277424640171375 338.72711292152826 51.155730724807654 396.93646458656275 Oyster-SemiOpen 0
114.06636365539089 51.60787107603339 112.62676893563548 3.944830067743388 215.93365655806338 0.8245184858861595 217.3733649076603 48.487444972731616 Oyster-Open 0
24.695785400464956 0 64.80979876024867 1.2229731706018172 52.49517325042689 74.40354594105253 12.381163999994897 67.65329699999688 Oyster-Open 0
408.1352598025478 35.118006108125535 394.7189849312417 100.19988311030174 298.2257336169314 80.30808076957324 311.64223322517864 15.226561905401052 Oyster-Open 0
