0 57.282372 39.376384 57.282372 39.376384 144.438472 0 144.438472 Oyster-SemiOpen 0
64.69908839781056 5.281277953253784 59.858232134745776 64.58478286249596 0 59.597100825452955 3.598061280543334 0.2937069049206921 Oyster-Closed 0
285.93399704731564 116.35489415944352 199.48004910347663 226.05485404951668 114.33155380436074 158.95109795322116 200.78480486816989 49.25262607201699 Oyster-SemiOpen 0
343.06740843654916 227.35328919941392 342.98304303028635 172.62940031273212 406.0178870842574 172.53222783364072 406.1028642331912 227.25549661078765 Oyster-Closed 0
0 159.121502 46.995799 159.121502 46.995799 258.716968 0 258.716968 Oyster-Closed 0
186.4325847045875 311.04207083006116 123.44380028500018 322.10884674114607 98.01785444599591 177.3984234766398 161.0027196020019 166.33200164501727 Oyster-SemiOpen 0
257.1482165503803 321.1699849644782 191.19625525793163 423.78565875558246 25.33607695003593 317.200154135169 91.28691209287717 214.59050252227792 Oyster-Closed 0
138.70792297102162 11.322368585275138 132.32574356105397 89.50954918446553 35.53622512396396 81.60862044613573 41.91868599997906 3.421792000019821 Oyster-SemiOpen 0
79.47195531524267 381.441014931957 0.1922430174308829 386.60485158285894 0 303.6008763706866 74.06250908297079 298.43716904095436 Oyster-Closed 0
138.5890500000387 38.770658999998155 197.36057198465642 30.840530410466535 205.39975194785802 90.41994330372837 146.62823657523404 98.35004435338156 Oyster-Open 0
