106.25811551152947 160.22627314724718 59.61200350891522 143.0161248790511 85.16729733258762 73.7543806344757 131.81276383105433 90.9643967064566 Oyster-Closed 0
13.109106240364781 140.42491004352453 57.86463193235613 131.31928757165116 73.92379143321523 210.2488238095361 29.168299172495608 219.35433376382133 Oyster-SemiOpen 0
170.3020390000056 137.6724800000004 229.66310854904805 126.50033550773973 244.8812389759405 207.3553797137737 185.52020737855128 218.52738515614715 Oyster-Open 0
192.901883774437 172.81182825165249 198.940388959556 244.82952399324364 101.70606102883539 252.98022605974555 95.66897262456405 180.96386771732338 Oyster-Open 0
339.6286854248683 194.0124865364454 347.2825119927329 231.99960139219868 289.1460978113937 243.71170929607976 281.4927699999789 205.7250359999831 Oyster-Closed 0
235.0579002918057 266.6706288154679 230.0391559100717 291.2235599973894 191.14906829344181 283.2750446874788 196.16798510606168 258.72235221789924 Oyster-Open 0
195.88243390391654 332.3601186295331 128.76053812680038 347.9866457495421 105.53048065553958 248.21405992485884 172.64908093049962 232.587926907075 Oyster-Open 0
41.675235457892995 349.8476477871147 51.082786692852096 294.883317344758 111.84050120940447 305.28065747821574 102.43405826220624 360.24399681461034 Oyster-Closed 0
171.76279804469232 415.9998741923539 171.76582769397282 344.99248869791217 267.29949288650096 344.99633422240356 267.2987385327251 416.00142574087533 Oyster-SemiOpen 0
121.93803682653743 3.6152038461952896 181.39242529478724 15.658273983881447 165.9010908752498 92.13584952765572 106.44671389171344 80.09281740671668 Oyster-Closed 0
86.85611589369728 421.7454012940443 51.28955426459288 415.65031871138854 58.47032980640142 373.763470804415 94.03584177654557 379.8584606814136 Oyster-Open 0
342.4929439970547 16.427913400710086 350.01640608095477 45.757710618627506 263.42582743574894 67.96903451426759 255.90247899999304 38.639335000021966 Oyster-SemiOpen 0
