397.52119415401467 72.08322822993688 371.3887466316228 100.55756544097818 325.1424941235564 58.115101650403076 351.27485323160727 29.640873873132463 Oyster-Open 0
219.4746095998562 119.73351724579268 189.13617676871945 109.57977517133928 209.06283179531601 50.04208383251855 239.40100499998516 60.19577899999415 Oyster-Closed 0
258.8661120000179 0 258.8661234745632 28.696408522454256 191.45671076233702 28.696395733222925 191.45672300001388 0 Oyster-Open 0
263.71732318116483 204.56135713399277 248.25017078381643 163.3483433399745 342.0219397617184 128.15738692699023 357.48935739575245 169.36979998972393 Oyster-Open 0
359.23360099999263 0 359.23362358681334 36.10330905337088 279.7230888512495 36.103287831838315 279.7231100000099 1.9536557130889652e-11 Oyster-Closed 0
247.75162547423315 257.456689299356 193.63115559383004 251.78801795013055 202.10814702705102 170.87091658244688 256.22701029498785 176.53950443940104 Oyster-SemiOpen 0
168.30778351019399 218.08061321249792 157.90788338126004 309.2384671720641 78.04239536513342 300.1264679822834 88.4437367678147 208.97027564615615 Oyster-Open 0
56.632456023562554 311.11874829864774 22.077241898128705 303.8410912065333 39.661975685172365 220.3609535007323 74.2158399181244 227.63846269587773 Oyster-Open 0
258.58299410473774 319.9591146366192 246.54774537985213 286.09913182687103 313.48357702127396 262.31049823261725 325.519122644102 296.16988104739403 Oyster-Open 0
268.85570091254704 253.61837633580723 290.8450288376516 270.89125467818695 237.51522912963992 338.7722579352734 215.52624647345874 321.4997695568336 Oyster-SemiOpen 0
150.39457527386548 311.19058306333477 191.17757765562055 301.53543687308354 207.2727614892101 369.5079200697036 166.48982782566236 379.1628641478672 Oyster-SemiOpen 0
296.04623608490147 397.63775496899535 239.03950859310135 380.2929667386707 269.24730824882863 281.0372592374176 326.2507187531228 298.3815054110413 Oyster-SemiOpen 0
128.7962116011513 404.68580453977324 127.31912099998226 354.06622399999384 181.2665699590034 352.49260197252795 182.74454629865795 403.1112494349505 Oyster-Closed 0
129.14947983998354 0.048026883492134104 152.14204317553958 72.4609464979372 90.69601507651169 91.97103386113673 67.70367598992016 19.558307272211984 Oyster-Closed 0
199.35612400000173 53.688827999985925 203.42697239404515 22.301309546815045 265.5414771463729 30.357296563441217 261.47070869035815 61.744740596446974 Oyster-Closed 0
249.45526858419908 264.1363629787936 240.35332912109152 232.90882155053094 302.88540519818343 214.684148766262 311.9875975969735 245.91126076747682 Oyster-SemiOpen 0
