110.50531326214332 52.99421075392637 86.03689198437132 109.55354173449052 0 70.06157699624717 19.218998362117418 13.502540962998456 Oyster-Closed 0
146.99663783680808 110.01411064889328 118.19668327046384 133.35946664235357 75.73132074513705 80.97281566608163 104.53107350963182 57.62758797964364 Oyster-Closed 0
362.6133073647761 86.79535702775827 398.9012047166507 115.5661685937737 352.53004045567286 174.05100026813278 316.24236814833785 145.28043775494316 Oyster-Open 0
136.20273627411007 165.81175891803477 108.07855992223267 148.7070721462237 145.7049423782846 86.84259908619094 173.82877140353594 103.94714848867763 Oyster-SemiOpen 0
45.621606443313794 0.7963228694930983 45.10025650622265 30.664861376640953 12.365409390014975 30.09346714840151 12.886771898818552 0.22493942529702074 Oyster-Closed 0
334.541979309568 14.192913171172187 331.1210460655129 53.294847793303894 277.6140649314111 48.61359452058977 281.0350472106402 9.511709916309842 Oyster-Closed 0
0 111.190948 43.990365 111.190948 43.990365 188.900599 0 188.900599 Oyster-SemiOpen 0
367.3508917665422 137.27609340890533 411.2624064418851 144.79966845312413 394.40755865759274 243.16746181907087 350.49607398543594 235.64401454530895 Oyster-Open 0
118.46255324946105 212.1063583545753 57.644996846745926 217.3984013792697 50.17156014377906 131.50652339371976 110.98753585661689 126.2145495873951 Oyster-Closed 0
190.57548415521524 18.531732921438227 205.85483143314195 0 269.074268063152 19.737717695919404 253.7949576929641 50.22030098711843 Oyster-Open 0
297.04006282438786 334.96487349808035 191.10404002215728 385.1194507744981 102.33755500318148 197.6436040681271 208.26539724729082 147.49123198914404 Oyster-Closed 0
0 240.61272800000003 70.722444 240.61272800000003 70.722444 330.543525 0 330.543525 Oyster-SemiOpen 0
28.829609999997047 365.0413669999905 12.200176837159233 335.76421983010175 86.71441416249581 293.44805989748704 103.34385563588148 322.72447088561086 Oyster-SemiOpen 0
155.82311974521872 41.7997607029405 121.58802288657535 77.42815013353757 60.09132702337956 18.336391386521225 94.32634428654274 0 Oyster-Closed 0
306.0562208679621 333.45380335803884 353.24637110883486 339.5973259668746 343.00549280106134 418.24150112713664 295.81537260513505 412.09814035573925 Oyster-Closed 0
220.7788639999926 361.03967400000505 258.42591685359366 344.6239652552142 285.47741036300795 406.6475262309776 247.83058052045817 423.0628593990376 Oyster-SemiOpen 0
168.40456928920685 93.73474376803237 185.91253961147595 27.678853896384556 230.8385913001257 39.58639572232562 213.33084022011826 105.64208947002132 Oyster-Closed 0
