116.35446055554348 138.27526026946805 72.8361389305137 116.39977459658789 106.6282101101533 49.17678465560672 150.14607562480887 71.05213171604255 Oyster-Closed 0
26.029830302672053 111.00157290907676 71.94027263775934 107.33192905533554 78.27041854999698 186.52491710753958 32.35998060390921 190.19452303177005 Oyster-SemiOpen 0
183.0135893919287 118.26343057841927 243.7467644018725 114.31814004513562 248.92004495551373 193.9518471494154 188.18687388915714 197.89709453413866 Oyster-Open 0
199.85438383137443 156.06470398797958 201.25636103801298 228.217488178689 101.67070372225498 230.15099693033096 100.2699725997918 157.99945834994207 Oyster-Open 0
344.1134022239603 186.70122155233668 349.2231274508558 224.8050275771335 290.70155907175285 232.6516812828698 285.59229599998434 194.54829800000505 Oyster-Closed 0
231.27444078364715 252.20392664799527 224.5121199783316 276.7170704656415 186.60857468328686 266.26183141395256 193.37102955888622 241.74891054123026 Oyster-Open 0
185.1584367571195 318.30604526556 115.9599354354832 325.82662625534954 104.79433001192228 223.09015441109523 173.98953815328787 215.5697510699686 Oyster-Open 0
44.63245182424362 268.5014705198374 102.42934715719457 283.52939539667 88.26551737736736 337.99423993702516 30.4687041819343 322.96654110365654 Oyster-Closed 0
151.99796251035878 403.5989456938627 152.8691814805279 329.1177308979566 249.8740221737571 330.25194834153325 249.0051732290849 404.73080222111946 Oyster-SemiOpen 0
200.4770548464876 0 200.47710520266992 62.616689564526695 130.01942458744088 62.61662166374092 130.01949299053013 0.000020332903393859422 Oyster-Closed 0
61.455489942611166 410.5491896994117 27.285636098433315 400.41261827743506 43.02326073432414 347.3778851225468 77.19192521766308 357.514267637087 Oyster-Open 0
368.5022270888985 9.788242227350015 373.99855750763163 39.236316362007365 285.27037811505943 55.79679480717835 279.7741353743986 26.34879725623585 Oyster-SemiOpen 0
