368.19128431379795 157.41726607634487 328.21120758340476 168.34207495330296 308.7196934007625 97.01276350896065 348.699117999975 86.08805100000173 Oyster-Closed 0
255.51853803831182 129.40962532904285 280.52413143316517 122.2763800759286 309.7712899387043 224.79747902798601 284.76574455932496 231.93060699795535 Oyster-Open 0
285.10833182919305 132.42630347518718 328.0294656684382 122.14809392683529 352.1946783259409 223.05561768861776 309.27360072801457 233.333659616666 Oyster-Closed 0
243.6889928895398 145.90739565265721 303.37361608517676 174.54184742334664 273.4010101156782 237.01146777876352 213.71659528488817 208.37735033024705 Oyster-SemiOpen 0
382.7101117252969 195.00723475111272 417.4385975961777 203.236894365768 404.6353413035431 257.26084230189525 369.90688603075614 249.03127382139013 Oyster-Closed 0
361.04227003709093 279.79674678125815 320.0119545890848 294.1846520079099 300.65323620502386 238.98410778626504 341.68254797425834 224.5963950916459 Oyster-Closed 0
111.73610757449205 300.00375766550565 115.95708280628241 250.4315427373013 197.73404556567039 257.3934388915349 193.5141464033586 306.96465322909825 Oyster-Closed 0
367.98612681278246 241.3185912378339 421.40615386914214 247.8266148278823 407.89222486139624 358.73696129543197 354.47222838572634 352.2291303525156 Oyster-Open 0
9.122897410899895 317.3664801737618 30.400453728125285 316.0073881167852 33.401012746999186 362.97409345091336 12.123458198180742 364.33316641453433 Oyster-Closed 0
246.63358042134132 354.1029010816663 258.32373488379017 319.8533817590704 334.9357198836333 345.99707307789544 323.2465750114825 380.24573277880734 Oyster-Closed 0
363.3689572790099 389.12501750243274 356.4846216235783 411.5523144703037 309.778444820844 397.2186226216058 316.66299295293356 374.7917022192282 Oyster-Closed 0
416.00034886712456 416 390.9740201040695 416 390.97440514606933 374.012649 416 374.012649 Oyster-SemiOpen 0
405.0078166325984 71.57779048256607 355.8049850647658 92.64960518978883 332.3067671593308 37.78106333147004 381.50934450211207 16.709310477223163 Oyster-Closed 0
