337.3001322609307 129.55754153680445 301.62696575546215 107.38015872322687 341.1749961215137 43.76702913495317 376.8478106643415 65.94426359584267 Oyster-Closed 0
251.36592486060908 99.5384773162667 277.70993461991384 93.5368978858475 300.6472138366662 194.21721670130162 274.3032302580323 200.21871726407025 Oyster-Open 0
280.7109909104511 98.71713590370486 325.5530201739748 90.65241098745778 343.0298312915111 187.82521113036057 298.18782737468064 195.88983518173643 Oyster-Closed 0
238.67512306257777 118.21701649706868 293.6681778678576 146.75955106705484 261.19452940812334 209.3235983851078 206.20166679125032 180.78135328061393 Oyster-SemiOpen 0
375.70463855224807 150.77356646517697 408.55667910208285 160.43108909776808 391.8810415633161 217.15339210543922 359.0290389675938 207.4959621310264 Oyster-Closed 0
288.35350275211385 202.35384549214862 331.94108230717393 188.7001080434022 348.8515069221976 242.67989706008765 305.26399245422726 256.33348347959014 Oyster-Closed 0
98.92569820794597 285.7051602441365 98.23252658831552 235.71679953119707 180.42009429833706 234.5769183160749 181.11419768440828 284.56433904757694 Oyster-Closed 0
370.3618321545946 318.0984682729815 324.00443845258997 297.0382343008367 373.40427441860083 188.31672087607055 419.75949537804263 209.37637570240952 Oyster-Open 0
0 310.270165 14.021498999999999 310.270165 14.021498999999999 355.037842 0 355.037842 Oyster-Closed 0
231.09228443093525 327.27596982058776 240.18009493523277 290.59711854947705 314.33195128472653 308.9660916772903 305.2450534029849 345.64415221059005 Oyster-Closed 0
342.03769701485 349.8954217720353 336.97665918132407 373.74968154408555 291.7823480894767 364.1626744891373 296.8436363696637 340.3087578195524 Oyster-Closed 0
401.60390555263075 383.1778744513298 368.9950570469373 382.03939233642996 370.97546350571065 325.34423350083324 403.5831429999671 326.4826949999993 Oyster-SemiOpen 0
400.473954193174 0 400.4739810792307 47.28466111802727 345.7706300329992 47.28463468467427 345.770655968925 0.000006009720606890247 Oyster-Closed 0
