404.1055504233191 130.56229186909772 377.73425545099235 154.7398705171755 331.773787093196 104.61033955567373 358.1448670682985 80.4329377906122 Oyster-Open 0
226.1815498243377 148.57142736853135 194.57603337500404 137.23497889336187 214.58796287322184 81.44453418907727 246.19314200001827 92.78091699999715 Oyster-Closed 0
269.7004113718831 21.092679079833363 264.04767076726785 63.25764493598612 185.01224568099133 52.66183614486718 190.6650719755453 10.496983167689443 Oyster-Open 0
267.9852876823934 241.8791136929013 258.3921706295878 196.82831898398382 352.329285103624 176.82644765636343 361.92298027893776 221.87644290231378 Oyster-Open 0
371.51845743766535 34.74258698489632 364.5613295680996 86.6381154111037 279.62084364070324 75.25076224257387 286.578152999984 23.355455999977043 Oyster-Closed 0
207.19585101430494 202.83912014697367 258.53935057086346 201.08575722079388 261.62456768404445 291.4210482479167 210.28107015671776 293.1743770241515 Oyster-SemiOpen 0
173.6933721576388 318.60871596874335 101.49817484974847 332.09316977757766 82.53249310331012 230.55579409939318 154.72422315058066 217.0716695289505 Oyster-Open 0
62.318068919630605 313.96025982986157 26.73129214293658 306.01623119501704 45.27527062937952 222.95937651341174 80.86065770414643 230.90324351975974 Oyster-Open 0
321.72384077687457 307.7779689895125 327.66784653637296 345.06655244021437 263.3883753217924 355.3102158703835 257.445167136244 318.02235034595714 Oyster-Open 0
274.13878058378396 291.9451800468397 296.57562956087713 312.22078775272684 243.0705138299345 371.4172322910635 220.63411587474184 351.1420980305592 Oyster-SemiOpen 0
156.07685737072097 331.08945249590784 195.59977957619049 322.33771591192647 211.84006027332725 395.66291840362624 172.31720519600276 404.41444456324206 Oyster-SemiOpen 0
263.7385347404197 335.8766085082337 329.9594610284985 343.8941284077245 320.33291171921155 423.38560965999443 254.11202264391613 415.36830307585217 Oyster-SemiOpen 0
179.28761546221722 415.5572758566473 155.9726635158986 437.7959697576674 110.53725595065407 390.1744020600822 133.85162588119783 367.9362253820371 Oyster-Closed 0
155.43952064371842 89.47758224145988 94.39351800526128 103.1922026124465 76.71412542679172 24.497702898806715 137.75965586673192 10.78313681112408 Oyster-Closed 0
205.02325197146638 79.36401208807811 213.695713362893 49.85096436201791 276.8998935575182 68.4234453849262 268.227580964729 97.93636474119056 Oyster-Closed 0
253.36296716160723 262.25567042132997 315.0553538878339 261.5731564144288 315.4301810215329 295.4492622285549 253.73779439788632 296.1317705493488 Oyster-SemiOpen 0
