414.22079791947544 115.03236915626805 400.3401909145796 117.04411825729784 393.91784349030786 72.73175949696768 407.79834800000754 70.72001800000061 Oyster-Closed 0
308.8193837276958 140.60933619183237 292.2621572623466 178.43956689842898 241.38204940163268 156.17138050612292 257.9393586293918 118.34142441090019 Oyster-Closed 0
416.00009650885113 186.60308600000002 398.51677809117245 186.60308600000002 398.5169268923164 137.105718 415.9999995317921 137.105718 Oyster-Closed 0
314.42111900000964 138.66648499999988 348.4032518459717 129.30193011685932 363.4550959451699 183.9198626051649 329.47299224850576 193.28434175234113 Oyster-Closed 0
27.445900358889048 171.23383601247585 55.50519560485918 150.06011597144 106.1682351563868 217.19446301064897 78.10920646082741 238.36787578656896 Oyster-Open 0
157.89875331639632 158.00266377968205 182.85479546763963 215.70341649785934 123.82041813102114 241.23374331251523 98.8651474504768 183.53364617691875 Oyster-Closed 0
219.3104584404755 204.6419056391235 230.06891871130938 242.3047399193304 173.2943790649697 258.5203836835565 162.53644870456992 220.85800317427524 Oyster-Closed 0
13.839414924819721 198.20502538774747 47.489095326582174 193.32858225259108 60.413251720634435 282.50295791000826 26.76359267312364 287.3793080439199 Oyster-Open 0
416.00029595367596 296.1251730000001 381.5917743253485 296.1251730000001 381.59235403087223 242.84689400000002 416 242.84689400000002 Oyster-Open 0
232.04089689679677 248.56479339666586 242.23501473498254 300.6690856427077 169.77898074032782 314.84181653299385 159.58594864271436 262.7384769289384 Oyster-Closed 0
406.4734734825033 317.15259940347335 383.94781619935384 333.237008435826 328.3434040523098 255.37605045534286 350.86827707757766 239.29204369098807 Oyster-SemiOpen 0
98.80507757626037 218.80891670448673 157.2457939754422 208.43862904864068 183.7770985486386 357.93459676046797 125.33649019617951 368.3044908663036 Oyster-Closed 0
383.56980200001635 335.101660000009 382.23161640723265 307.7531139259835 416 306.10107799997724 417.3384339105651 333.44936145789836 Oyster-SemiOpen 0
366.8003167615025 372.28101593950845 339.2569412459634 383.651347342087 306.3714812173712 304.0051987581378 333.91357889743085 292.63516901251 Oyster-Closed 0
415.2769692666443 350.540467960648 434.43235042631204 381.16162207571443 400.5831970721556 402.330547403488 381.4282750000493 371.7097950000036 Oyster-Open 0
331.1376824919571 417.8714919909965 294.7322600000007 415.9999999999997 297.34753686089243 365.1548964096985 333.7516813878319 367.0263554283669 Oyster-Closed 0
42.027093672069896 415.999917254324 42.02912470371666 373.53901601561375 134.32214288953764 373.54256821729814 134.3214689676788 416.0021171342191 Oyster-SemiOpen 0
90.99654977751197 34.82050367984498 184.16214702998332 28.99361801037101 187.21849484741324 77.8611501428089 94.05289807147346 83.68802153039783 Oyster-Open 0
1.4589599999671918 19.25372700000079 31.020394427858264 17.01371698465435 37.612720790028106 104.01223403428604 8.051288292241225 106.2522328722156 Oyster-Open 0
387.98515501200745 50.49588702248921 379.4899909676569 113.9097598960718 275.8536939197729 100.02586458686544 284.3492162274706 36.6124643870973 Oyster-Open 0
