414.75770601602926 116.44588911654509 408.57605889692786 116.37396035753207 408.9297420236471 85.98057844226112 415.11135499999 86.05250699999988 Oyster-Closed 0
309.14282333270967 138.31082739156764 287.61465869309905 176.05816798015522 241.55381364788263 149.78935677478785 263.08198360151073 112.04226781564043 Oyster-Closed 0
413.870366911764 192.7159053892781 394.54443279768384 192.49103830962287 395.0945048481044 145.22848854259854 414.4201629999916 145.45335400000002 Oyster-Closed 0
316.0784800000001 137.38933200000045 352.6024857454613 135.56130994255963 355.28416815069795 189.13918978911752 318.76016336766406 190.9671977024715 Oyster-Closed 0
91.55739047232055 192.8238372694735 59.08235185276135 213.66988236276558 17.24179112540878 148.49161525980836 49.716248999975505 127.64582200000775 Oyster-Open 0
164.15041562332772 155.76486546813092 163.47770577595293 209.69726576342902 90.75406808634216 208.78950165529335 91.42739944580535 154.85773428034858 Oyster-Closed 0
202.5279601097318 194.22852923196496 209.1816690485175 231.31236499790813 147.68905271007316 242.34407329064604 141.0358480725481 205.26068484378538 Oyster-Closed 0
0 168.674831 31.646838 168.674831 31.646838 255.81328099999996 0 255.81328099999996 Oyster-Open 0
406.7710665159684 307.25895512993486 352.67940700650433 302.84044780464643 357.8134496043167 240.01095333599505 411.9034657771699 244.4293928915237 Oyster-Open 0
132.4718547616758 293.587528819973 131.0700877002564 242.6206032782327 206.58203588393735 240.5437546169468 207.98468157096067 291.50978065066914 Oyster-Closed 0
368.48198853696886 321.1330577031184 341.6362979378937 333.7775165848365 303.124115315135 252.0230190325628 329.96873504032556 239.37885940511623 Oyster-SemiOpen 0
111.0807879479944 350.51133436167515 51.57763671937937 335.9852894638164 85.99377266463853 195.03549848566834 145.49324408285975 209.5610945609139 Oyster-Closed 0
341.05501443651156 336.1110583057201 342.19563866214594 304.5712083101685 406.57225160074813 306.8985753450804 405.43222362355664 338.4378526062071 Oyster-SemiOpen 0
316.00837189844606 372.87574683728695 285.15629761065793 378.52177548318514 270.4224940326312 298.023322191396 301.27308552666 292.3774342974286 Oyster-Closed 0
393.8817796074909 342.7903009626205 408.2236539056721 374.12483756873974 344.9373751775129 403.08299459949905 330.59634600007485 371.74917699999213 Oyster-Open 0
397.6369656951465 419.06287669331493 360.1355019999901 416.0000000000009 363.6430141832352 373.0754584026429 401.1433560673686 376.13828899697864 Oyster-Open 0
250.01805850769233 355.9040712208275 284.4454965233999 367.37416315250766 264.4182899195075 427.46984170851164 229.9909719999705 415.9999999999957 Oyster-Closed 0
0 401.97788189262695 0.8367718881636392 344.606374395161 77.6325135312909 351.77246721886473 72.27889300881361 409.1425432200576 Oyster-SemiOpen 0
107.67104791071324 65.24965516263441 107.34336732230076 17.47206610595445 207.7046836061745 16.78364306034006 208.03253947137273 64.56105719871748 Oyster-Open 0
14.16768367813711 0 55.378972551665356 2.091987336046572 48.82658141741922 82.29685458884602 7.615294000017457 78.93008700000172 Oyster-Open 0
405.4697068536625 56.38246927603004 391.22379334489233 119.75727266372941 291.5590969449404 97.35355964863072 305.8053023453758 33.97923005230284 Oyster-Open 0
