387.368101589851 190.0593844676178 346.19904109511845 195.44336726155217 336.8527065679409 123.97635471088324 378.0209350000114 118.59242799999971 Oyster-Closed 0
279.1716551060563 145.09960509454365 304.94268301134434 141.43507029902437 319.59993545908947 244.50696905987527 293.8289210596595 248.1714390585385 Oyster-Open 0
308.0222203268895 151.79764323662118 352.113760318447 147.45953359544285 362.3525484319689 251.51760561750524 318.26101958763684 255.85563433719219 Oyster-Closed 0
224.08986105126678 208.8643364783642 263.19943799997054 155.60638100001438 318.9382458874243 196.53530517079184 279.82940583401796 249.79259552502955 Oyster-SemiOpen 0
416.0004037764156 290.248558 380.3475889586407 290.248558 380.3480431580647 237.753826 415.9999857254297 237.753826 Oyster-Closed 0
363.25200486394533 308.37281474658766 320.76566566511246 317.0159245445641 309.0435104820572 259.3993389485934 351.528639350061 250.75635600634232 Oyster-Closed 0
110.52356830377539 279.07150552082976 123.7189736096152 232.43281549213262 205.13810609942448 255.46557845096993 191.94378932103427 302.1033346297731 Oyster-Closed 0
374.46170538195656 277.17266498203156 427.26979927114735 291.77433043438174 399.11510315208216 393.57855270126674 346.30718028276897 378.9773417990588 Oyster-Open 0
17.827044000012393 278.18717699999985 25.203545305303123 277.7145447504661 27.59565905594718 315.04332182557374 20.21915820628419 315.51594946043895 Oyster-Closed 0
238.23164305584214 358.1109682793404 255.20148803255506 327.490880972868 328.29093204139645 367.9882793811412 311.32203992606446 398.6075450286053 Oyster-Closed 0
346.8100168498786 409.90574843289545 339.62786113251786 428.98563114730655 297.54965137158797 413.1504938694903 304.73194200002035 394.07091599999586 Oyster-Closed 0
416.00014874297267 122.64098100000001 377.34787161000713 122.64098100000001 377.34809164983017 63.51522899999999 415.9999950846686 63.515229 Oyster-Closed 0
