1.6044870000332594 91.9209939999997 38.02896638268794 91.28522428875316 39.41701975139222 170.80742516795172 2.992540727602318 171.44318907858593 Oyster-SemiOpen 0
0.3546856288703566 20.319886791564475 41.63810451651807 19.599286534104916 42.77140100887482 84.52596654370417 1.487982178121456 85.24656464267282 Oyster-Closed 0
273.7920156696309 63.26707168973096 218.58730008174098 195.21508599932218 120.9691780754656 154.37342020076343 176.17436600786823 22.426831508226126 Oyster-SemiOpen 0
394.8484780462095 82.63984917943937 427.24645427457654 122.43386214005024 374.1771379402162 165.63831406180068 341.7794814426816 125.84459881903798 Oyster-Closed 0
81.78887720572311 242.1736806414019 44.227966579830536 290.739586505923 0 229.93819913274237 3.1658839999836346 181.37337200000667 Oyster-Closed 0
222.97959429674302 281.12742361065864 163.07571106787873 306.6269624421592 106.83589811406273 174.51741744246777 166.73672778770924 149.01862320112758 Oyster-SemiOpen 0
289.8697435109607 268.7311314173433 253.66265306879723 387.7542173069099 72.67782101302146 332.70103964051054 108.88815814326517 213.68418620032716 Oyster-Closed 0
108.23632202273438 3.785984261193632 122.88229332745686 81.9930849891262 28.217813929768454 99.72059861379233 13.572238000015204 21.513863999998993 Oyster-SemiOpen 0
43.16243863615455 412.2547382565738 13.04171010607024 338.1293749261063 107.94510051835096 299.5739540711881 138.06671860527422 373.69694823573667 Oyster-Closed 0
116.52326200001698 31.065694999996772 172.88621711490123 9.778211613804817 193.51399138564375 64.39435374625016 137.15106659469166 85.68178372497096 Oyster-Open 0
