377.2273887117881 137.14787952080383 338.79618706948895 151.41545130017954 312.92590381165064 81.73215511702269 351.35658400001194 67.4646930000004 Oyster-Closed 0
263.5499175566765 118.7813347345909 287.55765000182146 109.56982804193603 325.51978977202816 208.50571644440637 301.5121318067431 217.7170840400499 Oyster-Open 0
292.56235442453544 118.16240103715354 333.96524070559826 104.23682472020467 367.56239884048045 204.12250877555744 326.1596086316531 218.04787610479323 Oyster-Closed 0
224.873494262225 196.62305180292478 251.1485290000055 134.1456789999933 314.68479340520935 160.8648181242335 288.41056709382246 223.34150159355272 Oyster-SemiOpen 0
416.0002606451744 231.078635 389.1025153694827 231.078635 389.1027769533903 177.05888000000002 415.9999952459875 177.05888000000002 Oyster-Closed 0
381.6652850583778 260.39793443470046 342.52351910139987 278.08184277720403 318.0964036597252 224.0192382215851 357.2373143244986 206.33555357172145 Oyster-Closed 0
135.36040904273978 296.67699005898567 136.4116545982033 246.83634678498603 218.7676534096354 248.5728552579685 217.71741726253094 298.41251080080366 Oyster-Closed 0
416.00086311676205 335.216395 383.3248960790661 335.216395 383.32575661680676 230.974539 416 230.974539 Oyster-Open 0
35.498615507291106 321.13298178027725 56.43110093047653 317.8385908077908 63.719556467902294 364.1401019689718 42.78708175338761 367.4344465177174 Oyster-Closed 0
274.36145906951424 342.0230304045652 283.76126276859213 307.2687693079782 362.54621447604586 328.5728926675144 353.14738956495785 363.3263108835563 Oyster-Closed 0
394.43142934845673 369.7895532139156 389.0296228679654 392.5159941458287 341.1276300422578 381.13251947556427 346.529688326882 358.40644586820235 Oyster-Closed 0
405.7962340741251 49.01101363315467 359.1892600210231 73.86936213878266 330.70832745111693 20.470351511865903 377.3151544114662 0 Oyster-Closed 0
