196.85291930339372 153.18044987016938 177.99360830469595 107.06580062225375 284.9871935780502 63.30967222523999 303.84670250183626 109.42382826414551 Oyster-Open 0
167.76542134653937 1.621584295426391 181.99981635941367 12.36109464728167 154.97630975566062 48.178627811214305 140.74192400001266 37.43912800001248 Oyster-Closed 0
0 91.748182 68.710082 91.748182 68.710082 193.698733 0 193.698733 Oyster-Open 0
188.2059211975793 205.34061380057014 135.09130984284275 204.78082570831123 136.14750890706637 104.63226958000263 189.26070322282612 105.19205032456402 Oyster-Open 0
241.751841116773 171.75885893596077 248.65515635374322 205.06125300937384 194.24493752598937 216.33888125421387 187.34198371328966 183.0368033779723 Oyster-SemiOpen 0
158.94266219434576 6.476411351166465 157.87532346599255 32.670996474460274 134.62363997342254 31.72356174814204 135.69098800771462 5.528984267205596 Oyster-Closed 0
220.16116086071634 1.575435067061236 261.8624359999885 10.670076999998832 249.50251611984277 67.34339354378456 207.80124461159357 58.248767241454296 Oyster-Closed 0
64.76142980134318 185.72145963050107 110.00029871166407 187.3719138917217 107.10530154824664 266.7168654335701 61.86643325397381 265.06643770531105 Oyster-Open 0
174.5536278783511 278.62426172728027 149.87559636187143 255.5274925044494 204.83102812156721 196.8159545546409 229.5086097953208 219.91233781031818 Oyster-SemiOpen 0
192.23505980459595 302.76015866753283 164.92745434021708 266.6071419607003 247.58099582954674 204.18321513338608 274.888267149101 240.33541074185823 Oyster-Open 0
387.5466741866221 348.0644047205485 341.08233381702667 360.6410603363231 332.01876060066206 327.16078255062047 378.48218997124786 314.5842573219043 Oyster-Closed 0
354.30464992646375 353.30668746836943 286.9827355124544 392.4841720417613 242.85068388391664 316.6615075170245 310.1698493105105 277.4850454143438 Oyster-Open 0
287.01679356942986 386.6804789960538 263.95404985242203 407.8922651705007 234.7604055912161 376.1587950491891 257.82278390224747 354.9473102869576 Oyster-Closed 0
0 416.0002122014179 0 352.02743600000093 83.98924002257263 352.0286252723688 83.99010879992056 415.9995565730012 Oyster-Closed 0
311.5169892199956 419.7215213600319 286.8956867315828 410.20848731970756 297.869171133294 381.8160140788307 322.48999962475136 391.3289460941532 Oyster-Closed 0
336.4213950000012 415.99999999997675 336.4222986108798 382.00799415444374 383.77771210551873 382.00913911269714 383.77737499438445 416.0005786726131 Oyster-Closed 0
