90.14561675817822 62.0249849962818 71.89251980380868 121.82218990933482 0 95.48399792373525 3.862323367022327 35.68712907702573 Oyster-Closed 0
132.02836613745603 114.94895540966732 104.74369432817548 141.4818727167108 58.946204422649316 94.38752521753703 86.23070906445719 67.85476401041764 Oyster-Closed 0
346.29299225788054 66.51004610342798 383.83930728137784 91.713177434246 341.3794226130776 154.96622865707843 303.8332634015933 129.76328646165197 Oyster-Open 0
124.54812893780036 172.1489646779865 95.8328374019984 157.46806999767742 129.53381464474296 91.55289981008279 158.24869841778855 106.23366874292658 Oyster-SemiOpen 0
0 6.57306 23.823513 6.57306 23.823513 50.435 0 50.435 Oyster-Closed 0
312.77566211083104 1.819656947866152 312.5645894577501 38.10299533381752 259.78537406653413 37.79592086818589 259.996478999994 1.512615000018374 Oyster-Closed 0
0 145.247337 30.945192 145.247337 30.945192 208.372035 0 208.372035 Oyster-SemiOpen 0
354.10588355607615 115.65541767698042 398.2340110799523 120.3254376221262 387.744189571029 219.44173244053675 343.61607191106305 214.77178248841213 Oyster-Open 0
110.14175901015187 220.23355996437562 49.239459557520604 229.58987045591127 36.26278772528167 145.12128973456137 97.16343292671445 135.76510888287686 Oyster-Closed 0
169.28272066686986 18.878301172561137 181.25407601509505 0 247.46584725710272 11.02501394053598 235.4945197940615 43.37808220258105 Oyster-Open 0
287.4547167793862 327.7419315112097 175.75487406707543 377.8150368087614 94.86846569553381 197.39231104067812 206.55997100836248 147.3213055358301 Oyster-Closed 0
0 263.182058 67.03941 263.182058 67.03941 350.148956 0 350.148956 Oyster-SemiOpen 0
29.593463999986852 381.95842800000725 10.64698980668254 355.1313680705302 82.80941685549988 304.17770139155857 101.75566990670632 331.00403622054057 Oyster-SemiOpen 0
136.29385849884784 46.04439988717602 104.83686702611158 85.80063122239231 39.45975452433777 34.07124409512031 70.9166816769939 0 Oyster-Closed 0
305.3253777575155 318.3608024495925 352.722205273687 321.46759714149874 347.5524987560384 400.3187261503746 300.1556783288652 397.2120094027255 Oyster-Closed 0
221.85626099999354 355.68401799999737 259.6799402652214 336.33881058657767 291.19519283346017 397.94292701993663 253.37181474620957 417.2876895595713 Oyster-SemiOpen 0
209.55685847148925 35.49226349975124 198.8917752403977 103.51455356128368 153.40830451572037 96.38321564379346 164.07353753540156 28.361120670212937 Oyster-Closed 0
