89.3551478736481 63.86845436888868 77.79153983684228 124.65682586265847 0 108.27120527402454 3.2198267463645607 47.48320710919931 Oyster-Closed 0
137.21314637780597 111.60288299681483 113.8131721270729 140.79494330901207 61.6462492370556 98.9792333508681 85.0461325650831 69.78734891461367 Oyster-Closed 0
343.9063677076156 41.493509637432965 385.0657081422178 62.041959698557655 351.522213872413 129.2299848917247 310.36295329865607 108.6816520716933 Oyster-Open 0
137.92765818928456 168.75476575212846 107.06264179080972 157.81322667543424 131.42484392040205 89.09282731736185 162.28939583207466 100.03427619242542 Oyster-SemiOpen 0
0.4786532823673042 16.450242474427075 15.935572129012144 16.000493603086923 17.218274241215113 60.08416783226932 1.761355462767824 60.53391604472871 Oyster-Closed 0
300.4301210000085 0 300.4301237688196 19.114062867359827 259.22049591393807 19.114059609875206 259.22049899999547 0 Oyster-Closed 0
4.466220000027533 153.4940239999996 46.14699212587584 152.28131671965667 48.01765979308402 216.5726133682304 6.336888357724092 217.7853078420733 Oyster-SemiOpen 0
358.6611499454848 89.65873092648312 403.2253136144027 88.14636866783144 406.60493755549396 187.72940103115187 362.04077503898225 189.2417444258969 Oyster-Open 0
130.0448930963139 217.80216780271257 71.27681876476345 235.44849019846993 46.57887196986485 153.19865891626992 105.34540086484776 135.55258413969645 Oyster-Closed 0
165.60898475059366 13.796044173101405 172.367573253312 0 236.79120256183887 2.8311244144800725 230.0326293909893 29.888326963486623 Oyster-Open 0
329.8268377112654 298.47919129208344 235.8279788655127 370.2244133492555 111.06592575077957 206.7778791917374 205.05954184044094 135.03562462698528 Oyster-Closed 0
12.587577000042074 270.6523429999975 93.55552204138803 261.1757974330804 104.05946917467736 350.9077008648917 23.091563502093777 360.38400930081025 Oyster-SemiOpen 0
72.4609749999945 386.7457029999923 50.18264411325799 361.86348977960984 114.67594341182121 304.13194733793426 136.95377420790464 329.0134964608664 Oyster-SemiOpen 0
132.03437810384276 43.05810251699121 105.97066529589938 85.54815056424496 33.7149302469079 41.22595131616782 59.77862749502674 0 Oyster-Closed 0
338.30619707912774 294.95309347577154 385.83796860949224 291.42093861896456 391.7024739811932 370.32434745898814 344.1707120639403 373.8564200492506 Oyster-Closed 0
260.34835399999065 340.6191829999937 294.8050119676009 316.74413319224334 334.8999917017936 374.59738181297035 300.443775343545 398.4719009616659 Oyster-SemiOpen 0
155.43335734687207 91.08965429234914 158.03836357887485 22.693561501577584 204.23208891721515 24.452986514215194 201.62725522842084 92.84890119806825 Oyster-Closed 0
