406.69674936563024 67.4502740237085 382.92645739677755 96.10286859822943 332.41793448026147 54.201014065257596 356.1881609543998 25.54852770445283 Oyster-Open 0
232.0545566350338 116.75464231817185 200.09087300385727 109.00468565763731 214.49073964608033 49.61573388431004 246.45415500001036 57.36565700000286 Oyster-Closed 0
259.46983399999954 0 259.46984270715257 26.00034999048009 194.5316921388512 26.000339346418976 194.5317020000184 0 Oyster-Open 0
284.02702999308167 201.5341656866725 267.26494878316953 159.46515581227447 357.93547350872177 123.33958058586498 374.6977842968445 165.40800437398346 Oyster-Open 0
360.4951929999661 0 360.49521369399736 32.41588435452104 281.77352891544797 32.41587105878613 281.77354400001786 0 Oyster-Closed 0
218.50858672427785 172.41297297746482 269.73190435931247 165.544886332935 281.47850620368627 253.14687870270538 230.25521238019064 260.0148527151478 Oyster-SemiOpen 0
197.27495601867122 296.0340486863271 125.6184903343601 317.160650925207 97.19119420522475 220.74817440659933 168.84462725994672 199.62204428698607 Oyster-Open 0
86.06092021223958 309.9944785254913 50.30694806770043 305.7660203923185 60.340252462756325 220.9459889153755 96.09279877021982 225.17436133775968 Oyster-Open 0
341.5343244340038 258.62136290959364 353.5768429393356 293.8719309415967 289.4848944699479 315.7635060521622 277.4430915679477 280.5135488529312 Oyster-Open 0
294.3144525576281 250.93422940272856 318.3349871664577 267.52712763404264 271.1030529087402 335.89139696201255 247.08281170275222 319.29885609990976 Oyster-SemiOpen 0
180.54045974453038 309.86924697413605 219.70295279132188 296.84482941278077 242.6669930998869 365.88132584640556 203.50463114340164 378.9054615022692 Oyster-SemiOpen 0
335.3964669293964 391.8843441381035 275.58359408242177 379.2006787567401 296.32823074367843 281.4040070767261 356.1376669419842 294.08729489716416 Oyster-SemiOpen 0
222.88714592319593 399.02951152391955 200.1971270155991 427.5980803421174 139.63387638083077 379.50850432876774 162.32352156504567 350.94067589192196 Oyster-Closed 0
131.94160719697902 0 156.81979588445392 71.65911682517704 96.36478482413077 92.03737134976927 71.48681822046638 18.233802154732857 Oyster-Closed 0
205.35386317950542 51.306528025934135 208.96070597077778 20.16704879358506 272.4073024466088 27.515945741288974 268.80053506735567 58.65535282356371 Oyster-Closed 0
279.8513611471062 257.43748237729955 272.90759341693774 225.41530441232757 331.71610919954765 212.66427056421173 338.66015951799636 244.68604046058047 Oyster-SemiOpen 0
