6.889065511884837 44.39494002985638 38.99551617131874 0 126.04158019721945 50.119561259066856 93.93540097973892 100.19971233335106 Oyster-Closed 0
159.66951535378757 99.06678868921111 132.19955764161568 123.2419258892018 86.9892987944404 71.87048418801876 114.45909575888436 47.69546729547776 Oyster-Closed 0
374.3007472496829 71.0702855315475 412.3306840363657 98.73331137076109 368.9349286618235 158.39039771008282 330.905171850085 130.72758027377515 Oyster-Open 0
152.0356622517029 155.04938077576182 122.76499446954404 139.00024025283577 157.15505010310153 76.28115146338143 186.42537505272048 92.3301754434656 Oyster-SemiOpen 0
20.372823 0 50.112873 0 50.112873 22.358814 20.372823 22.358814 Oyster-Closed 0
342.4439689999999 0 342.4439804380818 36.61662636337476 290.3477461196453 36.616608388432844 290.3477630000052 3.793606596315609e-12 Oyster-Closed 0
17.05449266753567 103.68675792338223 61.99843347364367 105.26096481873137 59.30928585993388 182.03419872080383 14.365345292990241 180.46000724748802 Oyster-SemiOpen 0
381.72482860721357 121.77093100474065 425.99088113622565 127.01734816286688 414.2292204388177 226.25009000848775 369.96318249755495 221.0037551360179 Oyster-Open 0
125.94583399565818 116.0018358282337 136.13144838387234 201.96274060064835 75.02020006679959 209.20288487889025 64.83541921652795 123.24274817454824 Oyster-Closed 0
206.067948956108 10.140526719991756 219.51608471835425 0 276.76367626464344 7.89963212462557 263.3155558747021 36.78927233946837 Oyster-Open 0
321.6447613063465 320.5161704036019 219.22435199652318 375.0018873433221 120.23107449689633 188.93274419634088 222.64416812175477 134.44933719203502 Oyster-Closed 0
16.239404999960243 232.2343050000012 89.19547998805137 227.13347818154122 95.59917716664131 318.7128168815152 22.643112946385372 323.8135283427494 Oyster-SemiOpen 0
54.89158899999529 357.08510799999743 37.131475531248725 327.927349207867 109.12415573309409 284.08420944116585 126.88421191589805 313.24126556185473 Oyster-SemiOpen 0
164.9721107283658 30.464666548807486 133.2723590653368 67.08024550674466 67.87858302703171 10.465905440641313 99.57826739194206 0 Oyster-Closed 0
330.71393659050955 319.0452267509818 378.3742294619842 322.7435597931776 372.23075162322857 401.8969290645163 324.5704689037775 398.1986896462077 Oyster-Closed 0
246.80668299997342 348.6123050000078 283.6876267708976 330.7774745645717 314.1454732295315 393.7474562675845 277.264792982598 411.58187850562143 Oyster-SemiOpen 0
179.70635438953832 82.26181164375119 195.4573935478329 16.174686581592596 241.37012601025708 27.11742046435905 225.61926980660064 93.20437879192383 Oyster-Closed 0
