0 65.47746717256247 19.112633164106228 16.656574162348818 108.39840911357896 73.60592967144518 77.25909526227406 122.42648219804518 Oyster-Closed 0
143.17481610286632 122.4078573886555 116.96078696479526 146.30224581930764 69.57813663941852 94.32061984115617 95.79197250539437 70.42638746322271 Oyster-Closed 0
355.18578065969996 97.28690759694697 394.9990748502569 124.4420076885487 354.4161003684385 183.94027512725867 314.60300880789146 156.78541926927772 Oyster-Open 0
138.4977862946107 177.76109590479487 108.0473356340517 162.4889278684504 139.28965531269205 100.19917868156587 169.73967372870902 115.47121682006369 Oyster-SemiOpen 0
0 4.651561221640394e-14 31.639105813108472 0 32.15366428907146 43.85292207206598 0.5145585195205058 44.22107565258409 Oyster-Closed 0
320.54707462067745 24.28954078164703 317.5928888225717 63.27641991109226 263.88968231857507 59.20704491329104 266.8439352677633 20.220236368250372 Oyster-Closed 0
1.4590409668235225 125.3896046926317 46.23000805243646 124.86867428693358 47.13752887458031 202.86156336937407 2.3665621831605677 203.38248788793584 Oyster-SemiOpen 0
365.15572790545775 148.6367497960293 409.86587437480557 151.830201442684 402.6608032199838 252.69870293945135 357.9506622270128 249.5053092288196 Oyster-Open 0
124.80958659102544 224.27828213220684 65.72616308885699 235.20910281847208 49.25076541562885 146.15684196477255 108.33248235193605 135.22618330990903 Oyster-Closed 0
175.54534976730793 29.332615419484405 189.58560299699093 0 256.91817889206504 31.10419755662337 242.87799175796317 60.977891697182585 Oyster-Open 0
100.41485427164298 248.25618778495124 163.10810383208445 159.6320159473169 346.8078542244839 289.5693053068464 284.12004912214616 378.188650531152 Oyster-Closed 0
2.942920999983471 252.91404600000027 84.18162350066268 251.9689096136838 85.25945091910035 344.59920565277844 4.020748721999553 345.5443186182036 Oyster-SemiOpen 0
50.8997939999972 379.6259670000056 32.46594881276906 349.8443864548066 101.54825622919452 307.09353704786383 119.98202506666348 336.8743774946128 Oyster-SemiOpen 0
145.59634468142758 54.27556059355304 114.44946864085432 89.8935818166963 47.63731123088655 31.468469270605027 78.78409743783413 0 Oyster-Closed 0
321.8266214545838 415.9999734937069 321.828206765862 344.7855022518451 369.45083334012816 344.7868993743801 369.4503894394329 416.00021221081954 Oyster-Closed 0
241.49976699997933 373.37424300000004 274.1902825533507 354.11489914140293 308.3719676444598 412.1194733385541 275.6817834274698 431.3783695020784 Oyster-SemiOpen 0
160.9372014805558 105.46122538833023 177.13862875380073 40.345530093234785 224.02256787162696 52.01068447024542 207.82140310049726 117.12614472985229 Oyster-Closed 0
