403.4957587499048 72.74224858589358 380.8682464956946 101.33739625853718 328.3580206185943 59.78596798682702 350.9854711952139 31.190939776451316 Oyster-Open 0
231.01931649124526 122.69857618717845 198.45220295085892 116.31023673576661 210.0566952266454 57.15343584064412 242.62351400000261 63.54174599999954 Oyster-Closed 0
254.6241049999917 0 254.6241196451083 32.313498041550496 181.99343586779287 32.31347860028574 181.99345400001766 0 Oyster-Open 0
286.36014112476187 207.44844434408282 268.9273119699792 165.02497169326904 358.15588547075095 128.36037320402917 375.5889355261497 170.78324144077652 Oyster-Open 0
354.95400000001246 0 354.9540244947566 38.21948868036702 274.3071992760779 38.21946201234027 274.3072249999859 0 Oyster-Closed 0
220.1432083219006 179.23657656551202 270.7079744645889 170.07735748763088 286.70628948287776 258.3918498854767 236.14156726598594 267.55091205352977 Oyster-SemiOpen 0
204.32405484123592 301.46571470032995 134.45336369401412 325.4114291360835 101.29153451997627 228.65685832119593 171.15920903910956 204.71170182392063 Oyster-Open 0
93.91746107118524 316.44522454357065 57.84774870294859 313.8517614961611 63.98575025156606 228.50668665178517 100.05397562669168 231.10009574414073 Oyster-Open 0
347.6003688812161 263.690212145 360.11394007837225 299.21745981198933 297.6778143550473 321.2049606645494 285.16496136460046 285.6783252192048 Oyster-Open 0
299.38203865343166 256.6638640517998 324.3983138362819 272.75518989721587 280.3820798939778 341.1738491367227 255.36607595118403 325.0828690143957 Oyster-SemiOpen 0
188.5183517395635 316.1998667546903 226.6088957008251 301.6991860729512 253.00921255931462 371.03435030435355 214.91883896603395 385.53470550878603 Oyster-SemiOpen 0
297.3983511200204 296.7127123834541 361.997649158664 298.18874347302096 359.8658781420527 391.4686504095624 295.26658114670863 389.9926609798642 Oyster-SemiOpen 0
234.95112871769015 404.7055212200209 213.35229295561294 433.1798519097015 150.5211797030861 385.53193344899137 172.11969542871884 357.0583669425939 Oyster-Closed 0
153.2447226805598 77.48542819957952 94.43530625716448 100.08444429257122 65.9049413179855 25.839725268169413 124.71398502327429 3.240786500959786 Oyster-Closed 0
200.61669272817016 57.66704804791092 203.99702353432076 26.698794703513315 268.42072894294324 33.73090135753748 265.04048608391895 64.69907030055917 Oyster-Closed 0
284.6236259850193 263.2013388638113 277.3993439573278 231.00824481697373 335.9182875697188 217.8775660922176 343.14285429825395 250.07024193874526 Oyster-SemiOpen 0
