323.46103763773135 158.73460479197703 302.13539570085777 193.17084150332607 254.06043228819544 163.40012653649234 275.3860480867261 128.96416541083008 Oyster-Closed 0
329.70446299998366 157.9563260000019 365.39234100797694 153.48013762151555 372.334666315066 208.8270664867346 336.64679554239774 213.30321429727027 Oyster-Closed 0
108.72604321533436 195.20723687793713 79.13748481230141 215.4620203198906 33.1467061809235 148.28114355819292 62.73472700002094 128.0266179999881 Oyster-Open 0
188.50086059042587 171.88256983230258 175.03915141432662 220.9632854405 97.47549746701043 199.68999680763204 110.93760158851 150.60994550826243 Oyster-Closed 0
224.14969118815497 205.76657146189126 228.15248462045201 243.90190935997904 168.40732810657573 250.17176437213132 164.40503488501054 212.03688706070065 Oyster-Closed 0
13.511218131126952 165.51835215281005 47.22030762675422 162.76694075556807 54.43681243934043 251.17437403068246 20.727728698224382 253.92574086081123 Oyster-Open 0
416.0003573121285 331.141104 379.06132819438426 331.141104 379.062091425003 275.09037299999994 416 275.090373 Oyster-Open 0
152.47080130587347 299.8575909985936 154.9261039504454 249.19368996136365 232.32390264489368 252.9438066811878 229.8695969140099 303.6067590597741 Oyster-Closed 0
395.2708329563138 344.14713876100933 370.66137218391304 357.14225852236524 326.5606897501566 273.6405606994109 351.16908925095413 260.6457862134624 Oyster-SemiOpen 0
99.28207189825116 199.90592713155075 159.9714220297974 198.24674450873485 164.0269189966457 346.57141227763725 103.33757163102564 348.2305366734629 Oyster-Closed 0
416.0003815770251 363.6004720000001 369.72820500172384 363.6004720000001 369.72867979382863 333.683587 416 333.683587 Oyster-SemiOpen 0
346.91435686926707 390.7305628679433 317.5962703989753 398.280373421173 296.41384155337073 316.0390273037267 325.7304206485642 308.48942312438106 Oyster-Closed 0
413.7108102983693 372.8006028944028 426.85451434654897 406.0357626397978 375.1213758330887 426.48844534049545 361.9784409999811 393.25393799998926 Oyster-Open 0
305.273015908253 423.69777728758413 269.3568429999905 415.99999999999636 278.5209786821324 373.256945398755 314.4360942493731 380.9546058966465 Oyster-Closed 0
20.772143411941215 396.6210824587508 30.13486652899519 340.89246289228896 115.98298241925659 355.31141904706186 106.622057059918 411.03845741103703 Oyster-SemiOpen 0
119.39069487572488 21.785636456369726 214.65098915046838 30.520950135745174 210.30146275140214 77.95322438519449 115.04117418160604 69.21792961834434 Oyster-Open 0
17.40311415492033 1.4206039950128861 58.886161049660586 1.6654160711670547 58.44244761661321 76.85186920232637 16.959400660438405 76.60705773819562 Oyster-Open 0
417.2853261434502 85.07487386846526 399.6069597554233 144.8895806686559 296.9395698873377 114.54590975000872 314.61824132939364 54.73180749948237 Oyster-Open 0
