106.57844860725163 137.82270589494675 65.08488574794683 115.76352053685346 101.3989837784502 47.458032984682 142.89211113344572 69.51707518082564 Oyster-Closed 0
17.68784190228689 112.0869192093085 63.8016245279141 110.27761509126964 66.8642822150432 188.33295515501095 20.750500597529026 190.14224069108027 Oyster-SemiOpen 0
174.0780161819639 112.581137032463 234.96927859146308 111.10592737765381 236.83173978860214 187.97884621337198 175.94047782669077 189.45404087266496 Oyster-Open 0
89.93472759169526 229.9675277372976 85.06974392676784 158.4851113048582 187.10015044168904 151.54112467620124 191.96627296352744 223.0223364754374 Oyster-Open 0
330.9491186097075 176.73193262495639 337.46157408196814 214.0957893870651 279.9102772024271 224.1257047104993 273.3982589999978 186.76223899998772 Oyster-Closed 0
215.97194396720806 246.4066231246235 209.9739391992007 271.60251531787907 172.40045559870123 262.6587752130822 178.39860758147915 237.46310398166014 Oyster-Open 0
168.42656487266504 318.89345832863296 98.68040241578638 323.64440066594176 91.54344758073785 218.86263239628016 161.28624120100721 214.1118033021886 Oyster-Open 0
30.02980088312688 270.14425417412224 85.92617288843758 286.75215977107035 69.81284709501779 340.97505734113804 13.916579529668525 324.36740443057806 Oyster-Closed 0
133.95924511516205 401.53968143290706 127.80418601767087 334.0677929786472 225.57132251064468 325.1504783685206 231.72827711592618 392.62026791473977 Oyster-SemiOpen 0
196.09050632086655 0 196.0905534379017 60.69195679189073 124.13005577610966 60.69189095062005 124.13012096336752 0.00001951873278243404 Oyster-Closed 0
40.316277539084695 413.66693840723667 7.369425624343421 402.70162933685856 25.317259641022247 348.79089188739624 58.262947771087056 359.75599033907895 Oyster-SemiOpen 0
355.8091925286899 0.35369619087422643 363.57229944384744 34.476970118106316 279.4333274725541 53.6186065193141 271.67029767326676 19.49539581798937 Oyster-SemiOpen 0
