369.38273733244205 152.98783485920205 327.8934303638016 160.4510886967856 314.7603054957217 87.44258477084998 356.24894699999277 79.9793940000039 Oyster-Closed 0
258.8583897729004 120.59805567665002 284.85095375983656 115.61232471033883 304.64594938109076 218.80693723996689 278.6534070286216 223.79259090407024 Oyster-Open 0
288.1617744000796 123.90838423062338 332.4899047594008 117.42317038029383 347.1307100990416 217.4924565658702 302.80260008193363 223.9775713290074 Oyster-Closed 0
245.56095170243134 137.18933031843184 301.2391235238538 169.55882295099622 266.26699361357896 229.70992970420576 210.58908408182833 197.34080013034884 Oyster-SemiOpen 0
380.50284949102206 188.3845576373467 413.8127293660946 199.47590890088864 395.85587025524364 253.3999224250498 362.5460469483842 242.3086938868091 Oyster-Closed 0
350.6793608972803 273.8071211920437 307.6624207472378 284.8470763798721 293.4806843276274 229.59242152700708 336.49658398191605 218.55260677265582 Oyster-Closed 0
100.12991520201103 287.9018577876326 105.5470369095201 238.18972405652292 186.54500676870157 247.01467903643362 181.1289292628353 296.72585739313087 Oyster-Closed 0
371.1995376827872 353.0149807088866 324.15625939879465 328.95522377223136 376.8548037634937 225.934788400925 423.89574124728824 249.99381703943436 Oyster-Open 0
0 301.96403 15.746181 301.96403 15.746181 345.987078 0 345.987078 Oyster-Closed 0
230.2498200614791 345.30472728538405 243.23178938099227 310.7052286958607 317.11706411983687 338.42175717794044 304.1360679466925 373.0204289058608 Oyster-Closed 0
342.34560905220496 382.40152615595633 334.67360521922456 405.04988016577994 289.52827556943157 389.7606443092718 297.20046348202595 367.1126542250914 Oyster-Closed 0
407.52976117436265 417.0748295206498 368.309874522507 415.93418356834763 369.79910419850785 364.76536645507827 409.01760217967603 365.9059921246001 Oyster-SemiOpen 0
414.4106242470698 68.14779683363201 362.35514554750625 85.49747284624742 343.93916881562836 30.242519668268105 395.9943998043782 12.892888293438936 Oyster-Closed 0
