104.21490558508958 154.07871282221674 58.74820958179407 137.18294067832585 84.97840934653868 66.59990411183331 130.44449744107624 83.49555032214205 Oyster-Closed 0
11.18895733532554 138.20488378643145 56.670332457240875 129.37046529638397 71.67538850231358 206.6160406943893 26.194043142055307 215.45035427361847 Oyster-SemiOpen 0
168.44430296626888 125.24460883640236 228.70104139734394 114.48105308870741 242.5450359561546 191.9798615536775 182.28832797694122 202.74329931226842 Oyster-Open 0
100.19493997074096 246.65275439364592 89.20032303645348 175.98775699115606 188.807122915503 160.490857374348 199.80277853490406 231.1546024753742 Oyster-Open 0
336.430668128618 172.67338815039653 346.19578637150335 209.52237726222435 288.92031164296714 224.69907422902156 279.15564099999756 187.85047299998524 Oyster-Closed 0
231.12079550420094 251.69130481538483 227.580648644147 276.8325027389532 188.6018790054004 271.3443012214522 192.14221435194486 246.20333379757923 Oyster-Open 0
192.85107426421382 323.6141278149394 124.5015184454569 338.95174775227446 101.95896228425772 238.50293459261198 170.3052446093243 223.1656908200387 Oyster-Open 0
47.15893165390298 291.5551479414187 106.24895356374327 300.18025928625923 98.16725676880742 355.5373996799898 39.07726315286345 346.912426022239 Oyster-Closed 0
169.89961884359218 411.7800786372889 157.95484631665386 345.1124493941328 254.53801929845213 327.8114609297579 266.4844371259205 394.4769442208996 Oyster-SemiOpen 0
122.40033930463323 0 180.85800788430424 5.893651963718618 164.24744751122125 84.48971262534619 105.78979006506052 72.1352751337375 Oyster-Closed 0
81.39314036070937 419.65889755400764 46.34610300730492 413.31814604622286 54.26520715548031 369.5624229307705 89.31117549667033 375.90307463318123 Oyster-SemiOpen 0
334.76861104708223 0 345.5602166808276 30.425612464927774 263.9696843560632 56.6287299997502 253.17815429541952 23.026360210621505 Oyster-SemiOpen 0
