415.3908896576686 126.50237612018024 407.2701363207598 126.45513200836439 407.46781884468874 92.48206904775618 415.58851799996773 92.52931299999986 Oyster-Closed 0
308.723320509489 145.60531173948976 287.37214302242865 182.7250863830072 240.71520604694524 155.88899885317136 262.0663858190019 118.76948759496017 Oyster-Closed 0
414.9581067046347 200.91731210398626 395.03163729852895 200.80138912734873 395.30684698553887 153.51879090001745 415.23301800002446 153.63471300000015 Oyster-Closed 0
315.46786599999905 144.66859500000015 351.8357260046614 142.00737469000896 355.7894979399098 196.03651427983826 319.4216401577214 198.69771287925786 Oyster-Closed 0
92.20751553299851 197.29127653666202 60.50825494691162 218.18961782966701 17.338030580936902 152.7109665612433 49.03671200003373 131.81288699998854 Oyster-Open 0
165.21787253042203 161.3184831725203 163.91588539763325 215.24598184870587 90.29382951716616 213.46786437431672 91.59645542685394 159.54102505120622 Oyster-Closed 0
204.10680001964647 200.1008639294957 210.4171600672089 237.49835174424607 149.41165537254346 247.79076716857216 143.10180944706735 210.3937373139319 Oyster-Closed 0
0 172.302784 32.827162 172.302784 32.827162 261.317894 0 261.317894 Oyster-Open 0
410.05873014046665 315.7474097075013 355.78621445825775 312.57908140235673 359.4665374732831 249.5644746502679 413.73734772023454 252.73275290983645 Oyster-Open 0
133.82491379987187 248.51364972517433 208.90689046698026 246.0217029615965 210.60744792853802 297.2529053705025 135.52547259501807 299.74482148480024 Oyster-Closed 0
371.95761119453164 328.8670510784659 345.69175261237615 341.7596181366273 305.42605600041134 259.7390203395146 331.69084157710677 246.8467697448124 Oyster-SemiOpen 0
115.71736557240001 354.83623376293684 55.488314634483686 341.516858906404 86.82670785597657 199.83877764347156 147.0519266066185 213.15773182460597 Oyster-Closed 0
345.05059778008945 343.8596506589198 346.55764991905016 312.3573928136781 410.0261296376775 315.3927598185053 408.51968558019144 346.8944389960383 Oyster-SemiOpen 0
320.75695730046573 379.7850199830409 290.25541545753003 386.0539981206488 273.6232752816868 305.14469895243343 304.12331562969484 298.8758819275657 Oyster-Closed 0
398.40881027909563 350.9776189133806 412.7854590714196 382.81693767491777 349.8052040233997 411.2466024326635 335.4294269999882 379.4080249999835 Oyster-Open 0
370.3166420000125 416.00000000001984 370.3172781477115 384.34946817838266 405.74201303434893 384.35012525488503 405.7417723662802 416.0002632542035 Oyster-Open 0
254.21451295262887 363.04860248321313 289.0290411799724 373.471793057278 273.17161436236347 426.42299119040655 238.35717199999272 416.00000000000074 Oyster-Closed 0
0 405.1133526693184 1.0733413358320831 347.75325149876613 84.15131469578773 356.46708749721256 78.13483171879125 413.8256102291249 Oyster-SemiOpen 0
105.31161195461391 70.03500666857845 105.540691516464 22.218675888592276 204.85861850803485 22.694365786471167 204.6297390316031 70.51050522660273 Oyster-Open 0
10.62308967169156 0.4239214020379622 51.972123892941454 2.8381139885141233 47.1763715583038 84.97706639236387 5.827337999970041 82.56288099999882 Oyster-Open 0
403.99684311119563 64.88373311881506 389.207109553623 127.67212385578871 288.7474091427539 104.00871482176169 303.537455775986 41.22084275850058 Oyster-Open 0
