0 84.41551 32.360161 84.41551 32.360161 163.213602 0 163.213602 Oyster-SemiOpen 0
0 13.455507999999998 44.364601 13.455507999999998 44.364601 78.129555 0 78.129555 Oyster-Closed 0
270.93342954454783 67.56938847834945 206.71532826586918 198.73178906331353 113.69761422399097 153.18982408388595 177.91597997650751 22.028828448198524 Oyster-SemiOpen 0
390.5924111196582 93.87619935971985 419.71561076506987 134.52929024829174 362.96213334899585 175.18484685754112 333.8393069795202 134.53209207418485 Oyster-Closed 0
0 181.305626 53.82271099999999 181.305626 53.82271099999999 274.238106 0 274.238106 Oyster-Closed 0
191.02002894449834 292.13404400135045 125.5084514348855 302.45377386530055 103.7179464713663 164.12615955767575 169.2258744590472 153.80672406532014 Oyster-SemiOpen 0
265.8733579411564 273.85494212096654 222.4572044662782 392.78332040253866 50.85932435232462 330.14421854235115 94.27794303330666 211.22187435164122 Oyster-Closed 0
114.48434372960037 1.3390239358811125 125.40063419798753 79.68693016196738 29.965410954046092 92.98361660177108 19.049471000023914 14.636043000018901 Oyster-SemiOpen 0
10.573832711579598 406.6452802641225 0 332.2721006127033 83.95775598150794 297.62748155815984 109.90455547962847 371.998245266789 Oyster-Closed 0
178.45997631375576 12.57027832295258 193.97223740394838 67.62448690067895 135.3137607237877 84.15206529080895 119.80166546426335 29.097997553417798 Oyster-Open 0
