355.2544799006391 164.46703881703334 314.7181575397153 174.86082017751258 296.2752637879057 102.93380761766191 336.810883999995 92.54012300000363 Oyster-Closed 0
242.9861526929235 138.3850346957318 268.35061036554544 131.57512935448477 295.4927807974527 232.6647275301204 270.1283677971114 239.4745176173801 Oyster-Open 0
272.17706638615346 139.4448691164271 315.6399834087315 129.77650774439266 337.9670029092995 230.1396187886539 294.50413669522095 239.80781772112414 Oyster-Closed 0
229.06370353750026 153.81302498261317 287.8880578060307 182.87355844220284 257.1468053671706 245.09547611188023 198.32267719399897 216.03529663084672 Oyster-SemiOpen 0
369.10507371698986 201.01657728197168 403.55266063710224 209.7490789577453 389.74062658513867 264.22911254455755 355.293075745456 255.4967115478212 Oyster-Closed 0
345.84549666348903 286.89932458232397 304.136050794772 300.84279410585015 285.72893478318656 245.78648301446313 327.43733159196563 231.84320391050647 Oyster-Closed 0
95.93075138146378 309.97401479406636 99.60581444591298 260.081771969943 181.05993931295234 266.08049125998264 177.38598084863042 315.9716994276047 Oyster-Closed 0
353.6169637368148 246.7228529358842 406.8936876415064 254.12605500177625 391.3418630225533 366.02659313182187 338.0651832613512 358.6236165238127 Oyster-Open 0
0 327.151447 14.455493 327.151447 14.455493 372.280764 0 372.280764 Oyster-Closed 0
230.25561981931605 362.79568307927394 241.79317345121308 328.0357381484015 317.98388246673494 353.3192079893807 306.447367208144 388.07826797687346 Oyster-Closed 0
346.0510185705971 396.3698460130546 339.29332451167284 419.1119544202214 292.8356978829688 405.31065973467935 299.5936167906839 382.5689374314667 Oyster-Closed 0
393.8234565917337 417.15622330504516 373.44967601661483 415.96991402482973 375.4947595988742 380.861567767833 395.8680299999869 382.0478619999994 Oyster-SemiOpen 0
393.7399816763609 77.87097884512497 343.6165815873501 98.54817411295116 321.02177647452845 43.776278551596796 371.1449015699691 23.099145628065575 Oyster-Closed 0
