200.98492589271336 153.35670017632998 184.43449929613416 106.21175228245968 293.17774033892056 68.03745066323184 309.728431451902 115.18188232030438 Oyster-Open 0
178.64640879217768 1.6746731926884244 192.18541302080484 13.24940477376449 163.98879833079627 46.23104202823781 150.44980399998894 34.65632100000081 Oyster-Closed 0
94.39828359368403 135.2589522952339 47.55956224316469 195.24390995059852 0 136.51381530796493 19.182454301480902 76.5295234740932 Oyster-Open 0
189.95986323344187 204.98204322375068 137.00365891318143 201.95655187057045 142.729376076295 101.753586776764 195.6841837646789 104.77903880757566 Oyster-Open 0
244.986640775056 174.2656296992526 250.1747782939492 207.9560851463459 195.436778999916 216.38443489581738 190.24900007003453 182.6943005205691 Oyster-SemiOpen 0
169.72762220647928 6.915865933077479 168.78051626130764 30.15968947810806 145.60740962109412 29.21545694563266 146.55452325499573 5.971639298818359 Oyster-Closed 0
231.2454043996877 3.2028822747498737 272.47558499999286 14.214633000004408 257.5647840867932 70.04351517060196 216.33460964384722 59.03178444635179 Oyster-Closed 0
67.7653479387227 179.0904505539189 112.82195354412761 182.8357376779265 106.22671471073045 262.1713907972079 61.170114384392946 258.42616250181464 Oyster-Open 0
172.96827385090364 277.6049338521878 149.36163538470282 253.28714447827358 206.85586249113476 197.48014822128297 230.46212522023416 221.7975330580929 Oyster-SemiOpen 0
189.44186482260557 302.7034748738064 163.85870650182187 265.143046904937 249.19456058952346 207.0256329337055 274.7775214198482 244.5852057299801 Oyster-Open 0
382.06989440511825 358.1775292612075 335.1885671640521 368.4991138525763 327.71292281301066 334.54918990201855 374.59328776587427 324.22771533649785 Oyster-Closed 0
348.6758034452396 361.70997280198566 279.73721565299275 397.41086323429624 239.2666002785445 319.2756287507067 308.20217650984705 283.5756876300564 Oyster-Open 0
280.0361073900567 391.5972407843492 256.006053404024 411.55378920143886 228.38015572619042 378.2970801132041 252.40978031528357 358.3408187353214 Oyster-Closed 0
0 342.361163 77.153124 342.361163 77.153124 407.708481 0 407.708481 Oyster-Closed 0
315.8518796400276 402.67777369250615 299.52254258834364 428.1214745429814 277.3681408776865 413.9071217281806 293.6974445732012 388.4636593866277 Oyster-Closed 0
331.24269000002823 415.99999999999693 331.24328476973824 390.7478816931291 372.5347623143716 390.74875143798874 372.53453899567467 416.0004977306859 Oyster-Closed 0
