214.99388228923635 125.51014785965297 191.20340408571792 80.95487752631591 292.31822727984036 26.964587709115463 316.1087523103888 71.51952705037954 Oyster-Open 0
156.0743448156063 30.931264971613302 139.8103590000028 22.821965000000414 154.49010559219096 0 170.75408291790882 1.489634179325144 Oyster-Closed 0
109.24071569050284 132.8706362221015 76.9183215661833 200.8250528541245 0 159.15669810995098 21.636050140365114 91.20310030315389 Oyster-Open 0
218.78821424020498 180.3866429636789 166.50896282350732 189.97334655355175 148.27721476203806 90.55077272522423 200.55527186912877 80.96417952646755 Oyster-Open 0
265.8709726810739 139.19689719176762 278.0876576853261 171.31212797054783 226.7618308737001 190.83528525433132 214.54544777494448 158.72031014801723 Oyster-SemiOpen 0
153.5243699950588 0 153.52437120710238 16.91520412323108 130.10354865283443 16.91520278018082 130.10354999999618 0 Oyster-Closed 0
219.38845100000617 33.354135999984976 201.9663732249428 9.562568832470998 240.1911879852487 0 257.61325940436654 5.362884998697619 Oyster-Closed 0
93.1825767029477 181.45239091814744 137.97412975025873 174.43166005670753 150.42132831685376 253.83742487708707 105.62980323739612 260.8580453755004 Oyster-Open 0
219.46887890892322 255.14716162224687 190.55013138917275 236.4054161737919 233.57755718211774 170.01967977676392 262.49567199999 188.76115000000937 Oyster-SemiOpen 0
241.46322246276395 276.3052833125163 207.75163277204774 244.7319436323607 277.468815431057 170.3004472677386 311.1796821394382 201.87316625451965 Oyster-Open 0
416.0002173813955 301.273416 394.0161843016904 301.273416 394.0163754084424 264.308463 416 264.308463 Oyster-Closed 0
410.8913812503197 300.0914204279117 352.5648017772364 350.09174826916654 294.5396206504229 282.41300146201434 352.86458673153174 232.41383056298858 Oyster-Open 0
351.2741080407541 344.11801432561145 332.5320702814788 368.6327973127773 297.5979690465974 341.930094976042 316.3398703578496 317.4156307870185 Oyster-Closed 0
41.909916767315735 415.54972866140605 37.0553946979926 356.0744902193554 149.22970722979153 346.92015179769265 154.0862695411197 406.39310412455126 Oyster-Closed 0
381.9443872818665 372.1597352338346 355.6509803924091 367.3704362925844 361.0561317801148 337.70386262865884 387.3490550316965 342.49311641807805 Oyster-Closed 0
