16.413878633265995 41.70578103543265 62.078486621554475 42.77078243261527 60.054299344021274 129.5619734872823 14.38969143428767 128.4969790950897 Oyster-SemiOpen 0
16.849731 0 78.165178 0 78.165178 45.646518 16.849731 45.646518 Oyster-Closed 0
306.12794862786177 86.51372988487303 226.11613293179835 200.29553095211523 137.3131229929022 137.8495328438875 217.3245951829631 24.069005244926554 Oyster-SemiOpen 0
416.00032302753607 193.29669000000004 368.44684244856035 193.29669000000004 368.44726421423184 137.29473099999998 415.9999645979515 137.29473099999998 Oyster-Closed 0
86.34374587269122 216.40903226782308 41.341082027593075 255.13443055503095 0 175.42590104967377 17.74825800000326 136.7012650000104 Oyster-Closed 0
218.0776904555387 285.62064534852533 155.9821431258424 300.2852289108542 122.21604754080181 157.31357385213676 184.30815250094383 142.649416172643 Oyster-SemiOpen 0
289.39036231934006 292.261712094687 229.31561086890724 397.8738812158478 57.55661303166198 300.1834536227261 117.63121984866302 194.57706253140935 Oyster-Closed 0
151.8856737337701 0 151.88576685582302 66.8242181734667 60.57141316499474 66.82412990595205 60.57150400001774 0 Oyster-Open 0
115.49011147321289 361.2288122462703 24.509062843855645 372.49358435825144 14.322693824015005 290.22019294805887 105.29941701794814 278.95569361786033 Oyster-Closed 0
154.58440499997596 16.796545000004045 212.67317072172955 5.492934775483777 224.1622679411994 64.53482832791309 166.0735107963992 75.83841351028435 Oyster-Open 0
