399.8886359432727 76.37423939024171 372.3628756336075 103.96520554377128 328.3086746574627 60.015396924345275 355.83432571824596 32.42454064853733 Oyster-Open 0
220.43595638934494 118.89638100979305 190.82556196194855 107.57642557470763 213.4456346720035 48.408724653965976 243.05578299997796 59.72862799999677 Oyster-Closed 0
265.19957899998553 0 265.1995897959605 27.836595419606883 199.57583116678143 27.83658431025077 199.57584200002384 0 Oyster-Open 0
260.6097415769218 205.18120676055898 246.37448051899992 163.66303204399594 341.40985094347707 131.07967655621675 355.6454215082267 172.59723805247182 Oyster-Open 0
366.03422700001465 0 366.03425272188906 37.73412627043597 285.56481228867415 37.73410341511529 285.5648353734505 2.714853084232373e-7 Oyster-Closed 0
242.14697506649463 257.809915672416 188.69470585951058 249.74230214633232 200.82606337573452 169.37808978103183 254.27676518015505 177.44558481495363 Oyster-SemiOpen 0
164.10206513933736 215.8578189158319 150.8413703703991 307.1662525966526 71.97403147353543 295.7122734126773 85.23606850770739 204.40546976510484 Oyster-Open 0
49.509059257918125 306.0679459992868 15.58028704229946 297.3460710677134 36.925520962657174 214.3246223731197 70.85300890588405 223.04632279908725 Oyster-Open 0
250.03289108522586 320.78567925902786 239.00126534849187 286.6839381471673 307.0287834060691 264.68049630919285 318.0607490157963 298.781625560785 Oyster-Open 0
263.2741697906131 254.62220379326277 284.42118914593084 272.4942949903042 228.22132744599003 338.981687704049 207.07468338283434 321.1100041430815 Oyster-SemiOpen 0
142.7619623027167 308.6782277902594 183.93060889379194 300.9805798600988 196.70141503133345 369.26855006024766 155.53281169131515 376.9660383662302 Oyster-SemiOpen 0
283.5459674863814 400.06909442395045 227.83039171143173 380.4853016628295 262.5977538259467 281.59949429860905 318.31011119696996 301.1826656631804 Oyster-SemiOpen 0
117.83228474012503 401.9631276877774 117.83355200001824 351.1558299999834 170.6787764738001 351.15734443897605 170.6784029959199 401.96373022937615 Oyster-Closed 0
135.6326839262365 0 156.50959497829535 69.23619922552028 94.60160536750118 86.96608421790003 73.72489735449562 14.070648514176261 Oyster-Closed 0
203.5241819999792 52.03055100001308 208.58971211352764 20.600119716280197 270.003212342428 30.497871323983407 264.9377615971134 61.92823041638533 Oyster-Closed 0
243.6215087000528 264.52217938866767 235.42450942896176 233.09581328178675 298.5896854862767 216.62179057501353 306.78696456681064 248.04772155805273 Oyster-SemiOpen 0
