113.74375528487872 146.87233011718698 69.44100769384022 124.3031535150248 102.92982141473112 58.56741454055621 147.2320745253346 81.13643840333695 Oyster-Closed 0
23.23340290357737 116.82110876651572 68.91361057408358 112.91390567479866 75.74943675740724 192.8305579833069 30.06923436454963 196.7377186471432 Oyster-SemiOpen 0
180.2344110000413 131.52341799999846 240.7142904748216 127.25054379951715 246.4750520813941 208.78692998732777 185.99517785186617 213.05975205974354 Oyster-Open 0
198.53975490919765 168.82100653742881 196.58593647004818 240.8352191271987 98.56567072858525 238.1746308508972 100.52071813413568 166.16170738236886 Oyster-Open 0
342.4007443224291 206.02201251973872 345.76458563669075 244.48208961442404 286.51786769897444 249.66299655282228 283.154522000008 211.20338700001363 Oyster-Closed 0
229.69867095597874 266.4181571874365 222.03685551093804 290.2470186998759 184.17939662713252 278.0758907162695 191.8413315465732 254.24725936997655 Oyster-Open 0
183.13905280409745 327.373151338823 114.39739545517659 335.21390909956193 102.82011453985615 233.71524388410361 171.55842084619508 225.8746761147303 Oyster-Open 0
27.692833508219337 327.58661336687055 43.03116606855474 274.0588419880261 102.1075317572504 290.9845252661146 86.77025381102794 344.51138834628273 Oyster-Closed 0
149.95345714604628 414.3184267306787 149.69559440544617 346.1002613856546 246.77778168778968 345.73283922865744 247.03784606529007 413.9488033773159 Oyster-SemiOpen 0
147.68402343913112 0 205.39075616657283 12.094065627605055 181.02850468635734 86.26065199075103 123.3217974075269 67.30523195803205 Oyster-Closed 0
60.65812889816152 415.25853884444814 25.9971998042638 405.0232777064597 41.375071995084 352.96340859595404 76.03479938022429 363.1984797523771 Oyster-SemiOpen 0
359.1310957995265 31.267290548857922 364.1516441437234 66.77525588172945 280.719688759953 78.57157218003708 275.6992982789452 43.06374403301347 Oyster-SemiOpen 0
