7.74956090073465 52.33365395715931 53.354746232264006 51.8029999186897 54.36422273329299 138.55774617921762 8.759037550455105 139.08839633437105 Oyster-SemiOpen 0
7.140603 0 68.629043 0 68.629043 54.808983999999995 7.140603 54.808983999999995 Oyster-Closed 0
297.8902396507401 80.10114563052521 222.84216510028637 199.02707788540894 132.00978653351194 141.70790325964688 207.05771815944536 22.783280290732204 Oyster-SemiOpen 0
416.00029790425833 182.57645699999998 363.67340954040264 182.57645699999998 363.67389502476726 125.21442300000002 415.9999437539991 125.21442300000002 Oyster-Closed 0
83.71895336961825 223.15018794854936 39.983373068324 264.28257542690073 0 188.4546855057066 12.398706999985734 147.32313100001414 Oyster-Closed 0
217.60545212763463 285.1554426409886 155.8079345689912 302.10653014165445 117.14784125576261 161.1739644755588 178.94197232721126 144.22337055909594 Oyster-SemiOpen 0
288.0671396312173 286.70697140856765 233.01400940114036 396.3980932253866 58.96808525455344 309.0543227567817 114.02193647897366 199.36912430620293 Oyster-Closed 0
142.90674990328262 0 142.90685923407727 71.47169198229857 47.30406641050649 71.47158426461299 47.304180999984965 0 Oyster-Open 0
23.040808072481013 384.9669014858998 5.538208109737752 305.5902196520053 102.95002311312055 284.1147351365507 120.45428654645366 363.48908786818026 Oyster-Closed 0
144.7216529999896 19.477762000001665 202.57250080437734 6.0746077866642025 216.04282198141664 64.2152797000776 158.19198602732286 77.61840368402552 Oyster-Open 0
