403.4011287006251 72.53459934836471 389.1677985047754 74.03240889142869 384.5490825302477 30.141776346654577 398.7823540000136 28.64396999999758 Oyster-Closed 0
295.6024631419714 110.93097813403094 282.1212619492144 152.62100531138077 232.10829936334267 136.44864343863082 245.58962744970268 94.75885239308221 Oyster-Closed 0
410.8928523255454 143.7254757885317 388.9302595875888 146.0366115665018 383.74323505556094 96.7448408116643 405.70560042789657 94.43371705398103 Oyster-Closed 0
302.3811760000099 108.63352700000226 338.0426739500472 100.02566301263786 350.53139589744023 151.7638015855388 314.8699158483614 160.37161294353382 Oyster-Closed 0
92.57949636918056 209.74935659766365 64.45667763795791 236.79432839033495 11.287354992393375 181.5094787110239 39.40976900000169 154.46487600001547 Oyster-Open 0
156.08414974650077 158.38384237766678 166.59372047346915 211.16067592617307 95.70065791560774 225.27607326690008 85.19182310821998 172.49988627603545 Oyster-Closed 0
201.11528708229162 188.14849078920858 215.17532646239852 222.8479620628164 156.8145585493112 246.49292803079297 142.75501323979188 211.79387568695304 Oyster-Closed 0
0 205.5117168471557 33.09585621437145 201.8811063599636 42.32397559401943 289.5752185013902 7.819204920084303 293.2057594451997 Oyster-Open 0
416.0004305423463 258.070713 364.7055202472802 258.070713 364.70640637158795 194.339383 415.99999985026807 194.339383 Oyster-Open 0
151.39216767845573 299.91002323576924 139.4919090702533 250.49875589229603 213.50797373941532 232.6745880015372 225.40882900604993 282.084980761984 Oyster-Closed 0
387.87655259864187 278.02483319224746 363.70489017873115 295.74439665603177 310.72585652713315 223.4822904752468 334.8968387740424 205.76309184626712 Oyster-SemiOpen 0
140.7933212739954 360.7275098513584 79.83266599057242 357.51569554989464 87.45658755059776 212.88110118230077 148.4131016960455 216.09281149300276 Oyster-Closed 0
363.64700866895146 298.2604403400504 358.2238399445887 267.2260272869036 415.5985023318972 257.2011152376215 421.0220178216987 288.2350884930501 Oyster-SemiOpen 0
346.0216761432239 339.8493093730457 316.5961154159886 351.23053923547417 287.2901481065128 275.4732305342806 316.71452277467324 264.09225904489244 Oyster-Closed 0
410.073667033721 298.66537368246225 430.24079080406227 326.1779108836181 380.1525303550079 362.8857596370331 359.98595900000873 335.37372100001596 Oyster-Open 0
416.00032934744377 392.133366 395.4476279973569 392.133366 395.4480302756492 337.398974 416 337.398974 Oyster-Open 0
278.2432605566901 336.24546395090863 314.19499933600673 341.4024921934711 303.93972157953976 412.8793109844348 267.9880099999791 407.7224049999979 Oyster-Closed 0
19.07761011382172 415.7779705884803 18.599398080106766 374.5203823735978 110.85423260819516 373.45046357037074 111.3337468520549 414.706739104928 Oyster-SemiOpen 0
84.8084874983615 81.2168952146081 74.60599773854483 34.67332244636818 173.4861535867458 12.998443253981357 183.68878661216513 59.54182184684488 Oyster-Open 0
0 29.042928 25.238689 29.042928 25.238689 112.765832 0 112.765832 Oyster-Open 0
374.270671029386 10.621167791440593 373.4775394739263 75.73134755760789 271.8479832750527 74.49306331385705 272.64135557363625 9.383156545307505 Oyster-Open 0
