412.14942973043435 119.90046518382253 386.8185530913652 144.5272897520592 338.9010806142978 95.24079686619767 364.23177858391864 70.61413949721462 Oyster-Open 0
235.3253456448656 140.9031349463461 203.12251238310273 130.74215654308003 220.78977249509262 74.75173790119963 252.99228100002438 84.91266200000625 Oyster-Closed 0
273.7322493468273 12.890900075208595 268.8441519890039 55.010683919703794 189.59332773474307 45.81333948678226 194.48149449648554 3.6936457857735028 Oyster-Open 0
280.4064232304736 233.61252668667913 269.9192779789737 188.54878748066787 363.02130224181747 166.88338822659762 373.50897363652257 211.94636588733437 Oyster-Open 0
375.7205066102724 24.726812084461553 369.70447652431903 76.56669072874703 284.45702181885645 66.67350268810429 290.47321000002194 14.833798999984854 Oyster-Closed 0
214.75707079290078 199.7066292835955 263.2443731623971 188.4025475164187 284.5107709041986 279.61379647629775 236.0235477870665 290.9176567487999 Oyster-SemiOpen 0
166.8660099001172 210.0280413026565 189.59241183695485 311.5910506230409 118.24255883743535 327.55307612896286 95.5181715534818 225.9918150725842 Oyster-Open 0
78.48927527425985 309.0403764109996 42.50223428465324 302.5087881313464 57.68990504645262 218.84420600635593 93.67554884271158 225.37566380923886 Oyster-Open 0
337.4811350695236 298.3651246143299 344.1301863732042 335.6645655822456 280.8442415392601 346.94312075701686 274.19596381567317 309.64436979626663 Oyster-Open 0
289.2761620139281 283.8638253282769 312.57882076684837 303.6361158268078 261.6074190802792 363.69702996680434 238.30517131871602 343.9251845294771 Oyster-SemiOpen 0
172.7956243196677 324.7708339102064 211.68095798454306 314.54434391016264 230.97138946126506 387.8791261857574 192.08614713660427 398.1053727496163 Oyster-SemiOpen 0
280.2963786085529 328.96784058758124 346.84393945739066 334.29140690951505 339.97829775229184 420.0956208442664 273.43075339534334 414.77220525034164 Oyster-SemiOpen 0
205.70515626611814 414.88571427896625 181.35175586669357 439.49374875563956 127.72037667276527 386.43136522949936 152.07313625759343 361.82398370795335 Oyster-Closed 0
162.1262234088972 82.6520716154769 102.07596919909702 98.64035597159115 81.10246365037892 19.86571334730234 141.15230043148404 3.877486673979059 Oyster-Closed 0
211.05191919357821 72.14404675745716 219.11002032560282 42.66707537539107 283.25404666388204 60.20194820690955 275.1960794638071 89.67880310538092 Oyster-Closed 0
272.7886402086042 287.9114532084331 270.8993209783948 255.00606629268242 330.9917227348742 251.55608685174315 332.88148269416706 284.4609953948505 Oyster-SemiOpen 0
