96.04659381470628 135.83358621026153 97.92076228362203 63.60677516799098 170.91722341692366 65.50094731476254 169.04353942151647 137.72726320939233 Oyster-Closed 0
269.2489698489044 288.7654369158149 223.71709317921704 278.3021072933355 242.2164788250484 197.81344922114812 287.7467769844843 208.2765880981518 Oyster-Closed 0
208.44602518586544 369.88899525432817 159.32904415899975 330.9106544496321 196.8974320000125 283.5803960000087 246.0133202825309 322.55806446264137 Oyster-SemiOpen 0
226.5406343260438 265.26605078907534 194.290002476253 247.82261610823485 225.93320529699486 189.32475429362214 258.1831486868359 206.76796033858318 Oyster-SemiOpen 0
309.5115753803984 315.79319670127785 299.73730078012886 316.7635692848512 295.48382288108405 273.9251017314297 305.25788002816626 272.95474004247427 Oyster-SemiOpen 0
25.115780999985873 300.08703799999864 39.561620802523976 298.1593448090905 43.01247140734995 324.0151759953543 28.566634303344472 325.94285539664156 Oyster-Closed 0
31.453045284080872 323.1673505045173 47.46540682750856 319.67490902061235 53.272095634969446 346.29267092860096 37.259743044243805 349.78508442568034 Oyster-Open 0
239.937573287345 104.97904555523141 261.65216839179993 100.34724947165256 268.0932847630429 130.54355780282418 246.37869409630002 135.17533921720386 Oyster-Open 0
245.5441953690388 35.862236981208426 268.2253845066334 16.229995889739563 310.74368725032036 65.35138097640525 288.0625539625471 84.98356451745563 Oyster-Closed 0
393.8367536509031 119.7312281807248 369.12693781060443 120.90861229103166 365.68254341408465 48.61955088749245 390.392106311323 47.44217263142802 Oyster-Closed 0
318.20498310588664 221.8868059984022 340.2184971212446 213.87458814950315 354.4644931447474 253.01168358087418 332.4510144589367 261.0238315538603 Oyster-Open 0
397.63323634713015 281.1565838325784 381.44617584171647 280.66381520458674 382.7043294540308 239.34477293123973 398.891083073966 239.8375368791638 Oyster-SemiOpen 0
210.62955930680255 278.5227347787107 168.3539708905555 286.180663159325 149.05186958998456 179.63020067628315 191.3256440450241 171.97244156572157 Oyster-Closed 0
231.30850027031192 165.31247939612552 201.71005207597773 177.8213723136967 174.93339985073544 114.46443673481647 204.5314011426417 101.95565182845942 Oyster-Closed 0
206.58790008533833 110.02472918579512 231.37201634435405 98.7627420578199 259.99761587808825 161.75699612402948 235.21355725598187 173.018890480372 Oyster-Closed 0
166.42456787786796 132.18710041248045 182.50064340027893 127.37681987651854 193.902443473944 165.4805420638714 177.82637857223745 170.29079757778393 Oyster-Closed 0
226.52814140349074 210.3929149031128 200.4940611669408 213.8673680189509 193.93747023626565 164.74070018576964 219.97112725423358 161.2662758282717 Oyster-Closed 0
83.2261119999821 416.0000000000024 83.22850304910025 333.38698154782173 134.79683773923534 333.38855059113655 134.79584676317972 416.0001949271793 Oyster-Open 0
169.00128287557163 376.64210816706986 185.07333924608247 378.7342532069532 179.9726028167497 417.9079049017412 163.90055209585262 415.81578881201546 Oyster-SemiOpen 0
182.33445712628964 380.4565156510855 162.19173756254168 377.03268109787837 170.40599905172712 328.72053740138665 190.54810920608725 332.144318674467 Oyster-SemiOpen 0
77.21462197859 183.0013441533076 118.09059833515857 173.3571992426805 136.7050973271762 252.24741717859473 95.82917044622809 261.891412126625 Oyster-Closed 0
125.31890064199615 217.1885070093908 168.84550219276207 216.17739292063453 170.90598937452523 304.86769372137826 127.37938856125766 305.8787870714543 Oyster-Closed 0
38.80544334273145 77.89839710161942 30.272616746929998 85.0656819435891 0 48.45746511044022 8.055553610294737 41.29019941036317 Oyster-SemiOpen 0
29.897648905272945 52.50285959734818 48.62024587314227 49.655506193665886 55.160399261058046 92.65953854412724 36.43780415126457 95.50688397848009 Oyster-Closed 0
11.008447000636806 72.38683448499535 32.30466793795131 67.46123289867946 42.14983722181205 110.02703844463633 20.8536220297392 114.95262263651118 Oyster-Closed 0
58.96178933934061 78.1601959937312 86.76884471228914 67.86187267245734 109.20473229815252 128.44125712854515 81.39770824008156 138.7395193504428 Oyster-Closed 0
33.56203384906985 262.68168796781697 57.22013779380359 257.3207734459831 63.62620338172201 285.587593687386 39.96811179077122 290.9484706712604 Oyster-Closed 0
55.47779038316003 311.7775646161722 61.25326659723214 325.4052007421339 49.8449040247433 330.2392055460965 44.06948402011403 316.6116170680824 Oyster-Closed 0
150.89229461609648 347.8821397417116 168.68423304470707 349.3846555422308 164.00619172564984 404.7659888717145 146.21425673884005 403.2635007473741 Oyster-Closed 0
239.53498400001263 416.00000000000625 239.53535776392528 387.0872506110092 264.201380692979 387.08760005135923 264.20125899960476 416.0000968385809 Oyster-Closed 0
200.9686345143782 372.18953394811285 229.5036044766639 366.47871867797926 239.37908537166732 415.8101704352634 210.84414516224206 421.5208862313934 Oyster-Closed 0
280.10922881244915 81.27396224942665 316.4034276760394 62.70224706451348 355.2178313865152 138.55494392823732 318.9237416431679 157.1265044982953 Oyster-Closed 0
348.43401851402086 76.48811659744607 363.88980333892323 75.60108595738151 365.5259373457775 104.10901046860265 350.07015268711257 104.9960391027038 Oyster-Closed 0
380.50710505290044 209.49365394991673 365.8732589447609 204.84313297034862 377.7070455971625 167.60831112498994 392.3407179101341 172.25880259237022 Oyster-Closed 0
405.4431251075039 146.02403648462314 420.33726071236015 151.666577449595 408.0317432070078 184.14687170895974 393.13762273354223 178.5043593170868 Oyster-SemiOpen 0
