246.70331717200315 58.42178979658876 334.32032758691275 91.49855093589166 299.1220875049112 184.7327001943056 211.50523480875563 151.65628591646694 Oyster-Closed 0
311.282753758067 130.3951411508649 350.9642043878557 123.09305158821981 366.0856644064115 205.26349148518077 326.40423860946976 212.565491498945 Oyster-Closed 0
326.9917324305716 250.29304663626706 269.4638028018526 252.63695145148597 265.26481546233117 149.56091801599217 322.79059360200336 147.21705797581006 Oyster-Closed 0
204.4486761500484 207.16896212316828 246.33584543420147 206.44213524836235 247.5513402778488 276.48461323037645 205.6641713821664 277.21142925186365 Oyster-Closed 0
316.61826340583866 246.2019028716794 354.0725689569226 219.34394391441532 401.23861359663715 285.1112109017773 363.78473715773725 311.9686633159114 Oyster-Closed 0
291.51962538421867 258.3870162681359 350.20721214108926 250.91096380452103 369.3585396844064 401.2250618835393 310.6710154000866 408.7007876816181 Oyster-Open 0
194.14270567303538 262.9268088679303 241.4982823514547 275.5269194696968 212.08628755355676 386.0476158979893 164.73086757069177 373.44791984359756 Oyster-Closed 0
286.2435332158202 414.3772388142728 254.98375578554624 418.2844644482408 239.04283603526346 290.7702676088295 270.3000416926734 286.86320899773966 Oyster-Closed 0
386.1690655309867 416.00000511807724 386.16981542179565 361.3361227927587 416.00019147204875 361.33667770719114 416 415.99999999999426 Oyster-Closed 0
181.1696930000071 416.00000000001364 181.17172292644682 364.5130086173 251.41380646104153 364.515555695496 251.41302398083644 416.00129937629106 Oyster-Closed 0
291.0036575946615 415.9999988395749 291.00412717958534 394.17591252490195 331.86538513446794 394.17670937567885 331.86523399677753 416.0004753007339 Oyster-Closed 0
314.9461519999786 62.09730200001028 353.85855226575586 30.283734061590934 391.86433791967283 76.76982511336608 352.95204685415956 108.58327410471377 Oyster-Closed 0
