153.35059264299707 56.97349614539718 156.6439859048187 127.85831957316107 85.90321178959493 131.14452843000103 82.61025447508291 60.26011651824201 Oyster-Closed 0
249.44941404769634 264.9113841562555 205.96303735829133 254.07806483902002 226.88668381941898 170.0984288492578 270.37165176157214 180.93156197240248 Oyster-Closed 0
225.26768853908288 298.57831360861894 188.72846789782852 353.359129556896 141.51113174335114 321.86943049781866 178.0501809999987 267.08945699998384 Oyster-SemiOpen 0
208.19448918823036 244.30306877721264 178.06289039288095 228.49816994842675 210.22099215516937 167.19512483742278 240.35197770466402 182.99982857991853 Oyster-SemiOpen 0
289.90248715392954 282.99457999490903 279.96341576470877 283.69803447737735 276.95743971728734 241.23053580750943 286.8963158026745 240.52708828071403 Oyster-SemiOpen 0
5.501003164372378 309.0818675916534 20.292737698760902 307.5163172000895 23.01346040133285 333.2178779624601 8.221727640884637 334.78341694310797 Oyster-Closed 0
11.06162978203065 331.0852266678508 27.72181298184296 327.8473499290071 32.75327677993846 353.73106472573403 16.093100946265622 356.9689157836569 Oyster-Open 0
248.6062982049625 74.27937402825951 253.52710940304678 104.4342091995481 230.93095741763682 108.12145064516642 226.01020780520412 77.96666972687315 Oyster-Open 0
290.41931072929583 43.8349191276844 259.58902782277073 56.409649594347464 237.7794811070853 2.9377750785511365 268.6097029510747 0 Oyster-Closed 0
380.0843808529171 75.36130091775472 355.2268001530574 75.82039718831466 353.86360196091846 2.0080037755545295 378.72106911824085 1.5489084838790637 Oyster-Closed 0
300.6192880622584 184.6472197774885 324.00741360072425 176.40431608429836 337.5477072226131 214.82054223522064 314.15961076283565 223.0633867917081 Oyster-Open 0
378.9785431536584 236.38993024029287 362.957459114361 235.44313492531612 365.512636543026 192.21196489235263 381.53345899411215 193.15875244659898 Oyster-SemiOpen 0
192.76136496564868 265.15546174815165 149.07046110877855 271.9458418011266 132.07836029431564 162.6197340633458 175.76745133046643 155.82949886577418 Oyster-Closed 0
160.58608010691023 97.08322785886502 192.4198541509395 84.48650309313598 216.23378215467892 144.6664768434871 184.4000536413114 157.26311484284125 Oyster-Closed 0
192.2148752483845 89.63027649785519 218.74108329361843 77.58230177876835 245.95398544884665 137.49623687849754 219.4278265860121 149.54413285678538 Oyster-Closed 0
151.62700940445575 118.161383995428 168.57030192538514 113.39429399605075 178.75605501904647 149.59566439665335 161.81277094439793 154.36273330311752 Oyster-Closed 0
210.33649219839936 193.46332530296846 183.67903323370047 196.28512074666529 178.45215859086602 146.90800476207315 205.1092248467321 144.08623027127965 Oyster-Closed 0
60.950337675833 329.3922927100658 112.09424957554802 329.0829134398248 112.6013336620963 412.8905551750475 61.457421621729736 413.19992600833734 Oyster-Open 0
147.50655476230895 364.2515987876603 163.10821396157553 366.6784308141721 156.1096520062565 411.6592365483206 140.5080014753148 409.23244230496255 Oyster-SemiOpen 0
160.23933503521766 368.8207722435303 140.82153750139332 365.06804806007045 150.58280645483683 314.5726148175475 170.00001337536014 318.32527991586346 Oyster-SemiOpen 0
60.574768353770196 181.2854820371457 103.2350483912669 172.1868361949366 119.64720479371317 249.13189940307973 76.98696534714327 258.2304096668557 Oyster-Closed 0
108.34346277856821 208.02571169882071 151.90681312474044 208.28620224348046 151.39620503441984 293.6693328213466 107.832854725988 293.408847226127 Oyster-Closed 0
25.911686236428068 84.24497863997034 16.94880391672632 92.5236119404484 0 64.73570895650082 0.24492322406877065 56.45709665709276 Oyster-SemiOpen 0
17.334516193775926 57.75282613266265 36.57623103593869 55.34528931713081 41.958037972039165 98.35780892009602 22.716324530669226 100.76533851233201 Oyster-Closed 0
0 81.20861405368694 19.991410078080662 76.58191125029225 28.453082683859975 117.19754110791527 6.2447915186676255 121.8242270711852 Oyster-Closed 0
45.25335481624643 79.36302103291335 74.81665285339841 68.73475027850483 95.95481803032817 127.53114566751708 66.39155061562633 138.15935546259195 Oyster-Closed 0
14.7877831022779 269.1818541679727 39.43937704870041 264.16892954776887 44.821114739930636 290.6306665315452 20.169530708637467 295.64355775547637 Oyster-Closed 0
23.49307534757827 323.09039778938995 35.42664276745927 317.12941848046484 41.72990832540745 329.74590458959506 29.796356842991372 335.7068597316514 Oyster-Closed 0
139.18180095310527 394.7169787535521 121.66546771974754 391.33184145474405 131.86045454081977 338.5925417108161 149.37619619319958 341.9776201774808 Oyster-Closed 0
216.6941607186236 406.47860295024077 210.1114582746377 366.1464564439815 237.11944486580978 361.7396307428811 243.70244530206764 402.07140224068746 Oyster-Closed 0
179.41485761657168 354.9531463479814 209.00905792437334 349.7631778142914 218.7627520736096 405.3671302265169 189.16857762984728 410.55700087854393 Oyster-Closed 0
266.9859952043298 50.333867558990036 305.91726307973295 30.08111097999031 342.2071770430666 99.83967168029372 303.2759878057295 120.09232146816717 Oyster-Closed 0
335.78414410193363 33.93869166479094 351.3642052417381 33.498147883744274 352.1758764572878 62.203224333543645 336.59581533659 62.643767581975595 Oyster-Closed 0
363.705177607666 165.76717219871222 349.8796820602256 161.21131015504818 362.8176279724539 121.95073681267743 376.6429923320684 126.5065756909136 Oyster-Closed 0
390.7148319265725 136.14380806471777 377.1030849294948 129.97077966085246 392.41809173494767 96.2016266115721 406.02974911495767 102.37463132238165 Oyster-SemiOpen 0
