172.37049339709483 303.39835140490965 146.65491983637912 311.4794747532971 120.95190314018328 229.697354737658 146.66650291147744 221.61639704539994 Oyster-SemiOpen 0
325.78720042582427 298.38293271413266 304.3118724907654 303.9859024767271 292.59680079888494 259.0892163329144 314.0716761558906 253.48630768043387 Oyster-SemiOpen 0
327.5430502396921 339.69310841311807 310.5304354595719 337.4086625078274 320.7598787470488 261.2441187853758 337.7718000000277 263.52851700000303 Oyster-SemiOpen 0
287.4963824900806 203.30403849983423 312.7367623572027 217.8132685629342 296.55930542870556 245.95316051700146 271.3189932072164 231.44402334590217 Oyster-Open 0
354.43215838941614 80.63495545054803 379.514618376983 81.50364237237251 376.83061166745756 158.99988231872584 351.74815200971716 158.13120260343746 Oyster-Open 0
125.99220824293661 337.07272934232367 134.47169693558317 343.836947472407 118.59066775004248 363.7407590017404 110.11122677870299 356.9765939821556 Oyster-SemiOpen 0
240.90654644519964 339.5249107073595 265.27741257853995 339.41163385178805 265.5307348827082 393.9000500558035 241.15986875343515 394.01332492052694 Oyster-Closed 0
255.36986786752095 415.9999985566449 255.37003552178794 396.8180510524266 272.622618009078 396.8182202493949 272.6225688532104 416.000048887494 Oyster-SemiOpen 0
255.50617529457304 161.8073999484259 282.46591143763 158.20843409648975 290.3867752987462 217.5399374870061 263.4270461385131 221.1388675159548 Oyster-Closed 0
192.7712389673252 63.563777929030174 166.47109940241353 62.68402675100093 168.11349873390645 13.586245838846061 194.41354478654466 14.465995385678227 Oyster-SemiOpen 0
208.83006581273366 15.778050327013071 207.42798414622303 39.814281999567974 191.58828961776453 38.89031455227444 192.99037973698796 14.854091668418489 Oyster-Open 0
291.3549966432074 70.34321911084085 258.2603010688581 78.79256627337365 243.31778194704748 20.265185791118927 276.4123070741516 11.81586298727918 Oyster-Closed 0
219.4434088672133 131.89174872502403 207.8907900248705 130.32952538811875 213.24679723328882 90.72323988943018 224.7993273370921 92.28545716383435 Oyster-Closed 0
114.43057604401474 124.4537981611806 187.17280634022245 147.3944284568012 164.12994608189547 220.45708912043708 91.38784888673399 197.51672580997476 Oyster-SemiOpen 0
130.16682126644446 274.96113361887734 137.19957059827357 296.51979577488885 90.85349740956735 311.6357875207284 83.82106559479871 290.0773944118645 Oyster-SemiOpen 0
334.8516182891908 136.51775074255625 313.54676647033557 112.22116678282588 354.400308766064 76.39886459289418 375.7050751369825 100.69532641953214 Oyster-Open 0
231.28096561032362 145.9265580137694 258.21805135747127 142.2488493850985 267.4264273648623 209.69154462584788 240.48934967997047 213.36921455728123 Oyster-Closed 0
286.20803557721956 235.35984199913068 261.336768867317 256.0616649585562 211.07135058497806 195.67736853756855 235.94213099999615 174.97587400000683 Oyster-Closed 0
272.9617265207489 212.9527175143592 261.171422212723 227.2258388992091 225.5757651555723 197.82418799526872 237.3659950000074 183.55119099999757 Oyster-SemiOpen 0
174.8709156943587 13.79709380921124 171.9483100434627 63.90082885923711 130.83385738505604 61.50252171699637 133.75652786472347 11.398852180752568 Oyster-Closed 0
98.30593000001318 9.330932000002477 126.05767726578779 2.5790170018848046 143.85323383074865 75.72220699230952 116.10149418200672 82.47410165770808 Oyster-Closed 0
67.53756163232902 48.4828508901901 112.99858436471186 48.8875211446647 112.00341843034766 160.68355024978584 66.54239576379769 160.27888424958363 Oyster-Closed 0
127.93299361218305 88.00623642200827 150.46926876458383 80.12161580456792 169.0960537017636 133.3607742444891 146.5597993955853 141.24535176799634 Oyster-Closed 0
92.57105178712663 60.65861385979629 60.248184133775794 66.38686803238089 52.34867306005617 21.812115193014506 84.67143680786467 16.08387046183636 Oyster-SemiOpen 0
46.24798898460722 154.40963628916523 78.49523161712568 151.47198390285143 82.99391357903005 200.85244644680955 50.74667414593205 203.79007603478732 Oyster-Closed 0
87.72490576514974 306.59821834221293 113.66433753856109 305.548299001513 115.84976097270919 359.5315419988239 89.91033022297052 360.5814447372702 Oyster-Closed 0
139.07705253552194 313.21500358866774 148.17799323131112 310.10894226958675 162.89821727756862 353.23191121129025 153.79729647120257 356.3379310426976 Oyster-SemiOpen 0
186.2462809999779 415.9999999999951 186.24645148879426 404.03985553534216 213.028218817366 404.04018317910504 213.02816399906806 416.0002116524167 Oyster-Closed 0
199.59194347551602 285.1674524909047 233.087349901969 281.139366104126 241.88835515024402 354.3114179554067 208.39296358220236 358.3394207167013 Oyster-Closed 0
