81.50245632641963 341.13168479514184 132.85496873488592 339.33446831842855 135.269077841931 408.29743435312577 83.91656759313264 410.0946099147103 Oyster-Closed 0
0 8.351884241283182 71.77185980468494 0 133.13905844890542 86.00969261672009 59.0578206622813 124.98705761345872 Oyster-SemiOpen 0
234.6096983679563 176.08522554881296 181.0563470980087 178.16226124209552 175.42554345330063 32.96832891660104 228.97758141151644 30.891317221196232 Oyster-SemiOpen 0
291.9837603791202 162.73059271742895 255.81225865371744 158.91656595886394 268.39817791989844 39.56066930684046 304.568912001374 43.37465522577509 Oyster-SemiOpen 0
27.494973776596453 147.16837411953807 121.44763364977553 47.87831190818804 218.93987283532988 140.12797081440306 124.98884643508791 239.41642135955854 Oyster-Closed 0
79.93158305787438 332.0568023418172 15.404429546990286 339.08447704466226 0 19.56852711710569 45.12632398264395 12.541230605686799 Oyster-SemiOpen 0
235.1228035584645 157.20839785121882 268.2370029237172 158.11379963959234 266.983544675928 203.95537399351198 233.86934545406984 203.04997876280208 Oyster-Closed 0
292.61440675467384 46.10845394213334 375.8133492287052 44.13023353455275 382.440604480631 322.8431275541897 299.24167115935415 324.82126001360314 Oyster-SemiOpen 0
268.0647446053663 231.4809187540019 240.26713747522444 220.12230144666577 255.4560552721341 182.95429876381908 283.25330674623183 194.31283451536905 Oyster-SemiOpen 0
401.7566791987083 81.37474550101638 459.33373723525074 95.47732400062202 390.35348409850485 377.0832149382586 332.77666549013156 362.98144248617587 Oyster-Closed 0
274.07940818157294 258.472012630334 248.08639543228855 262.1954048392523 242.0660807516433 220.17042274035617 268.05863551880975 216.44706385153765 Oyster-Closed 0
266.64686245192934 395.4331184838654 143.7088107259442 404.40237974568146 127.52701453953341 182.55204989950212 250.45302624621036 173.58318541613315 Oyster-Closed 0
129.94724117653095 409.11272838270685 112.65720975569275 270.6221710932198 240.49622898540838 254.66461775018928 257.7906640480869 393.1501026931879 Oyster-SemiOpen 0
