101.12341576401013 111.85607102372629 106.44774179447268 39.15921779765684 174.84217590490516 44.16844702742629 169.51822103005907 116.86493467003375 Oyster-Closed 0
224.03273334821642 274.582176060035 184.8657778309207 255.0286266455372 224.3950925417994 175.8579959675047 263.5608701985766 195.4111904151504 Oyster-Closed 0
193.39105143717097 303.42928924053325 144.50049231492812 349.3831426828911 106.07904521522869 308.51226447946766 154.96880499998588 262.5591020000051 Oyster-SemiOpen 0
189.22275753604845 245.88062188718308 163.59148759196614 224.66657379536787 208.91664516550736 169.90834758886652 234.54750682849408 191.1221238655315 Oyster-SemiOpen 0
258.7756726700827 300.46057154578017 249.11066772408958 298.89259249711284 256.0406564528821 256.1830102871241 265.70545963788754 257.7509725967612 Oyster-SemiOpen 0
244.62071269898297 84.17995989549925 267.2620732887772 85.26488624938631 265.77614706803433 116.27421989629103 243.13478674771977 115.1892964885281 Oyster-Open 0
294.19015129746185 1.3074451867857817 328.1741683681612 48.05362877988247 300.45486829159563 68.20519397353301 266.47090118964843 21.459056099409132 Oyster-Closed 0
393.3740662807759 112.65836669261654 369.52213518097415 107.5433702671059 385.3334697552709 33.81431757047498 409.18518807308647 38.92929116842485 Oyster-Closed 0
291.76150185234656 204.25921933547332 316.2555636517536 201.7769912042495 320.4449545954376 243.11348111075898 295.9508958591978 245.59568890072745 Oyster-Open 0
355.10335053983727 271.93662579370067 340.0234559624223 267.5057337918331 352.52448106365046 224.96563858330435 367.6041007276108 229.3964874886378 Oyster-SemiOpen 0
136.78924533984173 147.32054884944702 179.70710049301852 151.97773698486623 167.37641600887218 265.60221018248393 124.45857467591486 260.9451191367792 Oyster-Closed 0
177.3595911092234 89.57950623625526 211.07947208137193 84.87904180573685 220.0467860650133 149.2067584765651 186.32691111264648 153.90719066267474 Oyster-Closed 0
209.5014681132452 88.77515292083743 238.02930780225506 83.35760619760048 250.4019525460062 148.50839624323885 221.87412358335496 153.92590581026212 Oyster-Closed 0
163.99340110589037 109.30177434509574 181.40731445916754 108.64971322960211 182.82228653108177 146.43688127573267 165.40837332148294 147.08893961846292 Oyster-Closed 0
185.29075111504426 143.11446949484642 210.78857168600734 149.06696242522924 199.2231229878489 198.60574855092347 173.72531749795598 192.65330096995956 Oyster-Closed 0
34.56614324196926 298.9339326353193 82.59224260283736 314.56391872709037 48.77806882974255 418.44192929995626 0.7522310000022117 402.8124810000018 Oyster-Open 0
103.16980795047857 352.84962785031723 117.52216283345115 358.53402532882194 99.45111748744966 404.14968658128623 85.09881332803707 398.46538209186946 Oyster-SemiOpen 0
114.27784505607269 360.0603773182606 96.56889626131306 352.318666943982 117.6509430098522 304.1044360555732 135.35941160078073 311.84602515063125 Oyster-SemiOpen 0
61.91989670252951 153.63735613847098 104.98057947044072 154.72887692441097 102.95446767320755 234.6544925595848 59.89378566691448 233.56298671024317 Oyster-Closed 0
101.73375262713671 189.82139312008945 143.27901643815858 199.75858908704052 123.16570180720373 283.8400061255709 81.62049943796592 273.90299063045654 Oyster-Closed 0
51.174267261714704 51.533046562624335 40.40932123057064 57.55485335182786 19.111364481002965 19.481413887639953 29.876286739247007 13.459615396339164 Oyster-SemiOpen 0
48.95365622940881 22.8668733783779 67.93025638967083 24.938454067430044 63.14166115628905 68.80397487438088 44.16506152268994 66.73239791055198 Oyster-Closed 0
24.703889123404224 42.32523898826996 47.09126165687849 42.99671407469539 45.83853636718413 84.76304623787355 23.451163906636793 84.09157273913458 Oyster-Closed 0
70.66909380317884 49.552701767737766 101.6880330761087 46.21528403330276 108.46071896902868 109.1620356927328 77.44178219708556 112.49943852788964 Oyster-Closed 0
0 232.433006 21.723423 232.433006 21.723423 259.706065 0 259.706065 Oyster-Closed 0
0 284.554019 7.24507 284.554019 7.24507 300.220498 0 300.220498 Oyster-Closed 0
88.0951356594851 381.4971586120663 72.12028562303385 374.51370393124046 94.04514606846351 324.37189209708424 110.0195224293202 331.35522776352366 Oyster-Closed 0
159.89603771997645 408.40625694908033 161.35028969427367 367.05702747181294 188.67268782945757 368.0178008886132 187.218836381835 409.36664091249565 Oyster-Closed 0
135.97516726497633 349.80868186355406 165.54936178107528 351.6126115450294 162.04400115568933 409.0665444681053 132.46980969041397 407.26264943149533 Oyster-Closed 0
290.360436400897 64.30055363354037 332.9406892431034 53.841189545732625 351.7360906075446 130.35662598027272 309.1558666760866 140.81591947076154 Oyster-Closed 0
360.5287747038601 62.1221801812417 375.51560744153176 65.18820796053171 369.65037186834525 93.85736091501059 354.66354100639 90.79133928165176 Oyster-Closed 0
356.82878693132807 198.6344911546336 344.5907290079231 191.3999865800324 366.10259730955295 155.0121758236725 378.3405318221594 162.24663390336187 Oyster-Closed 0
389.6793505899441 174.51840624163046 377.9348073935362 165.83700063856415 400.4706471335667 135.3510550071443 412.21510684959867 144.0324152792403 Oyster-SemiOpen 0
