189.06932845787742 159.91338889042387 120.60506581125082 189.21884067081257 48.19887787542757 20.063205040884988 116.66150465846658 0 Oyster-Closed 0
140.7976072761012 163.05370472581242 160.89549434864603 156.24918722182431 184.4943591088413 225.94681222532338 164.3965135155886 232.75124389520337 Oyster-Open 0
169.43589724289996 215.72227027656146 210.0420062924968 226.9504265556698 189.28194058662484 302.0196765635138 148.6759078820578 290.7917192976097 Oyster-Open 0
298.6216553517479 24.7305709274446 323.0702120531423 19.789718867722964 340.7609812327137 107.3275459828924 316.31243422303305 112.26837334671387 Oyster-SemiOpen 0
111.03440641426641 79.98932467148482 159.36236641495998 70.92964339268252 175.77288124901315 158.4681256953271 127.44494688539635 167.52772182467703 Oyster-Closed 0
252.03923356410814 129.7820716330618 280.6557408046792 77.80364168757482 410.18790646480556 149.11475318927017 381.57249567030885 201.0922384797162 Oyster-Open 0
282.66080526467704 138.17388833701918 288.9720626192902 101.64036584522597 338.52568495498053 110.2006634798821 332.21465633575644 146.73398004312034 Oyster-Open 0
327.486445813327 263.7964851965996 375.20964050454495 277.5548544426391 352.4136853490927 356.61355029061673 304.6906143536653 342.8554868704351 Oyster-SemiOpen 0
230.8258259555987 194.07624826442816 301.2290157371899 130.3552008923757 385.63606905894267 223.6081349290089 315.2343201960648 287.3276837037276 Oyster-Closed 0
199.76287415355546 214.08055525171025 278.5025956513382 197.43887418932871 298.930020668995 294.08089595645384 220.1904145814733 310.7222025050602 Oyster-Closed 0
386.8127513645013 104.72805715261813 369.33429543568855 103.59695769746945 370.8019493168831 80.91873767758986 388.2803402619429 82.04983501711608 Oyster-SemiOpen 0
280.4989190970882 23.040220254567075 292.325954280077 19.52016154362882 313.9542901933419 92.18881198640071 302.12726049188495 95.70885731015544 Oyster-SemiOpen 0
388.1590885880105 244.51230496475623 365.9409021204265 252.03386072434347 345.76968834925356 192.45374039712505 367.9873784557203 184.9322760462451 Oyster-Open 0
416.00032903407555 273.90257499999996 383.70597174680734 273.90257499999996 383.7063776076466 211.048568 415.9998691620531 211.048568 Oyster-Closed 0
416.00005439535016 316.16034400000007 408.8248594730212 316.16034400000007 408.8249044002623 290.211167 416 290.211167 Oyster-Closed 0
337.423994501587 404.16378804788997 326.7878355673347 405.0265011910568 324.64738591278365 378.6434613707718 335.2833523891495 377.78075605601424 Oyster-SemiOpen 0
294.4625670000096 415.999999999986 294.4635594470892 370.9150525586726 335.79243345047144 370.91593736419117 335.7920839981816 416.00024573969876 Oyster-SemiOpen 0
164.26521893048994 367.5729712022553 141.05407237117834 375.33934238605985 121.5702954477747 317.1198190698041 144.78064747435928 309.3535924708228 Oyster-SemiOpen 0
50.411534999300784 342.04410192066354 21.166499326121993 334.02914771370337 45.14838857918585 246.5405631691226 74.39214537571388 254.55533383481352 Oyster-SemiOpen 0
34.36345079349485 221.96955540343612 20.22538090906164 214.69665794289637 43.547142197603534 169.36398641738268 57.685009271885065 176.6368210577806 Oyster-SemiOpen 0
55.15158573138979 97.8923785408872 78.54272006586689 101.11400263187438 70.59920586223598 158.78766333828904 47.20807566449366 155.56606041829698 Oyster-SemiOpen 0
33.113046502825455 86.26823671304506 0 38.763037354675056 26.01181796070523 16.15830628755251 62.5238439528257 63.66342094520939 Oyster-Closed 0
96.90432960347607 372.36265066414484 33.577587531519384 388.5168275554381 13.58850174604595 310.1675033778952 76.91223722100767 294.0137346213813 Oyster-Closed 0
78.61134382460295 325.8023123661623 83.4231832623118 318.9368868256807 96.28924930118592 327.95277574925535 91.4774445676594 334.81817023884423 Oyster-Open 0
60.117487237072055 415.99999375274496 60.118297574226744 377.04412947085297 99.09762374376805 377.04492316107576 99.0973431504317 416.00025884619566 Oyster-Closed 0
1.3027940000029048 111.96184300000007 42.5386163045041 111.4820424383369 43.44315342279515 189.21845007600675 2.2073311155982083 189.69824559865748 Oyster-Closed 0
200.49412954226864 313.26007371839785 252.03244330211237 286.3797465098163 308.0142293615063 393.69374103550905 256.47663251498307 420.57304177522997 Oyster-Closed 0
271.02844150734745 413.2224399213566 245.71288082106548 417.7877309564685 235.16199697892807 359.2938926041301 260.4765499116111 354.7286951924152 Oyster-Closed 0
339.56603252173954 378.87868307977527 309.7737354610181 378.26831498053986 310.476263254066 344.0017750878066 340.2679141357585 344.61213658809004 Oyster-Closed 0
191.2909409704589 121.62994723688905 191.1996948336091 137.22191192073709 174.0450828040921 137.1214939142546 174.13635928795338 121.52955991948907 Oyster-Open 0
362.12832088876894 16.0090809944995 381.08636321003723 32.46863270895445 350.5537111066442 67.63587730924674 331.59569617232046 51.176354621757106 Oyster-Closed 0
369.68018021017633 82.57435024636159 371.00550584374287 100.87940894678074 350.77999383472707 102.34372448065467 349.4547002086074 84.0386957518766 Oyster-SemiOpen 0
