33.495081426153774 179.73206757489424 86.0007076171496 171.48119333861982 97.91118442645165 247.26979474595973 45.40558638311995 255.52055004406455 Oyster-SemiOpen 0
282.7257789840878 261.76530610978807 303.43428294060504 264.98971538676375 291.0479715821566 344.52756214706295 270.3394832803824 341.3032221765512 Oyster-SemiOpen 0
198.8832713727279 183.59236883726388 225.07017888677 177.27722074378417 238.1212501472328 231.3920412797937 211.93436497592847 237.70712491824787 Oyster-Closed 0
230.50892090799243 217.09384228608656 247.00794029157623 212.55524364503435 257.2193195777254 249.67295961468446 240.7203143056904 254.21152246829783 Oyster-Open 0
185.30712787666562 129.71386541672615 198.88078623378533 126.58062775373016 207.22074355272343 162.70932390079662 193.64709032527026 165.8425466636797 Oyster-SemiOpen 0
147.00287954508894 8.849031044653355 146.40395154433645 60.169229617032066 86.9679632717598 59.475490457922895 87.56698295877504 8.155387998647305 Oyster-Open 0
3.4230049999969197 84.0065669999998 11.130714545994124 83.69250763784959 12.284028812769975 111.99692952379583 4.576319313026033 112.31098810948325 Oyster-SemiOpen 0
3.294563479721546 80.85337522319986 44.33841579961154 79.1810509836856 52.34043598243443 275.5659758053717 11.296586334876338 277.23824974028423 Oyster-Closed 0
72.35506994556636 176.15986932151338 108.04401822005093 167.945633999238 126.73744292346237 249.15845522504088 91.04853719753373 257.372562615048 Oyster-SemiOpen 0
81.73798912742859 374.6154337486456 91.15464820856505 379.454602021856 78.53645076070461 404.00214429406327 69.11982244025785 399.16302176957885 Oyster-SemiOpen 0
27.93762272920867 356.00846972956447 15.963757842120685 303.6144766386363 67.54842856054893 291.8276692388933 79.52284398362099 344.22087854306346 Oyster-Open 0
63.83000708426698 275.81514448864715 85.19369567410831 264.1700300364187 123.40865138450681 334.26700266064375 102.04513887534995 345.9118673909407 Oyster-SemiOpen 0
107.70784610044211 320.6013791205219 139.97144058190315 322.6885689821278 135.8974914999526 385.6499980195618 103.63390127048115 383.56284915197966 Oyster-SemiOpen 0
282.67445543960275 90.449934128614 306.8501718954067 85.50374140141854 322.036909487324 159.73079046476616 297.8612047834904 164.6769412132274 Oyster-Open 0
387.6022537273311 203.31980569027544 397.0677783586216 223.18259282783086 363.473650213582 239.19015037049843 354.0082942925328 219.32750679424436 Oyster-Closed 0
351.03722406361703 222.5798627286492 317.6766879678289 210.0432062866357 342.4456900375517 144.13717492241724 375.80554843957 156.6736906455613 Oyster-SemiOpen 0
343.4906727649177 95.29655416547955 364.3827437155596 101.49263333464067 351.85505724337054 143.73273001877033 330.9629980462123 137.53667952697 Oyster-SemiOpen 0
398.843110497055 298.5914499580866 385.1328059465159 293.31136498476053 395.0302714417667 267.6155126031929 408.7404081075292 272.8955616195575 Oyster-Closed 0
299.69049401802476 252.18984817370696 320.07858955765187 252.93634021974444 318.48467722882924 296.4635163470576 298.09658214582305 295.7170321491897 Oyster-Closed 0
249.8892711642111 275.9677047998162 269.2512889897589 260.7238543387388 293.9835697658491 292.13339809844217 274.6216889529642 307.37709574274936 Oyster-SemiOpen 0
156.30143474891156 38.06345503943306 172.0586900647686 22.711122058240683 224.17366501490324 76.20040449579054 208.41646720339122 91.55267998322583 Oyster-Closed 0
207.22566848723 91.49706985123439 180.47218029971555 111.8952323413999 139.2757440737587 57.86392597450192 166.02905154140535 37.46586778274748 Oyster-Closed 0
139.55732012074077 122.49640174872552 119.54538765295001 118.53815047644578 129.66305185294186 67.38715640014591 149.67481488557314 71.34539040775898 Oyster-Closed 0
142.75974446360124 9.245792451071656 150.69048144403496 8.191395852818962 155.13779540535324 41.642230321544844 147.2070585900692 42.69662612695103 Oyster-SemiOpen 0
286.174464645228 151.77579604275948 251.95781074642582 148.56391070396384 257.21902663552464 92.51940030087765 291.4352784671064 95.73126692462736 Oyster-Open 0
243.3022825612934 397.89463318561457 222.21077245302877 397.4554443934778 223.36573963022602 342.0227162293084 244.45649399777903 342.46189718908414 Oyster-Closed 0
177.02780593544594 137.45795853915945 200.50051108872867 134.51081464062304 211.718568983375 223.85314477214115 188.2458720103932 226.80024633919325 Oyster-Closed 0
168.09104848939023 158.6502078279691 157.27189024054678 158.54850431949842 157.67772065265672 115.38530864824152 168.49676727885162 115.48701163516114 Oyster-Closed 0
197.0916619999989 23.710130999996625 238.6032747688514 15.930249693458038 251.40182604346046 84.22006479613763 209.89022159300657 91.99992015573305 Oyster-Closed 0
186.50602380578493 9.310156246631923 186.26802007726656 29.702267825697493 164.64495907046148 29.449890130589836 164.8829701231225 9.057786365687681 Oyster-SemiOpen 0
242.68898700001955 416.0000000000218 242.68903368653991 409.3892804932851 255.8230811334979 409.38936189917814 255.82306599988442 416.00004981287 Oyster-SemiOpen 0
416.0001659233167 188.58838800000004 389.98044728965033 188.58838800000004 389.98057689767666 148.55657800000006 415.9999866887083 148.55657800000006 Oyster-Closed 0
117.80626055916946 170.29165213729482 94.504275074225 176.31171671377672 80.20943347114735 120.98199066912447 103.51109123550486 114.96197078280727 Oyster-Closed 0
64.67241015301624 106.69034367663912 69.64636202670226 21.535845493009493 101.25606507245539 23.382253658359744 96.28228227213185 108.53658196981954 Oyster-Closed 0
32.592411271147284 259.3788415093853 63.687811296098516 242.6793837219977 81.35709324129493 275.5767445978878 50.26179441588101 292.27605544175725 Oyster-Closed 0
69.33825357151 291.88316588641567 106.59995570082901 299.17782207179647 92.20970875771673 372.67048016369773 54.94805248458215 365.3759847790382 Oyster-Closed 0
227.21184317072402 361.6885645597836 194.91864772095505 372.49804694331266 172.84938162905746 306.5780694901295 205.1413517356923 295.76881068254613 Oyster-Closed 0
330.3125634936514 269.2925693439263 343.4915971605842 270.31351679490984 340.6406909264115 307.10962039096205 327.4616583482275 306.0886824537405 Oyster-SemiOpen 0
