232.09589650350608 49.584444564991934 316.0160705067465 83.12634681516411 277.748811168025 178.86689171715477 193.82880083356213 145.32533108510847 Oyster-Closed 0
292.9987860500587 117.39821087779113 333.810487214203 111.22809311168497 346.2502186333768 193.50662338187666 305.43853355240935 199.67667144737942 Oyster-Closed 0
268.4494863653417 138.60518905683213 322.51618468022934 158.99095771494873 285.78309959044054 256.4071522861846 231.71658992099765 236.0217514898799 Oyster-Closed 0
183.2825032676301 203.8151072393399 225.32264767905872 204.55489860746357 224.10083172281156 273.98054348056235 182.0606874879304 273.2407629271709 Oyster-Closed 0
294.1587751194784 235.01764999794813 333.7792676433819 206.33953426685034 379.1311295591986 268.98956082612114 339.51105474273936 297.6671864127171 Oyster-Closed 0
340.3328389143935 391.2293625582461 280.275551523584 395.5076624954758 269.7069645148258 247.14418797032383 329.75936387309775 242.86606015360113 Oyster-Open 0
171.00979723050114 262.2957152149853 216.7855182222629 275.76705632581 183.86327921044358 387.61700263997653 138.0877459629919 374.1461135496372 Oyster-Closed 0
258.7741033613929 413.8493195266813 226.88986476122955 416.74710018880216 214.89429561969519 284.7772244082302 246.77590163984496 281.87956564105724 Oyster-Closed 0
391.2833978245508 417.2286147990876 356.7081346337036 415.0134917843147 361.2005315260758 344.92551002646195 395.7741593207393 347.14058024329915 Oyster-Closed 0
153.39832699999897 416.00000000002154 153.4004723920334 361.7161755093111 223.70467853884475 361.7187609028759 223.70384498103886 416.0012736823409 Oyster-Closed 0
262.919821055184 415.99996515877586 262.92049951303125 385.3315059341283 307.7272718788554 385.3324241501244 307.7270779975697 416.000396937266 Oyster-Closed 0
299.4085540000051 50.54971199999875 340.37981346895685 16.227018634841816 376.9351317640394 59.86326211931285 335.963963327893 94.18585823851205 Oyster-Closed 0
