40.70326248255151 320.62950994389115 90.08909438633054 329.79052088668067 76.25471736436157 404.3531456052727 26.868947123417456 395.1923566860055 Oyster-Closed 0
122.38054799995007 0 122.380690965143 101.79479950739271 46.82984737256629 101.79461507263073 46.830039000022225 1.0011193429241602e-11 Oyster-SemiOpen 0
223.83077202842105 184.50430564289303 172.27867388049344 175.13247159275164 198.8390316932273 29.038132153531805 250.38984337301008 38.409853328061146 Oyster-SemiOpen 0
282.02064765537943 180.08537783066242 248.41937717673864 169.06168583151222 286.82034059016223 52.01668336697358 320.42082893507177 63.040236505048014 Oyster-SemiOpen 0
29.14987753871901 116.37658817465892 144.62102874311677 38.02655208682166 220.16058559990415 149.3539138058111 104.69035850783621 227.70276991638465 Oyster-Closed 0
40.84933701701084 313.5472414529278 0 306.63193911780604 14.882831445018383 0 75.96981640760714 3.282996966104618 Oyster-SemiOpen 0
228.74293694272274 164.29737101437445 260.0905948596046 172.07040326004412 248.89041163021102 217.23654193642923 217.54277459686637 209.46356987425798 Oyster-Closed 0
308.6452521107349 62.387190624352854 388.42748926342756 78.07826787216482 333.6345817418696 356.65822327840203 253.85253989925332 340.967947141354 Oyster-SemiOpen 0
244.11561332361453 243.91694101178592 219.86716720624827 227.89966886484757 242.64872805544292 193.41403830360554 266.8968948404654 209.43118529435048 Oyster-SemiOpen 0
405.48184395970384 117.39145062983792 459.04631788662664 142.92045520072347 331.25459917585613 411.01965924014974 277.691129421215 385.49239072030775 Oyster-Closed 0
243.972824597422 271.83582531085773 218.25317457933124 269.7736398662385 221.59310069134153 228.12561184946995 247.31227982516066 230.1877783184697 Oyster-Closed 0
207.2122124449088 402.6566279543927 87.87223088945757 384.7797766588177 120.30176090776877 168.37618874521775 239.62969145649186 186.25216101377936 Oyster-Closed 0
71.66802400000961 397.66984699997965 77.98088475239274 256.37105052486345 205.00057555767125 262.04445532311763 198.6930808259931 403.3382935079024 Oyster-SemiOpen 0
