162.9817283889097 147.96963821972307 82.85211024799719 164.79891212160055 50.29215245631349 9.769275911542506 130.42017866411697 0 Oyster-Closed 0
127.10756295225292 146.30221256559528 148.81066836363607 140.59741902017979 166.4605383588423 207.74059878085282 144.75745687486778 213.4453305584188 Oyster-Open 0
153.5846091282183 191.87242310700836 191.1472835179011 205.1888629710809 163.08929876982802 284.326402862433 125.52673695609337 271.0101973360345 Oyster-Open 0
299.4645528564288 0.346484426606233 325.055240823669 0 333.7773843047871 70.95510184841623 308.18669842395684 73.98614256916606 Oyster-SemiOpen 0
115.19192911364007 56.704122832253226 165.89460657655218 60.56416136421155 159.52177123134243 144.2718357027205 108.819094875671 140.4118261645953 Oyster-Closed 0
247.36249457692975 104.3258823610939 274.12709155958146 46.08244338991565 395.2417203996629 101.73728214838242 368.47795321813464 159.98001517776743 Oyster-Open 0
276.6608554294544 107.29921145175283 279.02682283916874 69.5689230924965 324.85432318911626 72.44261136789822 322.4885018431851 110.1727579845949 Oyster-Open 0
307.08986072023254 226.45348175109598 351.1420561121122 242.5565090482198 321.0038044901412 324.9935423068238 276.95178034576384 308.89085299305594 Oyster-SemiOpen 0
214.94010720208826 168.2751577524869 292.24265388181084 97.61054951368614 369.1276250140545 181.7146173153151 291.8263063737286 252.37795745394538 Oyster-Closed 0
198.3857391237143 285.3515212029468 170.4370566239013 195.84851924951076 253.1068881720239 170.0363724580976 281.0564233492187 259.5377255774093 Oyster-Closed 0
380.1058239650847 62.725233955259995 363.121230275523 60.15459040790198 366.5659735349582 37.39493389886156 383.5505324711048 39.9655747264734 Oyster-SemiOpen 0
307.29421512466797 58.788637765240374 294.5552494647236 61.2533345860769 282.8089006812661 0.5415300163131131 295.54782860133855 0 Oyster-SemiOpen 0
337.45170108693856 149.7126455788708 362.66683397963425 147.4158675633177 367.87597496619856 204.60140976824238 342.6608447087565 206.89816719853042 Oyster-Open 0
397.3239139536854 231.9423303587732 362.7455219812764 229.32232565087205 367.5348829401628 166.1228200690905 402.11250791297425 168.74279553459056 Oyster-Closed 0
394.3532067260967 271.14379896324095 384.1078325602939 270.36753964657623 386.14007425880845 243.5492459834911 396.38532403289355 244.32550056491527 Oyster-Closed 0
301.54363851966264 368.18612418275245 290.9094267792825 366.348991662522 295.245666376195 341.2549369233962 305.87971309311615 343.09205488592954 Oyster-SemiOpen 0
280.2767073278228 335.89756664020115 322.6831240614265 358.2644700788126 287.7805720804063 424.42110790999794 245.37453500001357 402.0547569999997 Oyster-SemiOpen 0
134.01340757224898 353.00859643532806 108.96765002689426 359.48555440257593 93.96991414606964 301.5002329882046 119.01485102773222 295.0233862953026 Oyster-SemiOpen 0
19.884447188789636 339.5574698087796 0 330.0248851684081 24.799196199328435 239.24171572174617 51.86334433724187 248.7740748103607 Oyster-SemiOpen 0
14.495128730748547 219.63077682030814 1.7876680523004325 212.3624275407427 29.728829922063596 163.51559181122403 42.43610035743768 170.78387249796918 Oyster-SemiOpen 0
48.71602008048649 91.6092086076474 70.73393819194098 98.15313549775102 54.16583832906326 153.8973364602418 32.147937462603295 147.3534505303648 Oyster-SemiOpen 0
26.07502317905528 82.47302297531137 0 40.46261366684171 23.337095658924227 14.472383290810122 57.777778223957284 56.48271560558212 Oyster-Closed 0
65.7960876238867 366.85848882514233 0.9185044204823498 378.1477643517018 0 298.8823322533503 51.99906443729196 287.593334032563 Oyster-Closed 0
55.959180075555196 310.0530645285334 67.9478569821622 317.5044254166385 63.10575489877374 325.2936011848653 51.11709269479252 317.8422594018153 Oyster-Open 0
25.842736116705055 369.9206811973518 65.06158397117179 370.7339585735856 64.1468849912817 414.83207189944466 24.928037488065456 414.0188068942578 Oyster-Closed 0
0 113.722351 29.190709999999996 113.722351 29.190709999999996 187.862606 0 187.862606 Oyster-Closed 0
175.05133007060067 287.7399716162573 233.03936704846274 264.714133735602 275.94426723982906 372.74707216633124 217.95667880042674 395.7721275213876 Oyster-Closed 0
236.9593622254106 386.7147534375625 210.61154916498708 389.240481732177 205.1153802791523 331.91420266947335 231.46223776968327 329.3885205673193 Oyster-Closed 0
288.72083949702574 304.23443395061497 316.1505419831374 314.3566062759873 304.1187055638002 346.95517507101056 276.6890545820206 336.8331033313068 Oyster-Closed 0
181.08054362206167 116.34936563002876 164.69204611598616 117.61367315992882 163.50544486524086 102.23244761539726 179.89389353742445 100.96814198798246 Oyster-Open 0
340.90060458902735 24.803415147964675 329.54063647149087 9.01146040412385 361.0348747466669 0 372.39483920258135 2.1479841186351645 Oyster-Closed 0
345.0600425871962 63.72040829693559 340.434558101766 47.490238178870584 362.98089440524564 41.06471478133974 367.606389590881 57.29486813283883 Oyster-SemiOpen 0
