163.54730608360478 281.0091836397208 136.36778644571677 287.4668032170208 117.48654077721585 208.0045337114899 144.66513232882426 201.54702998155832 Oyster-SemiOpen 0
317.90032882868763 267.9554636223549 295.4078338461768 272.0649220057686 287.5709917372442 229.17482069423681 310.063080736094 225.06539959844594 Oyster-SemiOpen 0
315.9300069836936 309.13143807746997 299.49672880487196 305.60827764574924 316.1559931614902 227.915716027407 332.5886619999728 231.43880799999872 Oyster-SemiOpen 0
287.27722094187266 173.38497836176774 310.426832311834 188.15967808619686 292.4302762948864 216.3554908757665 269.280731094379 201.58087569315097 Oyster-Open 0
364.4084659275504 45.654817324418275 389.13020553289243 48.51813818865188 380.0372398804393 127.02534539524859 355.3155030701091 124.16204204880931 Oyster-Open 0
114.09264310550134 316.14981328132484 121.8546595796106 322.7122415098101 104.32221549061796 343.44555500089905 96.56024693521977 336.88317848564964 Oyster-SemiOpen 0
229.31868767267952 310.73428666579804 253.54044737062577 312.591211883182 249.26220879624816 368.38571701372746 225.04045282703373 366.52882282248277 Oyster-Closed 0
237.80070632528805 369.08285379254085 254.85208915258772 368.94961886647735 255.09426443533084 399.93525171212747 238.04288163073215 400.06848523921894 Oyster-SemiOpen 0
258.2020433578364 132.0546046464393 285.74405502375885 130.5987901995491 288.8714025500012 189.7614718543699 261.3293917858282 191.21727414169112 Oyster-Closed 0
203.54711967461844 39.729921835681296 177.72075326250706 37.24613422626795 181.54170756928943 0 207.36803199999122 0 Oyster-SemiOpen 0
221.82005099999878 0 221.82005174709775 14.216972269527448 206.2459723595639 14.216971615609147 206.2459730000155 4.245841715086203e-12 Oyster-Open 0
258.9550281766278 0.36630684356112 293.58961333986736 0 302.1986379666996 43.18286400377901 267.5640544876369 49.27883813655903 Oyster-Closed 0
224.41930069230511 106.38985627078046 213.2620493037466 103.98736858196867 221.92472648091643 63.75829153167051 233.0819117384235 66.16077186609736 Oyster-Closed 0
121.05321909014674 100.54956012908023 189.2601151077688 127.21451651823904 161.47361716114028 198.2874372085095 93.26688079048472 171.62274966982395 Oyster-SemiOpen 0
123.22428180533097 253.82500734222896 130.7362960199389 274.231625921846 81.72526990057304 292.27054513229837 74.21355610804676 271.8641804252948 Oyster-SemiOpen 0
340.10375959785597 104.31151738188483 320.30546591524035 81.4404953187237 364.3475297304831 43.31590407234423 384.14576657422367 66.18684130283577 Oyster-Open 0
262.265911552091 183.0981414603312 234.74245630076985 182.26586805644033 236.74243346898584 116.13706274371127 264.2654287480218 116.96932938180629 Oyster-Closed 0
283.39238990610465 206.28014698473623 256.22962558611835 227.66801090772253 210.42773879806555 169.50271407453164 237.59004300000743 148.11513100000823 Oyster-Closed 0
271.4631359388368 184.0405279030052 258.85877081224316 199.27841019641602 225.71658459287937 171.8655608021735 238.32088499999736 156.62778599998262 Oyster-SemiOpen 0
185.68833700001414 0 185.68835560323714 40.11519694634482 146.15494800258966 40.11518531520617 146.154959177813 5.545728819599796e-7 Oyster-Closed 0
149.97466314828853 56.923261293029796 121.21347166507985 60.026071221847644 114.73779000003196 0 143.49887369110002 0 Oyster-Closed 0
78.984682216269 28.888763053073394 124.0369083446094 32.9524301557333 114.2045561125451 141.95852449898217 69.15233448117579 137.89489170163196 Oyster-Closed 0
140.97377943670654 60.43468003493898 165.1326644176661 58.76891397665204 169.00946255573217 114.99411816473346 144.8505782373577 116.65987699655567 Oyster-Closed 0
69.85902282400275 0 101.53756658864222 0.12611256598822898 100.65082115299447 48.63193621962964 68.97227736697823 48.052814875935745 Oyster-SemiOpen 0
80.21468811882005 184.9128763445162 47.468881758697535 183.20100078568873 49.97503954318745 135.2681758051918 82.72040326786373 136.98003975983605 Oyster-Closed 0
78.17434357693492 285.90926438704014 104.15422523860616 286.96984654790674 101.94305924169385 341.12529823870295 75.96317853880828 340.0647319124105 Oyster-Closed 0
128.93195685649698 290.99186918519814 138.59178861163673 288.4267915049 149.97777084034897 331.2982468835568 140.31795098024304 333.8632934242759 Oyster-SemiOpen 0
167.76210672433444 406.36300741549667 167.91742938832613 379.81764031256813 202.82248623960913 380.0218001155593 202.66748658253346 406.5668448968065 Oyster-Closed 0
192.074342439897 258.9531619616233 226.198497567304 257.6059467997488 229.04613744398375 329.7246160847619 194.9219837820201 331.0718060422851 Oyster-Closed 0
