32.20852506562005 159.45332381441688 86.01690849951046 156.92604366408779 89.58496135455425 232.8889122974699 35.77658040921233 235.4161592852904 Oyster-SemiOpen 0
273.2975826188667 246.33780046679723 293.208107190836 251.66829976847106 272.1912675925596 330.15959702691816 252.2807849071287 324.8292076491298 Oyster-SemiOpen 0
197.5921814739304 166.42567663847683 224.8704357979659 162.84985628555788 231.91100489057135 216.55582147194718 204.63275687216083 220.1316090162395 Oyster-Closed 0
248.56331470453006 234.86308761393252 231.1481198726906 237.33532870034517 225.96605665302923 200.83359663864263 243.38101082621142 198.3613728035736 Oyster-Open 0
190.0384451429636 113.2071685430925 204.1504528015248 111.5030842589268 208.56472300846508 148.0579039220246 194.45271670004513 149.76198102813382 Oyster-SemiOpen 0
160.73878840133693 0 160.7388100063872 43.54937436800861 102.42849175304582 43.54934748814918 102.42851953337959 0.000002268837219104143 Oyster-Open 0
8.518557829080237 59.77248895840801 20.026485422880796 60.17410496982405 18.80473931861343 95.1817452124953 7.296811764350423 94.7801301710595 Oyster-SemiOpen 0
8.45625938097146 61.55530524465854 52.805990230179304 63.103021457588724 45.93052063639334 260.1121782282522 1.580792620741704 258.5645040935916 Oyster-Closed 0
71.55301917178076 157.65940074728712 108.65268418562846 153.20412911350704 118.4108523820214 234.4568441427705 81.31119839915118 238.91205300669398 Oyster-SemiOpen 0
59.315529545518075 356.7594746321002 67.91723404357253 362.1860412476314 52.48872225965897 386.6359849515387 43.88705769349326 381.2094696407768 Oyster-SemiOpen 0
7.893233230621263 337.69046008467376 0 286.2214187844687 52.005762337812484 274.65507297517115 62.84199843896204 326.1233441565229 Oyster-Open 0
51.85944619276779 257.59905830498735 75.12670298825105 247.5000381694798 105.68220579440094 317.88769741895413 82.41506517524249 327.98652124399825 Oyster-SemiOpen 0
91.43976319448848 301.8541517886938 123.02030797359112 307.41005102713973 112.0267763152624 369.88686855478636 80.44625928934693 364.3310737376617 Oyster-SemiOpen 0
291.93545041686593 74.00545131274183 316.9443065832602 71.64229236731035 323.9650187498155 145.93973604178 298.9561647563787 148.30287752812595 Oyster-Open 0
384.5805683080798 189.71600281514546 393.10755693328247 209.11320617575618 357.1850182852577 224.90331707177523 348.6581929601307 205.50625219232683 Oyster-Closed 0
345.7630048378014 208.96149633691584 314.81115786252485 193.77935584944726 346.52784024197535 129.12271116506133 377.47913490945575 144.30469092973672 Oyster-SemiOpen 0
352.81835906542983 80.60029806203495 372.4233813089013 88.64213669003006 355.0848144162301 130.91063631176112 335.47981086754226 122.8688317734288 Oyster-SemiOpen 0
385.4386156501241 285.1044487852356 372.7337051384966 278.7524271787772 385.42643632185354 253.3687201880617 398.13120495642215 259.7206993921776 Oyster-Closed 0
291.3369402472308 236.89109298089318 311.40846922043784 239.85483285465168 305.118725156015 282.4463843843221 285.04720266493314 279.482673665902 Oyster-Closed 0
241.08921606866352 252.95976956949764 265.71212591574294 250.57103429981052 269.57830999009457 290.4184371539019 244.95540318745407 292.8071496567543 Oyster-SemiOpen 0
171.14338851572393 21.919623841086388 188.7046426152774 6.8484350328749155 235.041618786272 60.841107469819526 217.48040150105226 75.9122574414816 Oyster-Closed 0
164.03461114604215 29.654170862875336 198.533729297862 21.550333671502074 213.04939657362047 83.3452027216553 178.55028798747662 91.44901304042473 Oyster-Closed 0
144.84605349709818 106.5950848549587 125.75396218033347 100.67175674342377 141.3966045294801 50.25321201365452 160.48856617668935 56.176518505465744 Oyster-Closed 0
160.92274512006043 0.013970937116769467 169.01050791895614 0 169.6078598776694 26.138681319315836 161.52009708033438 26.322320297708888 Oyster-SemiOpen 0
288.6852933724258 137.62832901706673 255.38947224002186 130.79100589987524 266.71031080632383 75.66387056356464 300.0057985084168 82.50115880164635 Oyster-Open 0
218.48709503923237 382.9952865695273 197.6551687574065 380.2506476023604 205.00245367882235 324.50010006375294 225.8336647733122 327.244691505475 Oyster-Closed 0
180.94090963695635 121.07547735506371 204.8421797232004 120.70989133966708 206.18814443882366 208.7025764252839 182.28687449952122 209.06815775869384 Oyster-Closed 0
169.59999651463295 142.77188589170865 158.88862369827257 141.48353672628488 164.07722611145073 98.34704702067262 174.7885021029906 99.635390330952 Oyster-Closed 0
213.60189121391159 7.443480762319994 256.4004128078668 4.135685317189089 261.62318529902404 71.71137027778377 218.82466515074339 75.01915789261612 Oyster-Closed 0
203.36125300001368 0 203.36125382103273 13.791689152398613 183.81130513406242 13.791688322548207 183.81130600001052 2.4123513335562814e-12 Oyster-SemiOpen 0
214.747457999998 409.9627699999899 214.2764287038117 393.7742891028995 231.19878145400799 393.28204450051993 231.66990470173187 409.4704284750507 Oyster-SemiOpen 0
416.0001481766303 175.072644 391.15563869237303 175.072644 391.1557541577786 135.188843 415.9999936764034 135.188843 Oyster-Closed 0
118.00791027617379 154.06242961810108 93.65772650503277 157.67298800745698 85.44793946840582 102.3056033183437 109.79781678202926 98.6950682115049 Oyster-Closed 0
101.25130217230253 94.04463729719774 70.53929861482175 87.88669888789956 87.59584001864641 2.8204797895454643 118.30759193553604 8.978390173560232 Oyster-Closed 0
46.36166886088904 225.05507026361198 70.06205884412338 246.0866835386036 42.450596116348606 277.19825575886057 18.750392348702007 256.1668373121996 Oyster-Closed 0
55.99532790222656 273.8666602102152 91.55742822307002 284.8264174501856 69.35680431374931 356.85036313699027 33.79480426052032 345.89083653038387 Oyster-Closed 0
206.76044852094128 347.12919983358415 172.5647505806155 354.80951830659444 157.81780180938586 289.16001333098023 192.01224976091908 281.4798412173846 Oyster-Closed 0
323.7331286821027 292.777301766681 311.16136678218027 289.0192502909962 321.80708269905153 253.4114030635119 334.3786370173111 257.1694216449787 Oyster-SemiOpen 0
