83.66234964031537 415.99997299637056 83.66382864527986 362.257882131622 135.20602493079787 362.2592998153223 135.20549620814563 416.00044228781314 Oyster-Closed 0
0 28.407323684660295 57.89241125942863 0 114.80073711401565 112.40809163436761 47.702011980283714 145.1235898492701 Oyster-SemiOpen 0
233.76787968373537 195.96902330388488 181.16041751493321 206.54815769407534 152.61956523410845 64.6230954828166 205.2254564831601 54.044116075569754 Oyster-SemiOpen 0
283.4540592961275 189.24383491240513 246.81060542665364 187.2820153091459 253.15390560950982 68.81340824688694 289.7963732084172 70.77520137583365 Oyster-SemiOpen 0
17.080845488988416 166.0652324018268 106.4375701367826 70.2998538929291 209.24615708540296 166.22557012863462 119.89137200309779 261.9890507810413 Oyster-Closed 0
79.26326454679656 351.30516778949897 17.644234741543187 361.2166590885702 0 51.91829936519199 29.50336379703367 42.007494376853984 Oyster-SemiOpen 0
235.20247148461203 230.68995283542705 209.3153774814782 196.0875829077056 237.79505692389648 174.78274236114888 263.6820660894664 209.38489282952483 Oyster-Closed 0
278.01500108798064 76.17674217566584 360.80126030653264 69.87769640046702 382.09732034118497 349.7477139985988 299.31111823150786 356.04643239024074 Oyster-SemiOpen 0
262.9667706764485 259.05973674038574 233.84532027995738 248.50778560815564 247.32502101243153 211.31065199340256 276.44604432805136 221.86251854883648 Oyster-SemiOpen 0
386.5060890067798 113.19263413942016 440.782428096325 122.97068918914434 389.91242655810856 405.31333804819354 335.6362280040412 395.5359155435939 Oyster-Closed 0
232.6425174912183 249.7738539152791 253.3583391449065 238.92813683894002 276.4877980265919 283.10126941885704 255.77206373268928 293.9468594099872 Oyster-Closed 0
268.98060111018276 415.9996402388531 147.44050876907204 430.88678587256413 120.42861276394615 210.33625626581875 241.95499704951726 195.44991724682944 Oyster-Closed 0
129.51838846693136 415.999884521681 129.52651857579622 285.36298904932784 259.963120877419 285.37106903290265 259.9601849457613 416.00278030491626 Oyster-SemiOpen 0
