137.02273431979847 286.4028518772958 109.15944106576717 290.01102471887305 98.807088855021 210.07304577025258 126.66940090615026 206.4649377724665 Oyster-SemiOpen 0
291.7074180147865 281.4315883536169 268.84061617352927 283.1661725366339 265.60583169270103 240.52479038690933 288.4721991103579 238.79022242868052 Oyster-SemiOpen 0
285.30564259928724 322.3391360853088 269.56716665970816 317.2793533602756 294.35918482255147 240.17625322382622 310.0970628385912 245.2359310210334 Oyster-SemiOpen 0
271.2230445623136 184.74158427360607 292.4737168868487 200.9872510219907 271.7412472791548 228.10491986735153 250.4906629444049 211.85935361817891 Oyster-Open 0
361.3369452457264 60.49896936802694 385.34059221737334 65.81142202351808 368.01122777421915 144.1106485669098 344.0075927796606 138.79823482621066 Oyster-Open 0
84.14278980331437 318.507295850036 91.17894263587732 325.46293025438763 71.58413621609725 345.28067649838135 64.54803981246732 338.32509871993557 Oyster-SemiOpen 0
199.31345798943585 318.41692208090984 222.96790551198865 322.71696631173694 212.77816835529666 378.7588735063348 189.12374135155187 374.4589043751959 Oyster-Closed 0
201.51491855251152 377.65139787247597 218.38309248185033 379.28916478173846 215.35782328636924 410.4395258647603 198.48965185196357 408.80177674567244 Oyster-SemiOpen 0
246.6661311500393 141.20075951519053 274.1044274345404 142.63482157367832 270.99996155732515 202.0305684316793 243.5616663537221 200.59651920586265 Oyster-Closed 0
201.6276742178561 47.19920221333894 176.45027033011138 41.69889477741344 186.76155259479128 0 211.93889699998908 1.9691609171611e-12 Oyster-SemiOpen 0
209.6907282564498 0 225.6990865370135 0.018295594001190484 223.55085481724382 22.65548532354575 207.5424965647726 21.136319249271477 Oyster-Open 0
260.54571667892014 0.9534697769064102 295.72031547162624 0 299.7456590608308 56.61681589925112 264.571060682134 59.053798384173476 Oyster-Closed 0
215.7025831508181 114.68804736182777 205.01838830011548 111.24278624343123 217.87443000006897 71.37535388095036 228.5585571708034 74.82060322990948 Oyster-Closed 0
79.53796903543116 171.65996305906845 113.83258258116257 102.31050313605745 177.94588315318106 134.01464813378476 143.65202584654253 203.3634678895088 Oyster-SemiOpen 0
99.73560122672279 256.6603273128037 106.01011054925038 277.17008262121203 54.884046773266164 292.8083800138078 48.609846820840175 272.29888728248227 Oyster-SemiOpen 0
331.01373395718474 118.41210306547556 313.3190959484855 94.82219291168789 361.20121011790616 58.906647085063554 378.8958056322481 82.49644894538595 Oyster-Open 0
245.27351625412484 193.4654654810907 218.2052410700635 189.80663477231192 227.07608727471597 124.18457069470594 254.14388645680447 127.84336958802243 Oyster-Closed 0
264.09023615835395 217.84667895173433 234.42530104476828 237.14162768305533 194.8008247420221 176.22513327711079 224.46517400000812 156.93044500000266 Oyster-Closed 0
254.35212504635638 194.63817900704544 240.21968721654412 209.20480124076425 210.16566378736388 180.0483440925335 224.29800300001807 165.48182700000507 Oyster-SemiOpen 0
191.565823000019 0 191.56584845946054 44.84745976954185 148.15874088983765 44.84744415888981 148.1587545360635 0.0000028002920562812265 Oyster-Closed 0
146.99524333579757 61.851671538719 117.88686621024681 61.916675051631984 117.74865000000864 0 146.85691777873217 0 Oyster-Closed 0
79.50961762875886 28.885068958363156 123.417993234405 37.466828256857646 102.42165629257943 144.89282367863757 58.51330099575716 136.311137986525 Oyster-Closed 0
137.7098256020181 63.455897368688134 161.8385538866387 64.33166875393815 159.79152215626164 120.72952200332682 135.66279413554003 119.85375461743294 Oyster-Closed 0
72.07034589812974 50.09919664696372 53.65767799152309 24.69843960842476 94.15828273276202 0 112.57094522187253 20.740857495188244 Oyster-SemiOpen 0
64.15835451249222 186.14364036236353 32.06206309813206 181.09553850182144 39.51752319233128 133.696688918343 71.6133885322779 138.74475662739593 Oyster-Closed 0
51.736227728950325 285.70353394332375 77.24521487724633 289.421964961609 69.35473819153049 343.5427052745435 43.845763183438976 339.82433047321217 Oyster-Closed 0
101.47098590925089 293.7522697972396 111.41502282584406 292.19405415741056 118.27096145592805 335.93911728188414 108.3269289485761 337.49731381324307 Oyster-SemiOpen 0
128.63415503854776 411.5700056888682 130.19628093122446 384.9506172571458 164.21655221611218 386.94649143878587 162.6547624665618 413.56555970540643 Oyster-Closed 0
167.65568591949705 264.8191259149726 201.58022469289062 267.0429530412624 196.83823530623704 339.37109298711664 162.91370077636748 337.1473087297732 Oyster-Closed 0
