375.5965215704673 170.6204078131467 331.6508690053488 167.5688580420255 338.2117861667866 73.09470438075635 382.1565547850005 76.14622345524128 Oyster-SemiOpen 0
291.10934618798274 171.4305908657616 255.63798913724168 177.70787081867954 245.99520657374887 123.21953755674399 281.4660610542742 116.94230336460717 Oyster-Closed 0
238.00112619339052 123.56189688545214 230.88123428749168 180.94406363925984 184.70655643005375 175.21470568416163 191.82674655253868 117.83288733845127 Oyster-Closed 0
245.9228953697566 199.4604899616557 267.0527461044767 203.265838907515 256.5462498405723 261.5997622184398 235.41641130744392 257.7944589863831 Oyster-Closed 0
395.57526556333323 307.06088130591485 365.79181946228346 305.41726121246506 369.55596172916194 237.22800638168053 399.338426757462 238.87159917521353 Oyster-Closed 0
276.0374518528988 302.7482827772957 254.12261188381672 295.2118385072421 278.10343690785885 225.4894892093208 300.0175791201327 233.02580173355838 Oyster-Closed 0
207.89473783641006 224.2579158470465 242.46672634526476 240.60931784639098 217.2772970302649 293.86139636247987 182.70544603311646 277.5102128576679 Oyster-Closed 0
85.02829705789918 213.43013991290965 103.4753036071088 213.84435094242346 102.09935309366847 275.1166269553995 83.65234675146348 274.7024213857752 Oyster-Closed 0
196.63809742001467 317.25854542006186 161.44475802620946 324.431259658565 146.35204866780623 250.38550003836457 181.5440780828576 243.21292476378494 Oyster-SemiOpen 0
210.5911560781169 289.9963381659767 234.14088028304832 290.71624673627565 232.98181981654488 328.6253187202149 209.43209593959546 327.90541760765444 Oyster-Open 0
412.0405034361647 397.0965045149733 354.6395941379633 392.3614643418742 362.60062910819033 295.8979427249729 419.99813611429636 300.63284096855693 Oyster-Closed 0
298.63041377945046 312.5223635904356 325.41952529284754 316.6849122861483 315.4122861558535 381.0758052979233 288.6231936964359 376.91333947814286 Oyster-Closed 0
191.2727834089019 376.31231014390823 161.92420855955788 390.55731689240116 115.16305946313878 294.23458594940104 144.5101269568222 279.9900058883234 Oyster-SemiOpen 0
318.0835027561552 382.5991513010973 286.82603555754395 424.9855774535823 212.08519228041405 369.88116947182823 243.3421509406253 327.49607018485835 Oyster-Closed 0
60.42667805365272 369.94714101421613 81.3780009266884 319.679950973876 103.74593666171859 329.0011132951909 82.79505919681833 379.2679241439563 Oyster-Closed 0
299.603897999983 416.00000000001563 299.60475849638897 369.80896437398155 332.8027093267847 369.80965487234425 332.8023799988732 416.0001595973359 Oyster-Closed 0
129.72263540366112 343.20417845299414 180.03238937871356 349.7889904160673 171.15476870826387 417.5996348126308 120.84504104129155 411.0149737495059 Oyster-SemiOpen 0
