262.3679610113577 48.390497801721395 345.81315734374584 88.29712627846611 302.4341662020197 179.00085626084234 218.98919319613196 139.09462022733152 Oyster-Closed 0
320.3092995994557 122.879400641991 361.1057206510377 118.88334000367081 369.1553913403659 201.06043434460895 328.3589773616077 205.05644829645462 Oyster-Closed 0
325.57871221507594 245.62670487714828 267.5607389095785 242.9067238721607 272.4011980016476 139.6882104879542 330.4170825050787 142.408141529806 Oyster-Closed 0
206.08383073399455 195.16061252508365 248.18803629950344 198.1359628387959 243.30633212797693 267.21088744277444 201.20213055282875 264.23557908864973 Oyster-Closed 0
315.5480651418402 238.5294312246076 355.76590508123263 213.42438007814923 397.5525146748987 280.3586976877808 357.3350241415428 305.46329817329774 Oyster-Closed 0
289.2147977319437 248.8322196556066 349.1108903831446 246.38306423629936 355.21224228083884 395.57246787850454 295.31615596307165 398.0215203172808 Oyster-Open 0
190.80691188501078 250.7708156284447 236.5420284545653 267.3285471304642 197.55738207519607 374.9922693929522 151.82252753217108 358.4350633307085 Oyster-Closed 0
270.4845358297098 409.82420685124146 238.59122083383772 411.05132022601003 233.51796683841167 279.1920859966735 265.4086829737971 277.96502330889115 Oyster-Closed 0
371.6515076131109 356.41825788615256 411.8152656425409 352.6834283572967 417.60814969213243 414.96347370007106 377.4444022727657 418.69822356189707 Oyster-Closed 0
161.91918066992366 415.99993583832145 161.92169532161643 352.95409720612076 235.53958973915724 352.957001461823 235.53865836463956 416.00124680234126 Oyster-Closed 0
274.94451251838836 415.99996339307546 274.9451824045791 385.0387645430537 318.5149733720864 385.039631772645 318.51477899785823 416.00035410035287 Oyster-Closed 0
330.05322000001615 55.986470000001354 371.9925898477377 25.737839858540735 406.2080751507201 73.17699954975498 364.2687935447648 103.42552710845098 Oyster-Closed 0
