176.00253618513307 154.49751387524196 96.81622978437008 165.8818825734774 73.41110534115433 3.0800163750806417 152.59578890921694 0 Oyster-Closed 0
140.84016205929947 148.3538910322281 162.2763753245672 144.2273166810351 175.8158940148969 214.5570410551864 154.37969447634896 218.6835681761373 Oyster-Open 0
163.05892670496178 200.3337031588333 200.81528084430101 216.6551761759322 168.81879137810392 290.6646599492924 131.06259978724847 274.3434707065159 Oyster-Open 0
319.1753279787299 18.782835898640062 344.5254080029845 17.32920488264611 349.5429040818053 104.82959829954513 324.1928251613863 106.28322252714338 Oyster-SemiOpen 0
173.91754269028752 148.86436523354004 123.84169069057316 145.65609699561656 129.3825695814994 59.179395064752846 179.4576079544495 62.38763672905548 Oyster-Closed 0
259.33091107906876 123.16122853299214 292.9013313847863 71.40392415166144 411.1786345943765 148.11789429343753 377.6092041723241 199.87432621059526 Oyster-Open 0
289.31670485379436 132.35813958539836 297.70558680627437 95.7256366260792 344.02168503636494 106.3318399962499 335.633016096901 142.96415553766923 Oyster-Open 0
313.78255272527167 258.03655859696187 358.05466904522837 277.7218710425351 323.5733188483173 355.25759460277425 279.30146890080505 335.57272757553955 Oyster-SemiOpen 0
226.4889257976356 184.1773624582263 306.7529627080221 125.29704651789173 377.8749556871153 222.24329860099047 297.6120342205977 281.1223262892072 Oyster-Closed 0
201.4288481485055 299.07818413755024 187.10622701021566 203.41854553755087 269.06597318470085 191.14885579463117 283.3900072523793 286.8066787729659 Oyster-Closed 0
395.98131790351545 104.42733211149957 378.9590963051087 100.8094769964837 383.71072692398957 78.45327726075706 400.73288740173666 82.07112561897627 Oyster-SemiOpen 0
300.7894693320268 13.954747422276466 313.3034350293601 12.050708452715478 324.9009498360974 88.27309255309025 312.3869854802033 90.17712506605213 Oyster-SemiOpen 0
377.2269111320966 243.33439441663418 353.5292669186492 247.89545572755287 342.00291309407476 188.01208958474624 365.70002117848344 183.4510813898984 Oyster-Open 0
375.1248099741497 208.6985892675673 411.29717040362084 211.72045385351603 406.0637269052604 274.3597797159812 369.89137133280747 271.3379555476539 Oyster-Closed 0
387.6537744017551 314.3051154761739 391.20383310328907 288.2584626072966 406.21377557343294 290.30396315859616 402.66383332489204 316.3505109361444 Oyster-Closed 0
300.3277004806587 398.719836538485 289.66181307752777 396.2136740669326 295.5426493754276 371.192696286976 306.2083588592359 373.69883700645454 Oyster-SemiOpen 0
249.76404399999228 415.99999999998965 249.76562261547224 363.99013153177685 300.88588105872986 363.99151097727804 300.88521399394085 416.00048338326127 Oyster-SemiOpen 0
135.0333549726929 354.2029552765445 110.29525484781334 358.8690411939443 99.10216194339591 299.53582969829046 123.8394253715851 294.86982474597886 Oyster-SemiOpen 0
23.642771852017177 323.4139989300678 0 311.7234799213794 33.48278757764274 225.52635022104704 60.6873174522334 237.2166118825665 Oyster-SemiOpen 0
25.347514015502384 202.3495459637658 12.71217817298384 193.6919876482142 42.9416822233361 149.57594154266255 55.57686994247706 158.23342942620638 Oyster-SemiOpen 0
64.60690144358887 79.7296279179363 87.00667389362206 86.1747894731106 70.87448999453409 142.24008965403078 48.47473232331686 135.7949647147041 Oyster-SemiOpen 0
44.32484092093 67.09537083045095 13.54198589052612 18.760987594970345 46.37592749639589 0 77.15877406127038 46.18433832518261 Oyster-Closed 0
1.2184680122081772 361.85799174622673 0 283.00074140931827 58.487164660382405 276.31147388327236 66.56297504601389 355.16722474384375 Oyster-Closed 0
55.18968203155964 307.2414402439539 60.78374765806075 300.4998094388117 72.30116895036917 310.05514589680547 66.70713266390158 316.79674927662484 Oyster-Open 0
29.080279291039915 356.43225487301794 67.62820443722376 362.0225870715792 59.86495077134168 415.5401278148928 21.317047583397652 409.94989822930694 Oyster-Closed 0
0 90.588161 43.11754 90.588161 43.11754 168.843533 0 168.843533 Oyster-Closed 0
180.2272470787466 298.6282198330284 237.61643304516838 280.6769785638768 273.6291825094995 395.78606749120706 216.24030860206403 413.7366444093331 Oyster-Closed 0
235.25921833565008 405.2704217837562 209.13760284022283 406.20181024423516 207.05106845283808 347.68379774553927 233.1716677907607 346.75242745920536 Oyster-Closed 0
308.67190934486644 374.79344795642794 279.35156440272476 369.8898441139194 284.9945776366876 336.157858729519 314.31431148062984 341.0614105756956 Oyster-Closed 0
196.47557819453868 110.51001112057499 195.5703663707318 126.04871656811058 178.88466997013893 125.076684913609 179.7899070683743 109.53800662759423 Oyster-Open 0
386.81661012049153 9.141022633492069 404.8753805782726 26.372800612830623 366.7280794546168 66.35074833465045 348.66934118792415 49.1190025875047 Oyster-Closed 0
360.8865321612502 100.12594982543717 358.7702690069418 82.88572243156466 380.82355653018385 80.17867804266686 382.93984568208907 97.41887568145007 Oyster-SemiOpen 0
