370.4786644960477 148.2103022286562 326.7669807751008 149.27932595121428 324.4359562721038 53.95051161906878 368.1469043181678 52.881496848023154 Oyster-SemiOpen 0
287.26989964441964 158.8412187423152 252.60804020218347 168.2937048683341 237.87488619584838 114.26884792296644 272.5362993702438 104.8164263322682 Oyster-Closed 0
229.74359497406476 116.07005252686864 228.94138594568722 174.4090661948309 182.79203833869542 173.77418985018778 183.59458451684623 115.4355166591786 Oyster-Closed 0
245.08115228223687 191.23171896362268 266.28514551653643 192.98579296933718 261.35163303370064 252.61932494515486 240.14764236040355 250.86527141234387 Oyster-Closed 0
402.945179320679 282.77832753103024 373.35244784685347 283.91590631850215 370.7117062135767 215.21531287493772 400.3035379882822 214.07775151204729 Oyster-Closed 0
284.4496280860985 291.5826854250082 262.1349949006035 286.2997211975658 279.2938391084208 213.83313498072184 301.60775379573533 219.11600984724996 Oyster-Closed 0
209.8301608063266 220.36434711040283 245.48275037865824 232.9988584322961 225.57533895351298 289.1681335461932 189.922832270433 276.5337901737226 Oyster-Closed 0
87.44368741006474 223.05161835265753 105.72764307950274 221.75810813463016 110.07341790481951 283.17974822266916 91.78946404011003 284.47324069623676 Oyster-Closed 0
207.54647775858757 315.42251636542613 173.22064720502385 325.73990189218586 151.2570533874641 252.67585389760328 185.58163790774051 242.35867014265716 Oyster-SemiOpen 0
218.6184656200494 285.93958996709375 241.97414233464588 284.47496592674236 244.34799803379065 322.3237468387462 220.99232273332382 323.7883559594984 Oyster-Open 0
416.0011253684097 370.47136300000005 369.89880585417995 370.47136299999994 369.9001178807048 274.21223499999996 415.9999270173648 274.21223499999996 Oyster-Closed 0
307.69160951767844 298.78603189822167 334.51988445918323 300.36953797962065 330.65359448302115 365.8612821460277 303.8253222386302 364.27780648108757 Oyster-Closed 0
207.8311381978565 375.0822210894418 179.79919427713685 391.9997943060779 124.4759711095794 300.34818058133976 152.50659126570827 283.4311185858 Oyster-SemiOpen 0
333.6052421845161 367.05536905503914 306.36705546964004 412.82803001908553 227.27214929520778 365.7702028170932 254.5102727920421 319.9989005013185 Oyster-Closed 0
77.86946223239647 382.82240537237965 93.66632622540055 330.0367453067823 116.62097430840004 336.9048985758603 100.82458279445927 389.6901532628425 Oyster-Closed 0
326.946012087752 353.62448799479324 359.89630738266715 359.87684704550543 348.05745707181995 422.25222373832344 315.1071989999982 416.0000000000001 Oyster-Closed 0
143.21438506260165 348.28535053148624 193.48109734465834 349.36749128866825 192.02394391374764 417.037189058738 141.75723196019317 415.95507304158764 Oyster-SemiOpen 0
