377.9976074359074 132.08952325331703 334.15883458314056 130.8628028878216 336.8177660018373 35.8556665756655 380.65592655949513 37.08237839571512 Oyster-SemiOpen 0
294.30676915775985 144.10839880152488 258.6407567691713 151.99280199181646 246.46526755982268 96.91604462651209 282.13086418029343 89.03168928594731 Oyster-Closed 0
236.8593935417084 100.10027202568472 236.3965228379784 158.5579447115257 190.11506349157935 158.1912198090207 190.5782377711257 99.73385176730932 Oyster-Closed 0
249.99103352886232 174.97653210909198 271.00818423958845 177.8197399564288 262.93780903681545 237.472201368164 241.9206646138373 234.62902452916993 Oyster-Closed 0
403.5077629265761 266.53709860250706 373.7830031905505 266.12192716137855 374.7400122661711 197.64403799020477 404.4639309132908 198.05920351188607 Oyster-Closed 0
284.0823582768462 275.87207686529246 262.30223907278196 269.5723037324852 283.1071131805147 197.65278220594033 304.886584538257 203.95245489329548 Oyster-Closed 0
213.19563666912654 204.32282259083604 247.66183634561094 218.338236915777 224.8968564973111 274.3154972692775 190.4307554762927 260.3002602994474 Oyster-Closed 0
90.12026928638443 207.86765788037835 108.55132845620392 207.52843118441638 109.67311160129611 268.47207264491783 91.24205253211767 268.8112950060931 Oyster-Closed 0
206.06463676527346 301.10163032539526 170.65777983747103 309.9204145965624 152.19296612955077 235.79252313061858 187.59858038679158 226.9739023967215 Oyster-SemiOpen 0
218.4191592456118 270.10983131961814 241.94196952896527 269.8662812878669 242.3301714642039 307.35466541818016 218.80736122067174 307.5982131218761 Oyster-Open 0
416.00113499717554 354.209425 368.17747501785925 354.20942500000007 368.1787558910146 257.494084 415.9999347686171 257.494084 Oyster-Closed 0
307.1353696072765 282.41302996916244 333.79544775438626 285.3872376777552 326.5586125485788 350.24551632150474 299.8985434002825 347.2713627003602 Oyster-Closed 0
203.19377108843037 360.1455661148951 173.74402461462523 376.46255220108253 122.886154514581 284.6873913542963 152.33454710677324 268.3708658258097 Oyster-SemiOpen 0
328.84138606142733 350.4558047081743 300.42771041990636 397.25611024427246 224.06798712183445 350.90477563110335 252.48156767459295 304.1057592683045 Oyster-Closed 0
73.61614927276969 368.5941026127893 89.60782613443007 314.8548308348944 112.15198716366649 321.5623015525438 96.16076325207177 375.30118437549817 Oyster-Closed 0
323.60860830802994 337.2600156461364 355.9251340831943 345.1284646551875 340.340099304718 409.1225572805094 308.0236329999934 401.25427799999795 Oyster-Closed 0
139.52318223470138 332.7946420887419 189.68040980074875 336.5074401045607 184.63405438543123 404.6643251335456 134.47683426526055 400.9516095932101 Oyster-SemiOpen 0
