19.84347497232011 177.97277979401738 73.47600620595404 173.58068890302317 79.68433347171958 249.3860750385227 26.051810194923746 253.7781031358345 Oyster-SemiOpen 0
263.9489252842941 261.4648708975827 284.1466789358492 266.1518383478356 265.8252880408545 345.0928011660871 245.62756818307753 340.4059351498059 Oyster-SemiOpen 0
185.5073598052768 182.63132742897474 212.5676074667099 178.1338521381837 221.50403619844292 231.89843635004792 194.4437994367945 236.39586672430684 Oyster-Closed 0
238.81336186502813 250.10783377192564 221.54765062184742 253.1657645954586 215.0585591504787 216.52985728744497 232.32401455220315 213.47194954356183 Oyster-Open 0
176.06249634609048 129.29593201890987 190.06972394709373 127.11306187073546 195.7460405384918 163.53606121080227 181.73881539964714 165.7189210324717 Oyster-SemiOpen 0
144.16923960464192 8.817815719193844 143.57136401510797 60.18333848728076 84.75542386806774 59.49864805387315 85.35339025294525 8.133220929131813 Oyster-Open 0
0 89.260027 4.134565 89.260027 4.134565 110.689982 0 110.689982 Oyster-SemiOpen 0
0 80.122815 37.024674 80.122815 37.024674 276.808592 0 276.808592 Oyster-Closed 0
59.12148752971552 175.29567036680282 95.94708227900264 169.5814560750097 108.54548040622467 250.76676339763418 71.71990560093764 256.4808898416875 Oyster-SemiOpen 0
53.75591777580121 374.3965693458851 62.605169351205404 379.6309013534411 48.036897564448736 404.2537129657765 39.18768419632033 399.0194322536042 Oyster-SemiOpen 0
1.5827984803036088 355.88847164463203 0 304.279951303913 44.09308047774903 292.1790746901382 55.64701889502612 343.7867896428064 Oyster-Open 0
42.943669001677335 275.3871038882821 65.70006649737843 264.66393010881745 98.72464097437842 334.73696627093227 75.96838440153806 345.45991694143817 Oyster-SemiOpen 0
83.95072309499665 319.408550281433 115.83236584127735 323.89478871916396 107.01330957025493 386.5544772864968 75.13168583633524 382.0683272168864 Oyster-SemiOpen 0
276.64959078333413 89.16972391941508 301.50926535902545 85.95022696340347 311.1246147192978 160.19431501369678 286.2649448862685 163.41378500730028 Oyster-Open 0
373.3649270665701 203.40778220113845 382.2764739410777 222.84963360029107 347.00634927266583 239.01477156673434 338.09497485018437 219.5730666383832 Oyster-Closed 0
335.1999748528324 223.02713780417773 303.49750135305294 208.66822028724548 333.0441502823269 143.43833829654193 364.74599821302036 157.7970918737717 Oyster-SemiOpen 0
337.6723496367231 94.7786532073408 357.6906766213251 102.25414510005534 341.8428828783908 144.69128935048724 321.8245739292979 137.2158330593409 Oyster-SemiOpen 0
377.5235902560016 298.7885803572183 364.50619157607434 292.770909840597 376.3235048794486 267.2116396013235 389.3407479960333 273.2292682124101 Oyster-Closed 0
281.67068287818984 251.82654660763433 301.90191191327904 254.10347653963012 297.0808402861512 296.9347024221256 276.84961530214787 294.6577961846688 Oyster-Closed 0
229.7810769564203 275.87111019682504 250.6222999042875 260.98447709645245 273.11371806359966 292.46813089177533 252.2726177044242 307.3546195369471 Oyster-SemiOpen 0
153.96344819230217 38.05875958073922 170.96032538312284 22.72872789605809 219.20090228086337 76.21430307215512 202.20407855848316 91.54427942671323 Oyster-Closed 0
147.1556715267543 46.02420872059349 181.19215548229477 36.81792028546464 197.95253583299564 98.7821073583573 163.91606741263968 107.98835664247564 Oyster-Closed 0
130.64052868077852 122.9445281516031 111.23256254493026 117.62086431359606 125.14974763801365 66.88557324948107 144.55755236009645 72.20921366139048 Oyster-Closed 0
142.54967972411396 9.016511475431045 150.62230564251877 8.551458432670422 152.55684276399188 42.1321017615677 144.4842168792129 42.59715445470751 Oyster-SemiOpen 0
275.5908714773468 152.2916895513692 241.92395387989018 146.5679823434229 251.35237089062502 91.11276628166532 285.0188993707816 96.83644009928148 Oyster-Open 0
213.93352514656726 398.5441251264665 192.95455137635145 396.51567106996583 198.34801090994006 340.7527163639955 219.32623030003742 342.7811338518355 Oyster-Closed 0
167.21970980324477 137.21332015260828 191.08650124265841 136.0153993200658 195.52048015437322 224.3512854255444 171.65369011135408 225.54918935317355 Oyster-Closed 0
156.6358011629054 158.89947412947848 145.8558166086441 157.98056082386185 149.53886128510203 114.77625235271489 160.31873477118643 115.6951609226305 Oyster-Closed 0
195.9885369993499 23.696324406053918 238.57322544671842 18.915551698006094 246.124161449432 86.17519211388498 203.5394763999284 90.95594913052588 Oyster-Closed 0
186.4329678273607 9.309856121978564 186.1953828432488 29.7199785324909 164.4119568623937 29.466400203320372 164.64954923766345 9.05628550726921 Oyster-SemiOpen 0
212.0083229999982 415.9999999999912 212.00837035950826 409.389277306025 225.1887926950476 409.3893592168946 225.18877699986842 416.00005021700264 Oyster-SemiOpen 0
408.8634204873342 188.58838800000004 378.66916813852004 188.58838800000004 378.66934141615275 148.55657800000006 408.8632353853245 148.55657800000006 Oyster-Closed 0
105.39181277874013 170.7259710428919 81.25894631271149 175.1532193125193 71.11278879044403 119.84796655162519 95.24531317074798 115.4207506663228 Oyster-Closed 0
86.63468542021292 110.58317348872592 55.58843170830005 105.45474601668494 69.67134258630904 20.20230173718113 100.71726193508948 25.33069929773418 Oyster-Closed 0
36.196288871931756 242.77295678471256 60.709426804245595 263.45216642050883 34.16295479857581 294.91620153751535 9.650005954328662 274.23719471373164 Oyster-Closed 0
47.54665533210937 291.5460669327987 83.69352830353091 301.3872466695143 63.93165367364418 373.95918659315686 27.784865444064053 364.1182249134341 Oyster-Closed 0
200.84631287195225 362.6586135877406 167.09160556525967 371.4387111193638 150.0249538164644 305.83773151557796 183.77837174990054 297.05781100842444 Oyster-Closed 0
311.15869216977444 268.67206163412254 324.157160121209 270.6678736964851 318.5136082011777 307.4184073510015 305.5151444980911 305.4226140181738 Oyster-SemiOpen 0
